Nodes: 126
Arcs: 2448
Terminals_rem: 0
Nodes_rem: 31
Arcs_rem: 1318
First LB: 9
LB: 9
Iter. LB: 0
First UB: 45
UB: 32
Iter. UB: 137
gap: 71.875
BM. Time: 0
Runtime: 1158
FL 0 18 98
FL 0 1 66
FL 0 73 2107
FL 0 35 64
FL 0 58 12
FL 0 92 34
FL 0 90 2639
FL 0 123 22
FL 0 28 49
FL 0 20 56
FL 0 31 26
FL 0 46 1
FL 0 78 49
FL 0 22 17
FL 0 54 55
FL 0 84 8
FL 0 93 44
FL 0 99 2316
FL 0 76 16
FL 0 101 48
FL 0 122 8
FL 0 51 63
FL 0 26 41
FL 0 119 39
FL 0 8 2597
FL 0 43 64
FL 0 79 2019
FL 0 10 2149
FL 0 94 2102
FL 0 47 39
FL 0 2 3408
FL 0 37 41
FL 0 56 0
FL 0 59 0
FL 0 5 88
FL 0 21 45
FL 0 40 9
FL 0 39 0
FL 0 74 9
FL 0 124 7
FL 0 49 54
FL 0 70 5
FL 0 89 2521
FL 0 27 26
FL 0 95 82
FL 0 83 14
FL 0 6 50
FL 0 11 40
FL 0 44 71
FL 0 38 76
FL 0 61 71
FL 0 80 164
FL 0 60 93
FL 0 111 0
FL 0 55 13
FL 0 3 271
FL 0 4 66
FL 0 7 2000
FL 0 9 245
FL 0 12 170
FL 0 13 271
FL 0 14 191
FL 0 15 352
FL 0 16 224
FL 0 19 2000
FL 0 23 131
FL 0 24 161
FL 0 25 2000
FL 0 29 2000
FL 0 30 2000
FL 0 32 2000
FL 0 33 175
FL 0 34 2000
FL 0 36 226
FL 0 41 2000
FL 0 42 2000
FL 0 45 2000
FL 0 48 617
FL 0 50 2000
FL 0 52 2000
FL 0 53 202
FL 0 57 2472
FL 0 62 200
FL 0 63 323
FL 0 64 2000
FL 0 65 2000
FL 0 66 1275
FL 0 67 332
FL 0 68 2000
FL 0 69 2000
FL 0 71 2000
FL 0 72 216
FL 0 75 2000
FL 0 77 2000
FL 0 81 812
FL 0 82 686
FL 0 85 2000
FL 0 86 2000
FL 0 87 209
FL 0 88 331
FL 0 91 112
FL 0 96 491
FL 0 97 153
FL 0 98 2000
FL 0 100 113
FL 0 102 632
FL 0 103 575
FL 0 104 2000
FL 0 105 2000
FL 0 106 252
FL 0 107 2000
FL 0 108 1156
FL 0 109 2000
FL 0 110 2000
FL 0 112 136
FL 0 113 2000
FL 0 114 2000
FL 0 115 558
FL 0 116 2260
FL 0 117 802
FL 0 118 98
FL 0 120 116
FL 0 121 2000
FL 0 125 2000
FL 1 5 15
FL 1 12 230
FL 1 13 166
FL 1 18 27
FL 1 20 17
FL 1 35 14
FL 1 38 16
FL 1 51 10
FL 1 57 27
FL 1 60 27
FL 1 61 12
FL 1 62 225
FL 1 67 74
FL 1 81 91
FL 1 82 152
FL 1 101 7
FL 1 106 111
FL 1 108 145
FL 1 115 33
FL 1 119 7
FL 2 9 169
FL 2 20 16
FL 2 24 199
FL 2 26 17
FL 2 43 19
FL 2 48 260
FL 2 54 11
FL 2 72 149
FL 2 78 15
FL 2 80 20
FL 2 88 485
FL 2 96 36
FL 2 99 0
FL 2 120 13
FL 3 66 161
FL 4 17 0
FL 4 23 215
FL 4 33 137
FL 4 59 2
FL 4 70 5
FL 4 82 935
FL 4 83 15
FL 4 84 7
FL 4 111 0
FL 4 119 6192
FL 5 1 10
FL 5 13 127
FL 5 14 196
FL 5 18 22
FL 5 20 10
FL 5 24 211
FL 5 35 12
FL 5 38 14
FL 5 43 11
FL 5 44 12
FL 5 51 7
FL 5 57 32
FL 5 60 14
FL 5 61 10
FL 5 63 127
FL 5 67 165
FL 5 72 124
FL 5 73 0
FL 5 80 19
FL 5 81 114
FL 5 82 139
FL 5 96 29
FL 5 108 203
FL 5 115 29
FL 6 8 0
FL 6 9 241
FL 6 10 0
FL 6 11 7
FL 6 15 51
FL 6 24 130
FL 6 43 2796
FL 6 44 16
FL 6 53 171
FL 6 54 7
FL 6 79 0
FL 6 89 0
FL 6 90 0
FL 6 94 0
FL 6 120 3
FL 8 6 8
FL 8 10 0
FL 8 11 9
FL 8 15 77
FL 8 44 10
FL 8 53 155
FL 8 63 70
FL 8 73 0
FL 8 84 6
FL 8 89 0
FL 8 90 0
FL 8 94 0
FL 8 100 79
FL 8 112 181
FL 8 122 5
FL 8 124 3
FL 9 6 22
FL 9 43 26
FL 10 6 10
FL 10 8 0
FL 10 15 67
FL 10 31 8
FL 10 73 0
FL 10 79 0
FL 10 84 7
FL 10 89 0
FL 10 90 0
FL 10 91 59
FL 10 94 0
FL 11 6 4
FL 11 8 3
FL 11 9 261
FL 11 15 87
FL 11 24 142
FL 11 43 2303
FL 11 44 19
FL 11 53 294
FL 11 54 6
FL 11 79 0
FL 11 89 1
FL 11 94 32
FL 11 120 3
FL 12 48 102
FL 13 18 29
FL 13 61 17
FL 13 80 48
FL 14 5 18
FL 15 63 83
FL 15 72 132
FL 15 80 24
FL 15 96 45
FL 16 33 89
FL 16 57 50
FL 17 4 8299
FL 17 23 1049
FL 17 39 2816
FL 17 40 2636
FL 17 46 8860
FL 17 55 4972
FL 17 56 19980
FL 17 58 1612
FL 17 59 23295
FL 17 70 1469
FL 17 76 29
FL 17 83 6442
FL 17 84 1671
FL 17 91 1997
FL 17 97 219
FL 17 100 110
FL 17 111 52978
FL 17 112 764
FL 17 118 1386
FL 17 122 2292
FL 17 124 1777
FL 17 0 103347
FL 18 1 985
FL 18 5 7
FL 18 12 194
FL 18 13 102
FL 18 14 127
FL 18 20 7
FL 18 26 6
FL 18 35 8
FL 18 38 585
FL 18 43 9
FL 18 48 146
FL 18 51 2
FL 18 57 935
FL 18 60 6
FL 18 61 5
FL 18 62 139
FL 18 67 221
FL 18 78 6
FL 18 80 13058
FL 18 81 178
FL 18 96 16
FL 18 101 1298
FL 18 106 198
FL 18 108 146
FL 18 115 18
FL 18 119 2
FL 20 1 14
FL 20 2 0
FL 20 5 11
FL 20 12 181
FL 20 14 123
FL 20 18 21
FL 20 26 7
FL 20 35 11
FL 20 38 208
FL 20 48 251
FL 20 51 5
FL 20 60 10
FL 20 61 8
FL 20 67 148
FL 20 72 250
FL 20 78 9
FL 20 80 17
FL 20 81 94
FL 20 82 89
FL 20 96 37
FL 20 115 28
FL 20 123 6
FL 21 16 159
FL 21 23 100
FL 21 33 228
FL 21 36 184
FL 21 46 0
FL 21 49 10
FL 21 55 8
FL 21 62 151
FL 21 87 174
FL 21 95 16
FL 21 101 11
FL 21 103 96
FL 21 106 101
FL 21 117 332
FL 21 118 128
FL 21 119 28
FL 22 27 3
FL 22 28 4
FL 22 37 4
FL 22 47 9
FL 22 66 74
FL 22 87 124
FL 22 93 6
FL 23 4 178
FL 23 21 1385
FL 23 39 0
FL 23 40 6
FL 23 55 16
FL 23 56 0
FL 23 58 13
FL 23 59 0
FL 23 70 4
FL 23 83 10
FL 23 84 5
FL 23 91 63
FL 23 100 95
FL 23 111 0
FL 23 112 102
FL 23 118 81
FL 23 124 6
FL 26 2 0
FL 26 12 231
FL 26 14 159
FL 26 18 18
FL 26 20 6
FL 26 48 150
FL 26 60 7
FL 26 72 88
FL 26 78 7
FL 26 81 112
FL 26 88 340
FL 26 96 21
FL 26 123 5
FL 27 22 5
FL 27 37 8
FL 27 47 19
FL 27 116 21
FL 28 22 4
FL 28 33 112
FL 28 55 8
FL 28 56 0
FL 28 74 2692
FL 28 87 162
FL 28 93 7
FL 28 95 12
FL 28 97 257
FL 28 102 785
FL 31 3 134
FL 31 10 0
FL 31 15 134
FL 31 40 3
FL 31 58 4
FL 31 59 0
FL 31 63 111
FL 31 66 129
FL 31 90 0
FL 31 92 14
FL 31 94 0
FL 31 112 148
FL 33 16 165
FL 33 37 15
FL 35 1 11
FL 35 5 13
FL 35 9 239
FL 35 14 121
FL 35 15 108
FL 35 18 26
FL 35 20 17
FL 35 24 198
FL 35 51 7
FL 35 54 9
FL 35 57 30
FL 35 60 22
FL 35 61 11
FL 35 67 142
FL 35 72 200
FL 35 80 23
FL 35 81 108
FL 35 82 154
FL 35 99 0
FL 35 115 39
FL 35 120 16
FL 36 57 43
FL 36 103 78
FL 37 22 2000
FL 37 27 2
FL 37 33 158
FL 37 40 4
FL 37 47 79
FL 37 58 7
FL 37 59 0
FL 37 66 109
FL 37 70 3
FL 37 76 9
FL 37 92 6
FL 37 93 8
FL 37 116 147
FL 37 118 71
FL 37 124 4
FL 38 1 1578
FL 38 5 13
FL 38 9 154
FL 38 14 221
FL 38 15 50
FL 38 18 23
FL 38 20 1394
FL 38 24 127
FL 38 51 8
FL 38 54 11
FL 38 57 40
FL 38 60 15
FL 38 61 1086
FL 38 67 80
FL 38 72 193
FL 38 80 17
FL 38 81 109
FL 38 82 124
FL 38 99 0
FL 38 115 33
FL 38 120 12
FL 39 4 99
FL 39 17 0
FL 39 23 99
FL 39 40 2
FL 39 44 19
FL 39 55 7
FL 39 56 0
FL 39 58 4
FL 39 59 0
FL 39 63 222
FL 39 70 1
FL 39 76 4
FL 39 83 7
FL 39 84 1
FL 39 91 53
FL 39 100 196
FL 39 111 0
FL 39 118 101
FL 39 122 1
FL 39 124 0
FL 40 3 189
FL 40 4 77
FL 40 17 0
FL 40 23 75
FL 40 31 2
FL 40 37 16
FL 40 39 0
FL 40 47 2
FL 40 56 0
FL 40 58 2
FL 40 59 0
FL 40 63 95
FL 40 66 84
FL 40 70 1
FL 40 76 2
FL 40 83 627
FL 40 84 0
FL 40 91 36
FL 40 92 283
FL 40 100 169
FL 40 111 0
FL 40 116 199
FL 40 118 52
FL 40 122 1
FL 40 124 0
FL 43 2 0
FL 43 5 13
FL 43 6 1021
FL 43 9 263
FL 43 11 1125
FL 43 15 58
FL 43 18 15
FL 43 24 127
FL 43 44 9
FL 43 54 3
FL 43 67 229
FL 43 72 114
FL 43 80 12
FL 43 82 136
FL 43 106 133
FL 43 111 0
FL 43 115 21
FL 43 120 3
FL 44 4 93
FL 44 5 17
FL 44 6 11
FL 44 8 0
FL 44 11 12
FL 44 15 79
FL 44 24 135
FL 44 39 0
FL 44 43 19
FL 44 53 157
FL 44 54 9
FL 44 63 122
FL 44 73 0
FL 44 83 5
FL 44 84 2
FL 44 89 0
FL 44 91 62
FL 44 100 119
FL 44 111 0
FL 44 112 187
FL 44 120 10
FL 44 122 3
FL 46 16 265
FL 46 17 0
FL 46 21 9
FL 46 33 124
FL 46 36 226
FL 46 49 3
FL 46 55 3
FL 46 62 211
FL 46 95 2
FL 46 97 340
FL 46 101 1176
FL 46 103 4198
FL 46 106 248
FL 46 111 0
FL 46 118 53
FL 46 119 3
FL 47 22 4
FL 47 27 1002
FL 47 33 164
FL 47 37 37
FL 47 40 275
FL 47 58 343
FL 47 59 0
FL 47 66 82
FL 47 70 4
FL 47 76 909
FL 47 92 596
FL 47 93 1421
FL 47 116 32
FL 48 2 0
FL 48 12 227
FL 48 18 26
FL 48 26 22
FL 48 60 25
FL 48 78 24
FL 48 80 29
FL 48 123 14
FL 49 16 203
FL 49 21 12
FL 49 36 191
FL 49 46 0
FL 49 55 1131
FL 49 57 32
FL 49 62 113
FL 49 87 169
FL 49 95 14
FL 49 101 8
FL 49 103 110
FL 49 106 230
FL 49 117 316
FL 49 119 11
FL 51 1 11
FL 51 4 69
FL 51 5 14
FL 51 12 265
FL 51 13 143
FL 51 18 20
FL 51 20 14
FL 51 35 14
FL 51 38 15
FL 51 57 20
FL 51 60 15
FL 51 61 13
FL 51 67 110
FL 51 80 20
FL 51 81 105
FL 51 82 102
FL 51 83 8
FL 51 96 40
FL 51 108 88
FL 51 111 0
FL 51 115 38
FL 51 119 233
FL 51 122 6
FL 54 2 0
FL 54 6 8
FL 54 9 153
FL 54 11 8
FL 54 15 90
FL 54 24 147
FL 54 35 13
FL 54 38 12
FL 54 43 11
FL 54 44 8
FL 54 53 145
FL 54 72 172
FL 54 89 3
FL 54 96 29
FL 54 99 0
FL 54 120 10
FL 55 16 365
FL 55 17 0
FL 55 21 21
FL 55 23 167
FL 55 28 11
FL 55 33 175
FL 55 36 253
FL 55 39 0
FL 55 46 0
FL 55 49 2065
FL 55 62 187
FL 55 76 11
FL 55 87 69
FL 55 91 22
FL 55 93 16
FL 55 95 31
FL 55 97 288
FL 55 100 63
FL 55 106 164
FL 55 118 136
FL 55 119 146
FL 55 122 8
FL 55 124 7
FL 56 4 35
FL 56 13 190
FL 56 17 0
FL 56 23 93
FL 56 28 5953
FL 56 36 183
FL 56 39 0
FL 56 40 350
FL 56 58 304
FL 56 59 1
FL 56 63 108
FL 56 70 1027
FL 56 76 852
FL 56 83 436
FL 56 84 6
FL 56 87 3251
FL 56 91 58
FL 56 93 1184
FL 56 95 2878
FL 56 100 169
FL 56 111 1
FL 56 118 127
FL 56 122 776
FL 56 124 3
FL 57 1 348
FL 57 5 24
FL 57 16 263
FL 57 18 30
FL 57 36 202
FL 57 38 2488
FL 57 49 10
FL 57 61 17
FL 57 67 137
FL 57 81 129
FL 57 101 367
FL 57 108 177
FL 57 117 278
FL 58 3 275
FL 58 4 27
FL 58 17 0
FL 58 23 81
FL 58 31 6
FL 58 37 7
FL 58 39 0
FL 58 40 3
FL 58 47 233
FL 58 56 0
FL 58 59 0
FL 58 63 58
FL 58 70 1
FL 58 76 5
FL 58 83 6
FL 58 84 4
FL 58 91 28
FL 58 92 5
FL 58 100 105
FL 58 111 0
FL 58 112 169
FL 58 116 67
FL 58 118 122
FL 58 122 3
FL 58 124 3
FL 59 3 270
FL 59 4 198
FL 59 17 0
FL 59 23 1288
FL 59 31 2590
FL 59 37 3807
FL 59 39 0
FL 59 40 170
FL 59 47 4637
FL 59 56 3
FL 59 58 185
FL 59 66 128
FL 59 70 0
FL 59 76 319
FL 59 84 1004
FL 59 91 502
FL 59 92 996
FL 59 100 115
FL 59 116 2924
FL 59 118 807
FL 59 122 419
FL 59 124 936
FL 60 1 8
FL 60 5 8
FL 60 12 151
FL 60 14 168
FL 60 18 18
FL 60 20 8
FL 60 26 4
FL 60 35 8
FL 60 38 80
FL 60 48 238
FL 60 51 5
FL 60 61 7
FL 60 67 99
FL 60 72 97
FL 60 78 2873
FL 60 80 16
FL 60 81 89
FL 60 96 28
FL 60 115 24
FL 60 123 2807
FL 61 1 14
FL 61 5 11
FL 61 12 218
FL 61 13 164
FL 61 18 25
FL 61 20 14
FL 61 35 11
FL 61 38 369
FL 61 51 8
FL 61 57 31
FL 61 60 17
FL 61 62 206
FL 61 67 118
FL 61 81 102
FL 61 82 116
FL 61 108 156
FL 61 115 27
FL 62 1 20
FL 62 61 18
FL 63 15 154
FL 63 76 9
FL 66 3 286
FL 66 22 191
FL 66 31 8
FL 66 33 165
FL 66 37 11
FL 66 40 7
FL 66 47 17
FL 66 70 4
FL 66 76 11
FL 66 92 14
FL 66 93 13
FL 66 116 296
FL 66 118 86
FL 66 124 181
FL 67 38 20
FL 67 57 60
FL 67 96 40
FL 70 4 58
FL 70 17 0
FL 70 23 77
FL 70 37 4
FL 70 39 0
FL 70 40 1
FL 70 47 2
FL 70 56 0
FL 70 58 1
FL 70 59 0
FL 70 66 120
FL 70 76 2
FL 70 84 1
FL 70 91 41
FL 70 92 3
FL 70 100 114
FL 70 118 106
FL 70 122 0
FL 70 124 0
FL 72 5 23
FL 72 15 91
FL 72 99 0
FL 73 5 16
FL 73 8 0
FL 73 10 0
FL 73 15 69
FL 73 44 22
FL 73 79 0
FL 73 89 0
FL 73 90 0
FL 73 94 0
FL 74 28 4
FL 74 33 107
FL 74 102 590
FL 76 4 14
FL 76 17 0
FL 76 23 68
FL 76 37 5
FL 76 39 0
FL 76 40 4
FL 76 47 4
FL 76 53 254
FL 76 55 5
FL 76 56 0
FL 76 58 4
FL 76 59 0
FL 76 63 49
FL 76 66 66
FL 76 70 2
FL 76 84 4
FL 76 91 47
FL 76 92 3
FL 76 100 63
FL 76 118 127
FL 76 122 6
FL 76 124 4
FL 78 2 0
FL 78 12 103
FL 78 14 144
FL 78 18 16
FL 78 20 3
FL 78 26 4
FL 78 48 186
FL 78 60 4
FL 78 72 70
FL 78 80 18
FL 78 81 113
FL 78 88 304
FL 78 96 27
FL 78 123 5
FL 79 6 9
FL 79 10 0
FL 79 11 10
FL 79 73 0
FL 80 2 1
FL 80 5 10
FL 80 13 133
FL 80 14 120
FL 80 15 121
FL 80 18 13
FL 80 20 7
FL 80 24 164
FL 80 35 6
FL 80 38 6
FL 80 43 16
FL 80 48 205
FL 80 51 4
FL 80 60 9
FL 80 67 152
FL 80 72 163
FL 80 78 11
FL 80 81 163
FL 80 82 85
FL 80 96 28
FL 80 115 19
FL 80 120 10204
FL 81 1 264
FL 81 14 100
FL 81 35 454
FL 81 38 312
FL 81 57 873
FL 81 80 128
FL 81 96 37
FL 81 108 612
FL 81 115 41
FL 82 4 54
FL 82 5 974
FL 82 13 162
FL 82 20 891
FL 82 35 886
FL 82 61 809
FL 82 83 80
FL 82 111 3
FL 82 119 354
FL 83 4 34
FL 83 15 60
FL 83 17 0
FL 83 23 87
FL 83 39 0
FL 83 40 193
FL 83 44 1371
FL 83 51 8
FL 83 53 237
FL 83 56 1
FL 83 58 151
FL 83 63 158
FL 83 82 2790
FL 83 84 1
FL 83 91 62
FL 83 100 167
FL 83 111 0
FL 83 112 232
FL 83 118 111
FL 83 122 0
FL 84 4 43
FL 84 8 0
FL 84 10 0
FL 84 15 111
FL 84 17 0
FL 84 23 81
FL 84 39 0
FL 84 40 2
FL 84 44 8
FL 84 56 0
FL 84 58 1
FL 84 59 0
FL 84 63 103
FL 84 70 0
FL 84 76 3
FL 84 83 5
FL 84 91 55
FL 84 100 68
FL 84 112 129
FL 84 118 122
FL 84 122 0
FL 84 124 0
FL 87 49 2358
FL 88 96 48
FL 89 6 15
FL 89 8 1
FL 89 9 201
FL 89 10 2
FL 89 11 13
FL 89 15 134
FL 89 24 125
FL 89 44 20
FL 89 54 14
FL 89 73 0
FL 90 3 250
FL 90 6 13
FL 90 8 0
FL 90 10 0
FL 90 15 81
FL 90 31 6
FL 90 63 189
FL 90 73 0
FL 90 94 0
FL 90 112 115
FL 91 44 1441
FL 92 3 249
FL 92 31 7
FL 92 33 116
FL 92 37 41
FL 92 40 3
FL 92 47 307
FL 92 58 6
FL 92 59 0
FL 92 66 92
FL 92 70 3
FL 92 76 8
FL 92 93 8
FL 92 116 171
FL 92 118 104
FL 92 124 4
FL 93 13 176
FL 93 22 3
FL 93 28 5
FL 93 33 175
FL 93 37 8
FL 93 47 6
FL 93 55 8
FL 93 56 0
FL 93 66 180
FL 93 87 76
FL 93 92 5
FL 93 95 12
FL 93 97 218
FL 93 118 64
FL 94 6 13
FL 94 8 2
FL 94 10 0
FL 94 11 11
FL 94 15 69
FL 94 31 24
FL 94 73 0
FL 94 90 15
FL 95 13 187
FL 95 16 209
FL 95 21 12
FL 95 28 6
FL 95 33 128
FL 95 36 165
FL 95 46 0
FL 95 49 11
FL 95 55 11
FL 95 56 0
FL 95 62 219
FL 95 87 124
FL 95 93 8
FL 95 97 239
FL 95 106 83
FL 95 118 79
FL 95 119 10
FL 96 5 802
FL 96 14 112
FL 96 15 124
FL 96 18 19858
FL 96 20 1062
FL 96 24 134
FL 96 26 3039
FL 96 51 1268
FL 96 54 2677
FL 96 60 8442
FL 96 67 113
FL 96 81 1848
FL 96 88 346
FL 96 115 6
FL 99 2 0
FL 99 9 122
FL 99 35 15
FL 99 38 16
FL 99 54 7
FL 99 72 146
FL 99 120 10
FL 101 1 11
FL 101 16 106
FL 101 18 18
FL 101 21 12
FL 101 36 186
FL 101 46 0
FL 101 49 7
FL 101 57 24
FL 101 62 208
FL 101 103 63
FL 101 106 107
FL 101 117 206
FL 101 119 4
FL 102 28 7
FL 103 21 2195
FL 103 36 150
FL 103 46 0
FL 103 106 240
FL 103 117 400
FL 103 119 645
FL 106 1 32
FL 108 57 164
FL 108 61 473
FL 108 81 274
FL 108 119 242
FL 111 4 56
FL 111 17 0
FL 111 23 89
FL 111 39 0
FL 111 40 232
FL 111 43 8
FL 111 44 8
FL 111 46 0
FL 111 51 5
FL 111 56 1
FL 111 58 231
FL 111 63 80
FL 111 82 340
FL 111 83 4
FL 111 91 63
FL 111 115 49863
FL 111 122 2
FL 112 58 313
FL 115 5 1560
FL 115 13 181
FL 115 35 1978
FL 115 38 3071
FL 115 60 22
FL 115 61 1050
FL 115 81 266
FL 115 96 40879
FL 115 111 0
FL 115 119 398
FL 116 3 237
FL 116 27 1020
FL 116 37 145
FL 116 40 8
FL 116 47 1515
FL 116 58 9
FL 116 59 0
FL 116 66 181
FL 116 92 1002
FL 117 57 172
FL 117 101 13
FL 117 103 149
FL 118 21 10
FL 118 23 95
FL 118 33 127
FL 118 37 453
FL 118 46 0
FL 118 56 0
FL 118 59 0
FL 118 66 542
FL 118 84 1
FL 118 91 70
FL 118 92 154
FL 118 93 221
FL 118 95 414
FL 119 1 34
FL 119 4 43
FL 119 13 92
FL 119 16 180
FL 119 18 101
FL 119 21 25
FL 119 36 155
FL 119 46 0
FL 119 49 22
FL 119 51 1959
FL 119 55 16
FL 119 57 1465
FL 119 62 179
FL 119 82 365
FL 119 95 30
FL 119 101 24
FL 119 103 361
FL 119 106 165
FL 119 108 470
FL 119 115 628
FL 120 6 4238
FL 120 11 3920
FL 120 14 98
FL 120 15 117
FL 120 80 27
FL 122 4 26
FL 122 8 0
FL 122 17 0
FL 122 23 69
FL 122 39 0
FL 122 40 2
FL 122 44 8
FL 122 51 4
FL 122 53 165
FL 122 55 3
FL 122 56 0
FL 122 58 3
FL 122 59 0
FL 122 63 121
FL 122 70 0
FL 122 76 535
FL 122 83 4
FL 122 84 1
FL 122 91 48
FL 122 97 286
FL 122 100 131
FL 122 111 0
FL 122 118 126
FL 122 124 0
FL 123 12 132
FL 123 14 138
FL 123 20 6
FL 123 26 4
FL 123 48 212
FL 123 60 8
FL 123 78 3
FL 123 81 114
FL 123 88 242
FL 124 4 39
FL 124 8 0
FL 124 17 0
FL 124 23 100
FL 124 37 5
FL 124 39 0
FL 124 40 2
FL 124 53 220
FL 124 55 4
FL 124 56 0
FL 124 58 3
FL 124 59 0
FL 124 63 144
FL 124 66 67
FL 124 70 1
FL 124 76 5
FL 124 84 2
FL 124 91 63
FL 124 92 4
FL 124 100 124
FL 124 112 150
FL 124 122 2
FU 0 18 14
FU 0 1 16
FU 0 73 2000
FU 0 35 20
FU 0 58 7
FU 0 92 13
FU 0 90 1998
FU 0 123 4
FU 0 28 6
FU 0 20 11
FU 0 31 6
FU 0 46 1
FU 0 78 9
FU 0 22 8
FU 0 54 7
FU 0 84 1
FU 0 93 11
FU 0 99 2000
FU 0 76 4
FU 0 101 6
FU 0 122 3
FU 0 51 7
FU 0 26 6
FU 0 119 3
FU 0 8 2000
FU 0 43 8
FU 0 79 2000
FU 0 10 2000
FU 0 94 1996
FU 0 47 8
FU 0 2 2000
FU 0 37 9
FU 0 56 1
FU 0 59 1
FU 0 5 18
FU 0 21 10
FU 0 40 1
FU 0 39 1
FU 0 74 1
FU 0 124 2
FU 0 49 13
FU 0 70 1
FU 0 89 2000
FU 0 27 9
FU 0 95 17
FU 0 83 1
FU 0 6 22
FU 0 11 10
FU 0 44 14
FU 0 38 21
FU 0 61 16
FU 0 80 33
FU 0 60 6
FU 0 111 1
FU 0 55 3
FU 0 3 188
FU 0 4 66
FU 0 7 2000
FU 0 9 217
FU 0 12 146
FU 0 13 196
FU 0 14 177
FU 0 15 229
FU 0 16 183
FU 0 19 2000
FU 0 23 38
FU 0 24 157
FU 0 25 2000
FU 0 29 2000
FU 0 30 2000
FU 0 32 2000
FU 0 33 155
FU 0 34 2000
FU 0 36 176
FU 0 41 2000
FU 0 42 2000
FU 0 45 2000
FU 0 48 373
FU 0 50 2000
FU 0 52 2000
FU 0 53 202
FU 0 57 470
FU 0 62 175
FU 0 63 228
FU 0 64 2000
FU 0 65 2000
FU 0 66 527
FU 0 67 220
FU 0 68 2000
FU 0 69 2000
FU 0 71 2000
FU 0 72 145
FU 0 75 2000
FU 0 77 2000
FU 0 81 99
FU 0 82 119
FU 0 85 2000
FU 0 86 2000
FU 0 87 144
FU 0 88 293
FU 0 91 91
FU 0 96 1
FU 0 97 150
FU 0 98 2000
FU 0 100 109
FU 0 102 635
FU 0 103 166
FU 0 104 2000
FU 0 105 2000
FU 0 106 219
FU 0 107 2000
FU 0 108 485
FU 0 109 2000
FU 0 110 2000
FU 0 112 124
FU 0 113 2000
FU 0 114 2000
FU 0 115 1
FU 0 116 567
FU 0 117 533
FU 0 118 17
FU 0 120 5
FU 0 121 2000
FU 0 125 2000
FU 1 5 0
FU 1 12 224
FU 1 13 164
FU 1 18 0
FU 1 20 1
FU 1 35 0
FU 1 38 0
FU 1 51 0
FU 1 57 15
FU 1 60 0
FU 1 61 0
FU 1 62 228
FU 1 67 83
FU 1 81 28
FU 1 82 93
FU 1 101 0
FU 1 106 114
FU 1 108 143
FU 1 115 0
FU 1 119 0
FU 2 9 165
FU 2 20 0
FU 2 24 192
FU 2 26 0
FU 2 43 0
FU 2 48 219
FU 2 54 0
FU 2 72 144
FU 2 78 0
FU 2 80 0
FU 2 88 480
FU 2 96 0
FU 2 99 0
FU 2 120 0
FU 3 66 120
FU 4 17 0
FU 4 23 32
FU 4 33 95
FU 4 59 0
FU 4 70 0
FU 4 82 166
FU 4 83 3
FU 4 84 0
FU 4 111 0
FU 4 119 929
FU 5 1 0
FU 5 13 127
FU 5 14 186
FU 5 18 0
FU 5 20 0
FU 5 24 208
FU 5 35 0
FU 5 38 0
FU 5 43 1
FU 5 44 1
FU 5 51 0
FU 5 57 39
FU 5 60 0
FU 5 61 0
FU 5 63 118
FU 5 67 157
FU 5 72 115
FU 5 73 0
FU 5 80 0
FU 5 81 156
FU 5 82 231
FU 5 96 0
FU 5 108 227
FU 5 115 0
FU 6 8 0
FU 6 9 240
FU 6 10 0
FU 6 11 4
FU 6 15 52
FU 6 24 126
FU 6 43 1001
FU 6 44 4
FU 6 53 180
FU 6 54 0
FU 6 79 0
FU 6 89 0
FU 6 90 0
FU 6 94 0
FU 6 120 0
FU 8 6 0
FU 8 10 0
FU 8 11 0
FU 8 15 85
FU 8 44 0
FU 8 53 148
FU 8 63 62
FU 8 73 0
FU 8 84 0
FU 8 89 0
FU 8 90 0
FU 8 94 0
FU 8 100 81
FU 8 112 166
FU 8 122 0
FU 8 124 0
FU 9 6 5
FU 9 43 2
FU 10 6 0
FU 10 8 0
FU 10 15 61
FU 10 31 0
FU 10 73 0
FU 10 79 0
FU 10 84 0
FU 10 89 0
FU 10 90 0
FU 10 91 61
FU 10 94 0
FU 11 6 2
FU 11 8 0
FU 11 9 257
FU 11 15 94
FU 11 24 148
FU 11 43 979
FU 11 44 4
FU 11 53 296
FU 11 54 0
FU 11 79 0
FU 11 89 0
FU 11 94 4
FU 11 120 0
FU 12 48 111
FU 13 18 0
FU 13 61 0
FU 13 80 6
FU 14 5 0
FU 15 63 81
FU 15 72 132
FU 15 80 0
FU 15 96 0
FU 16 33 97
FU 16 57 57
FU 17 4 991
FU 17 23 178
FU 17 39 1999
FU 17 40 927
FU 17 46 1999
FU 17 55 1267
FU 17 56 1998
FU 17 58 687
FU 17 59 1999
FU 17 70 1002
FU 17 76 5
FU 17 83 1016
FU 17 84 1001
FU 17 91 804
FU 17 97 218
FU 17 100 106
FU 17 111 1999
FU 17 112 467
FU 17 118 200
FU 17 122 932
FU 17 124 959
FU 17 0 2000
FU 18 1 873
FU 18 5 0
FU 18 12 191
FU 18 13 94
FU 18 14 118
FU 18 20 0
FU 18 26 0
FU 18 35 0
FU 18 38 275
FU 18 43 0
FU 18 48 145
FU 18 51 0
FU 18 57 342
FU 18 60 0
FU 18 61 0
FU 18 62 145
FU 18 67 201
FU 18 78 1
FU 18 80 1941
FU 18 81 215
FU 18 96 0
FU 18 101 955
FU 18 106 193
FU 18 108 189
FU 18 115 0
FU 18 119 0
FU 20 1 0
FU 20 2 0
FU 20 5 0
FU 20 12 162
FU 20 14 121
FU 20 18 0
FU 20 26 0
FU 20 35 0
FU 20 38 145
FU 20 48 200
FU 20 51 0
FU 20 60 0
FU 20 61 0
FU 20 67 140
FU 20 72 234
FU 20 78 0
FU 20 80 0
FU 20 81 34
FU 20 82 54
FU 20 96 0
FU 20 115 0
FU 20 123 0
FU 21 16 146
FU 21 23 147
FU 21 33 216
FU 21 36 181
FU 21 46 0
FU 21 49 4
FU 21 55 2
FU 21 62 155
FU 21 87 157
FU 21 95 3
FU 21 101 2
FU 21 103 35
FU 21 106 97
FU 21 117 298
FU 21 118 87
FU 21 119 0
FU 22 27 0
FU 22 28 0
FU 22 37 0
FU 22 47 1
FU 22 66 68
FU 22 87 105
FU 22 93 0
FU 23 4 100
FU 23 21 550
FU 23 39 0
FU 23 40 0
FU 23 55 10
FU 23 56 0
FU 23 58 0
FU 23 59 0
FU 23 70 0
FU 23 83 0
FU 23 84 0
FU 23 91 64
FU 23 100 98
FU 23 111 0
FU 23 112 102
FU 23 118 15
FU 23 124 0
FU 26 2 0
FU 26 12 238
FU 26 14 156
FU 26 18 0
FU 26 20 0
FU 26 48 152
FU 26 60 0
FU 26 72 102
FU 26 78 0
FU 26 81 159
FU 26 88 334
FU 26 96 0
FU 26 123 0
FU 27 22 0
FU 27 37 1
FU 27 47 1
FU 27 116 82
FU 28 22 0
FU 28 33 107
FU 28 55 0
FU 28 56 0
FU 28 74 1999
FU 28 87 159
FU 28 93 0
FU 28 95 1
FU 28 97 264
FU 28 102 777
FU 31 3 132
FU 31 10 0
FU 31 15 125
FU 31 40 0
FU 31 58 0
FU 31 59 0
FU 31 63 116
FU 31 66 123
FU 31 90 0
FU 31 92 13
FU 31 94 0
FU 31 112 143
FU 33 16 166
FU 33 37 1
FU 35 1 0
FU 35 5 0
FU 35 9 239
FU 35 14 126
FU 35 15 97
FU 35 18 0
FU 35 20 0
FU 35 24 198
FU 35 51 0
FU 35 54 0
FU 35 57 34
FU 35 60 0
FU 35 61 0
FU 35 67 137
FU 35 72 190
FU 35 80 1
FU 35 81 48
FU 35 82 181
FU 35 99 0
FU 35 115 0
FU 35 120 0
FU 36 57 47
FU 36 103 52
FU 37 22 1835
FU 37 27 0
FU 37 33 152
FU 37 40 0
FU 37 47 105
FU 37 58 0
FU 37 59 0
FU 37 66 107
FU 37 70 0
FU 37 76 0
FU 37 92 0
FU 37 93 1
FU 37 116 109
FU 37 118 47
FU 37 124 0
FU 38 1 899
FU 38 5 0
FU 38 9 158
FU 38 14 216
FU 38 15 39
FU 38 18 1
FU 38 20 727
FU 38 24 128
FU 38 51 0
FU 38 54 0
FU 38 57 28
FU 38 60 0
FU 38 61 739
FU 38 67 72
FU 38 72 193
FU 38 80 0
FU 38 81 50
FU 38 82 55
FU 38 99 0
FU 38 115 0
FU 38 120 0
FU 39 4 70
FU 39 17 0
FU 39 23 48
FU 39 40 0
FU 39 44 0
FU 39 55 0
FU 39 56 0
FU 39 58 0
FU 39 59 0
FU 39 63 210
FU 39 70 0
FU 39 76 0
FU 39 83 0
FU 39 84 0
FU 39 91 47
FU 39 100 199
FU 39 111 0
FU 39 118 133
FU 39 122 0
FU 39 124 0
FU 40 3 198
FU 40 4 60
FU 40 17 0
FU 40 23 120
FU 40 31 0
FU 40 37 20
FU 40 39 0
FU 40 47 0
FU 40 56 0
FU 40 58 0
FU 40 59 0
FU 40 63 90
FU 40 66 91
FU 40 70 0
FU 40 76 0
FU 40 83 585
FU 40 84 0
FU 40 91 38
FU 40 92 250
FU 40 100 170
FU 40 111 0
FU 40 116 133
FU 40 118 0
FU 40 122 0
FU 40 124 0
FU 43 2 0
FU 43 5 0
FU 43 6 737
FU 43 9 262
FU 43 11 702
FU 43 15 58
FU 43 18 0
FU 43 24 126
FU 43 44 0
FU 43 54 0
FU 43 67 225
FU 43 72 108
FU 43 80 0
FU 43 82 81
FU 43 106 140
FU 43 111 0
FU 43 115 0
FU 43 120 0
FU 44 4 93
FU 44 5 0
FU 44 6 2
FU 44 8 0
FU 44 11 0
FU 44 15 80
FU 44 24 141
FU 44 39 0
FU 44 43 3
FU 44 53 148
FU 44 54 0
FU 44 63 113
FU 44 73 0
FU 44 83 0
FU 44 84 0
FU 44 89 0
FU 44 91 64
FU 44 100 119
FU 44 111 0
FU 44 112 184
FU 44 120 0
FU 44 122 0
FU 46 16 243
FU 46 17 0
FU 46 21 0
FU 46 33 126
FU 46 36 219
FU 46 49 0
FU 46 55 0
FU 46 62 206
FU 46 95 0
FU 46 97 340
FU 46 101 837
FU 46 103 1465
FU 46 106 246
FU 46 111 0
FU 46 118 0
FU 46 119 0
FU 47 22 0
FU 47 27 981
FU 47 33 147
FU 47 37 19
FU 47 40 251
FU 47 58 242
FU 47 59 0
FU 47 66 79
FU 47 70 0
FU 47 76 583
FU 47 92 438
FU 47 93 940
FU 47 116 44
FU 48 2 0
FU 48 12 224
FU 48 18 0
FU 48 26 0
FU 48 60 0
FU 48 78 0
FU 48 80 3
FU 48 123 0
FU 49 16 209
FU 49 21 0
FU 49 36 185
FU 49 46 0
FU 49 55 716
FU 49 57 56
FU 49 62 111
FU 49 87 162
FU 49 95 3
FU 49 101 0
FU 49 103 89
FU 49 106 220
FU 49 117 300
FU 49 119 0
FU 51 1 0
FU 51 4 74
FU 51 5 0
FU 51 12 211
FU 51 13 139
FU 51 18 0
FU 51 20 0
FU 51 35 0
FU 51 38 0
FU 51 57 19
FU 51 60 0
FU 51 61 0
FU 51 67 108
FU 51 80 0
FU 51 81 49
FU 51 82 29
FU 51 83 0
FU 51 96 0
FU 51 108 123
FU 51 111 0
FU 51 115 0
FU 51 119 166
FU 51 122 0
FU 54 2 0
FU 54 6 0
FU 54 9 158
FU 54 11 0
FU 54 15 79
FU 54 24 150
FU 54 35 0
FU 54 38 0
FU 54 43 0
FU 54 44 0
FU 54 53 147
FU 54 72 163
FU 54 89 0
FU 54 96 0
FU 54 99 0
FU 54 120 0
FU 55 16 317
FU 55 17 0
FU 55 21 2
FU 55 23 65
FU 55 28 0
FU 55 33 154
FU 55 36 197
FU 55 39 0
FU 55 46 0
FU 55 49 951
FU 55 62 182
FU 55 76 3
FU 55 87 47
FU 55 91 35
FU 55 93 4
FU 55 95 7
FU 55 97 297
FU 55 100 61
FU 55 106 173
FU 55 118 145
FU 55 119 17
FU 55 122 0
FU 55 124 0
FU 56 4 28
FU 56 13 184
FU 56 17 0
FU 56 23 32
FU 56 28 1994
FU 56 36 169
FU 56 39 0
FU 56 40 287
FU 56 58 241
FU 56 59 0
FU 56 63 87
FU 56 70 997
FU 56 76 626
FU 56 83 361
FU 56 84 0
FU 56 87 1022
FU 56 91 60
FU 56 93 882
FU 56 95 1687
FU 56 100 170
FU 56 111 0
FU 56 118 201
FU 56 122 669
FU 56 124 0
FU 57 1 81
FU 57 5 0
FU 57 16 267
FU 57 18 2
FU 57 36 190
FU 57 38 434
FU 57 49 1
FU 57 61 0
FU 57 67 144
FU 57 81 31
FU 57 101 196
FU 57 108 179
FU 57 117 293
FU 58 3 255
FU 58 4 26
FU 58 17 0
FU 58 23 64
FU 58 31 0
FU 58 37 0
FU 58 39 0
FU 58 40 0
FU 58 47 156
FU 58 56 0
FU 58 59 0
FU 58 63 65
FU 58 70 0
FU 58 76 0
FU 58 83 0
FU 58 84 0
FU 58 91 24
FU 58 92 0
FU 58 100 107
FU 58 111 0
FU 58 112 184
FU 58 116 52
FU 58 118 175
FU 58 122 0
FU 58 124 0
FU 59 3 257
FU 59 4 111
FU 59 17 0
FU 59 23 645
FU 59 31 1988
FU 59 37 1671
FU 59 39 0
FU 59 40 162
FU 59 47 992
FU 59 56 1
FU 59 58 186
FU 59 66 115
FU 59 70 0
FU 59 76 299
FU 59 84 998
FU 59 91 265
FU 59 92 604
FU 59 100 116
FU 59 116 772
FU 59 118 167
FU 59 122 396
FU 59 124 903
FU 60 1 2
FU 60 5 0
FU 60 12 148
FU 60 14 159
FU 60 18 0
FU 60 20 0
FU 60 26 0
FU 60 35 0
FU 60 38 157
FU 60 48 226
FU 60 51 0
FU 60 61 0
FU 60 67 110
FU 60 72 102
FU 60 78 1989
FU 60 80 0
FU 60 81 102
FU 60 96 0
FU 60 115 0
FU 60 123 1996
FU 61 1 2
FU 61 5 0
FU 61 12 216
FU 61 13 164
FU 61 18 0
FU 61 20 0
FU 61 35 0
FU 61 38 151
FU 61 51 0
FU 61 57 51
FU 61 60 0
FU 61 62 201
FU 61 67 129
FU 61 81 27
FU 61 82 66
FU 61 108 140
FU 61 115 0
FU 62 1 1
FU 62 61 0
FU 63 15 118
FU 63 76 0
FU 66 3 299
FU 66 22 157
FU 66 31 1
FU 66 33 137
FU 66 37 5
FU 66 40 0
FU 66 47 1
FU 66 70 0
FU 66 76 1
FU 66 92 1
FU 66 93 1
FU 66 116 151
FU 66 118 39
FU 66 124 136
FU 67 38 4
FU 67 57 61
FU 67 96 0
FU 70 4 52
FU 70 17 0
FU 70 23 84
FU 70 37 0
FU 70 39 0
FU 70 40 0
FU 70 47 0
FU 70 56 0
FU 70 58 0
FU 70 59 0
FU 70 66 96
FU 70 76 0
FU 70 84 0
FU 70 91 38
FU 70 92 0
FU 70 100 105
FU 70 118 170
FU 70 122 0
FU 70 124 0
FU 72 5 0
FU 72 15 75
FU 72 99 0
FU 73 5 0
FU 73 8 0
FU 73 10 0
FU 73 15 56
FU 73 44 0
FU 73 79 0
FU 73 89 0
FU 73 90 0
FU 73 94 0
FU 74 28 0
FU 74 33 97
FU 74 102 588
FU 76 4 20
FU 76 17 0
FU 76 23 23
FU 76 37 0
FU 76 39 0
FU 76 40 0
FU 76 47 0
FU 76 53 253
FU 76 55 0
FU 76 56 0
FU 76 58 0
FU 76 59 0
FU 76 63 48
FU 76 66 53
FU 76 70 0
FU 76 84 0
FU 76 91 49
FU 76 92 0
FU 76 100 61
FU 76 118 123
FU 76 122 0
FU 76 124 0
FU 78 2 0
FU 78 12 97
FU 78 14 147
FU 78 18 0
FU 78 20 0
FU 78 26 0
FU 78 48 162
FU 78 60 0
FU 78 72 69
FU 78 80 0
FU 78 81 196
FU 78 88 313
FU 78 96 0
FU 78 123 0
FU 79 6 0
FU 79 10 0
FU 79 11 0
FU 79 73 0
FU 80 2 0
FU 80 5 0
FU 80 13 132
FU 80 14 129
FU 80 15 117
FU 80 18 0
FU 80 20 0
FU 80 24 166
FU 80 35 0
FU 80 38 0
FU 80 43 6
FU 80 48 201
FU 80 51 0
FU 80 60 0
FU 80 67 151
FU 80 72 159
FU 80 78 1
FU 80 81 279
FU 80 82 34
FU 80 96 0
FU 80 115 0
FU 80 120 1995
FU 81 1 122
FU 81 14 114
FU 81 35 217
FU 81 38 101
FU 81 57 255
FU 81 80 16
FU 81 96 0
FU 81 108 220
FU 81 115 0
FU 82 4 52
FU 82 5 404
FU 82 13 144
FU 82 20 428
FU 82 35 385
FU 82 61 338
FU 82 83 34
FU 82 111 0
FU 82 119 194
FU 83 4 34
FU 83 15 61
FU 83 17 0
FU 83 23 80
FU 83 39 0
FU 83 40 166
FU 83 44 966
FU 83 51 0
FU 83 53 239
FU 83 56 0
FU 83 58 160
FU 83 63 154
FU 83 82 510
FU 83 84 0
FU 83 91 57
FU 83 100 167
FU 83 111 0
FU 83 112 228
FU 83 118 134
FU 83 122 0
FU 84 4 39
FU 84 8 0
FU 84 10 0
FU 84 15 111
FU 84 17 0
FU 84 23 79
FU 84 39 0
FU 84 40 0
FU 84 44 0
FU 84 56 0
FU 84 58 0
FU 84 59 0
FU 84 63 100
FU 84 70 0
FU 84 76 0
FU 84 83 0
FU 84 91 45
FU 84 100 76
FU 84 112 129
FU 84 118 118
FU 84 122 0
FU 84 124 0
FU 87 49 1026
FU 88 96 0
FU 89 6 0
FU 89 8 0
FU 89 9 186
FU 89 10 0
FU 89 11 0
FU 89 15 102
FU 89 24 124
FU 89 44 1
FU 89 54 0
FU 89 73 0
FU 90 3 226
FU 90 6 0
FU 90 8 0
FU 90 10 0
FU 90 15 70
FU 90 31 0
FU 90 63 181
FU 90 73 0
FU 90 94 0
FU 90 112 121
FU 91 44 1009
FU 92 3 241
FU 92 31 0
FU 92 33 105
FU 92 37 30
FU 92 40 0
FU 92 47 213
FU 92 58 0
FU 92 59 0
FU 92 66 101
FU 92 70 0
FU 92 76 0
FU 92 93 4
FU 92 116 90
FU 92 118 40
FU 92 124 0
FU 93 13 176
FU 93 22 0
FU 93 28 0
FU 93 33 163
FU 93 37 3
FU 93 47 5
FU 93 55 0
FU 93 56 0
FU 93 66 131
FU 93 87 72
FU 93 92 0
FU 93 95 1
FU 93 97 218
FU 93 118 16
FU 94 6 0
FU 94 8 0
FU 94 10 0
FU 94 11 0
FU 94 15 62
FU 94 31 5
FU 94 73 0
FU 94 90 2
FU 95 13 203
FU 95 16 203
FU 95 21 1
FU 95 28 0
FU 95 33 121
FU 95 36 172
FU 95 46 0
FU 95 49 0
FU 95 55 0
FU 95 56 0
FU 95 62 222
FU 95 87 132
FU 95 93 0
FU 95 97 233
FU 95 106 86
FU 95 118 53
FU 95 119 0
FU 96 5 703
FU 96 14 117
FU 96 15 121
FU 96 18 1975
FU 96 20 833
FU 96 24 136
FU 96 26 1994
FU 96 51 1003
FU 96 54 1993
FU 96 60 1993
FU 96 67 123
FU 96 81 259
FU 96 88 344
FU 96 115 0
FU 99 2 0
FU 99 9 118
FU 99 35 0
FU 99 38 0
FU 99 54 0
FU 99 72 144
FU 99 120 0
FU 101 1 0
FU 101 16 108
FU 101 18 0
FU 101 21 0
FU 101 36 181
FU 101 46 0
FU 101 49 0
FU 101 57 44
FU 101 62 206
FU 101 103 29
FU 101 106 101
FU 101 117 207
FU 101 119 0
FU 102 28 0
FU 103 21 1435
FU 103 36 170
FU 103 46 0
FU 103 106 241
FU 103 117 369
FU 103 119 283
FU 106 1 0
FU 108 57 89
FU 108 61 170
FU 108 81 69
FU 108 119 105
FU 111 4 47
FU 111 17 0
FU 111 23 173
FU 111 39 0
FU 111 40 206
FU 111 43 0
FU 111 44 0
FU 111 46 0
FU 111 51 0
FU 111 56 0
FU 111 58 223
FU 111 63 80
FU 111 82 333
FU 111 83 0
FU 111 91 61
FU 111 115 1999
FU 111 122 0
FU 112 58 254
FU 115 5 875
FU 115 13 187
FU 115 35 1378
FU 115 38 712
FU 115 60 1
FU 115 61 737
FU 115 81 70
FU 115 96 1999
FU 115 111 0
FU 115 119 303
FU 116 3 204
FU 116 27 1010
FU 116 37 67
FU 116 40 0
FU 116 47 518
FU 116 58 0
FU 116 59 0
FU 116 66 129
FU 116 92 541
FU 117 57 66
FU 117 101 2
FU 117 103 68
FU 118 21 0
FU 118 23 70
FU 118 33 128
FU 118 37 174
FU 118 46 0
FU 118 56 0
FU 118 59 0
FU 118 66 209
FU 118 84 0
FU 118 91 79
FU 118 92 140
FU 118 93 157
FU 118 95 275
FU 119 1 4
FU 119 4 44
FU 119 13 90
FU 119 16 158
FU 119 18 8
FU 119 21 2
FU 119 36 160
FU 119 46 0
FU 119 49 5
FU 119 51 990
FU 119 55 2
FU 119 57 327
FU 119 62 169
FU 119 82 48
FU 119 95 6
FU 119 101 2
FU 119 103 96
FU 119 106 170
FU 119 108 294
FU 119 115 0
FU 120 6 1232
FU 120 11 1284
FU 120 14 101
FU 120 15 108
FU 120 80 0
FU 122 4 49
FU 122 8 0
FU 122 17 0
FU 122 23 15
FU 122 39 0
FU 122 40 0
FU 122 44 1
FU 122 51 0
FU 122 53 171
FU 122 55 0
FU 122 56 0
FU 122 58 0
FU 122 59 0
FU 122 63 116
FU 122 70 0
FU 122 76 479
FU 122 83 0
FU 122 84 0
FU 122 91 49
FU 122 97 280
FU 122 100 120
FU 122 111 0
FU 122 118 120
FU 122 124 0
FU 123 12 143
FU 123 14 133
FU 123 20 0
FU 123 26 0
FU 123 48 211
FU 123 60 0
FU 123 78 0
FU 123 81 129
FU 123 88 236
FU 124 4 44
FU 124 8 0
FU 124 17 0
FU 124 23 107
FU 124 37 0
FU 124 39 0
FU 124 40 0
FU 124 53 216
FU 124 55 0
FU 124 56 0
FU 124 58 0
FU 124 59 0
FU 124 63 151
FU 124 66 51
FU 124 70 0
FU 124 76 0
FU 124 84 0
FU 124 91 69
FU 124 92 0
FU 124 100 135
FU 124 112 152
FU 124 122 0
