Nodes: 151
Arcs: 4468
Terminals_rem: 0
Nodes_rem: 21
Arcs_rem: 1634
First LB: 7
LB: 7
Iter. LB: 0
First UB: 58
UB: 32
Iter. UB: 243
gap: 78.125
BM. Time: 0
Runtime: 3559
FL 0 74 24
FL 0 149 8
FL 0 28 2257
FL 0 72 16
FL 0 95 2713
FL 0 23 90
FL 0 29 3
FL 0 121 41
FL 0 60 72
FL 0 83 73
FL 0 135 54
FL 0 116 45
FL 0 94 56
FL 0 104 15
FL 0 145 3471
FL 0 150 57
FL 0 71 5
FL 0 128 34
FL 0 77 52
FL 0 114 0
FL 0 139 16
FL 0 41 2710
FL 0 144 46
FL 0 52 131
FL 0 10 2919
FL 0 34 66
FL 0 43 17
FL 0 80 8
FL 0 85 9
FL 0 51 148
FL 0 49 58
FL 0 91 135
FL 0 111 0
FL 0 65 52
FL 0 81 111
FL 0 142 117
FL 0 9 23
FL 0 100 2935
FL 0 126 87
FL 0 54 0
FL 0 63 126
FL 0 131 54
FL 0 5 92
FL 0 7 78
FL 0 3 61
FL 0 115 74
FL 0 148 16
FL 0 46 2365
FL 0 66 189
FL 0 134 0
FL 0 35 169
FL 0 125 48
FL 0 56 208
FL 0 36 109
FL 0 133 151
FL 0 45 12
FL 0 40 177
FL 0 53 21
FL 0 90 198
FL 0 75 56
FL 0 123 96
FL 0 1 1162
FL 0 2 168
FL 0 4 2000
FL 0 6 85
FL 0 8 301
FL 0 12 1471
FL 0 13 2564
FL 0 14 3261
FL 0 15 57
FL 0 16 124
FL 0 17 2068
FL 0 18 1389
FL 0 19 2000
FL 0 20 933
FL 0 21 2000
FL 0 22 2000
FL 0 24 111
FL 0 25 83
FL 0 26 124
FL 0 27 378
FL 0 30 2000
FL 0 31 252
FL 0 32 934
FL 0 33 2000
FL 0 37 2000
FL 0 38 841
FL 0 39 2179
FL 0 42 2000
FL 0 44 45
FL 0 47 2000
FL 0 48 568
FL 0 50 111
FL 0 55 2000
FL 0 57 2330
FL 0 58 964
FL 0 59 2000
FL 0 61 480
FL 0 62 1303
FL 0 64 180
FL 0 67 2110
FL 0 68 632
FL 0 69 2000
FL 0 70 500
FL 0 73 1
FL 0 76 98
FL 0 78 88
FL 0 79 304
FL 0 82 842
FL 0 84 2000
FL 0 86 2000
FL 0 87 1416
FL 0 88 3043
FL 0 89 178
FL 0 92 2000
FL 0 93 248
FL 0 96 163
FL 0 97 54
FL 0 98 108
FL 0 99 118
FL 0 101 127
FL 0 102 2000
FL 0 103 2000
FL 0 105 131
FL 0 106 1077
FL 0 107 282
FL 0 108 1462
FL 0 109 521
FL 0 110 2439
FL 0 112 1451
FL 0 113 117
FL 0 117 1534
FL 0 118 1016
FL 0 119 1034
FL 0 120 145
FL 0 122 772
FL 0 124 2000
FL 0 127 745
FL 0 129 1837
FL 0 130 191
FL 0 132 2000
FL 0 136 2000
FL 0 137 2000
FL 0 138 262
FL 0 140 526
FL 0 141 257
FL 0 143 59
FL 0 146 2977
FL 0 147 1169
FL 1 5 21
FL 1 13 10
FL 1 16 12
FL 1 18 23
FL 1 20 24
FL 1 46 0
FL 1 49 18
FL 1 51 17
FL 1 52 21
FL 1 57 5
FL 1 60 17
FL 1 62 44
FL 1 67 66
FL 1 77 51
FL 1 81 14
FL 1 96 655
FL 1 101 15
FL 1 106 71
FL 1 108 18
FL 1 117 81
FL 1 139 2
FL 1 142 14
FL 2 5 1054
FL 2 6 93
FL 2 9 18
FL 2 13 174
FL 2 15 204
FL 2 20 139
FL 2 25 91
FL 2 26 78
FL 2 44 54
FL 2 48 155
FL 2 49 1144
FL 2 50 62
FL 2 54 0
FL 2 60 106
FL 2 62 184
FL 2 71 127
FL 2 75 654
FL 2 77 57
FL 2 80 10
FL 2 96 112
FL 2 99 85
FL 2 101 922
FL 2 107 90
FL 2 108 153
FL 2 109 157
FL 2 115 273
FL 2 119 690
FL 2 131 451
FL 2 146 215
FL 2 147 280
FL 3 15 8
FL 3 34 13
FL 3 40 3
FL 3 58 60
FL 3 63 21
FL 3 65 12
FL 3 66 24
FL 3 83 6
FL 3 90 22
FL 3 112 8
FL 3 114 0
FL 3 116 8
FL 3 125 3
FL 3 128 7
FL 5 1 30
FL 5 2 131
FL 5 12 21
FL 5 13 22
FL 5 14 355
FL 5 18 41
FL 5 20 43
FL 5 24 185
FL 5 35 6
FL 5 38 23
FL 5 43 3
FL 5 49 15
FL 5 50 76
FL 5 51 15
FL 5 52 939
FL 5 57 4
FL 5 58 1198
FL 5 60 16
FL 5 61 22
FL 5 62 43
FL 5 63 17
FL 5 67 41
FL 5 73 0
FL 5 77 37
FL 5 80 4
FL 5 81 7
FL 5 82 57
FL 5 91 799
FL 5 96 3
FL 5 98 72
FL 5 101 6
FL 5 104 1
FL 5 108 81
FL 5 111 0
FL 5 114 0
FL 5 115 13
FL 5 119 69
FL 5 129 53
FL 5 130 28
FL 5 131 14
FL 5 135 18
FL 5 139 0
FL 5 142 15
FL 5 143 18
FL 5 146 27
FL 5 148 1
FL 5 149 2
FL 6 2 204
FL 6 9 155
FL 6 11 0
FL 6 15 42
FL 6 25 85
FL 6 26 91
FL 6 29 1
FL 6 44 58
FL 6 45 5
FL 6 50 59
FL 6 53 12
FL 6 54 0
FL 6 64 78
FL 6 65 459
FL 6 72 8
FL 6 77 3620
FL 6 80 134
FL 6 85 4
FL 6 89 66
FL 6 90 55
FL 6 94 485
FL 6 98 943
FL 6 99 37
FL 6 104 3
FL 6 105 47
FL 6 111 0
FL 6 113 78
FL 6 114 0
FL 6 120 73
FL 6 130 95
FL 6 135 61
FL 6 139 7
FL 6 143 37
FL 6 148 178
FL 6 149 296
FL 7 23 10
FL 7 27 560
FL 7 36 7
FL 7 46 0
FL 7 53 8
FL 7 66 17
FL 7 76 11
FL 7 87 70
FL 7 93 132
FL 7 95 0
FL 7 97 82
FL 7 100 0
FL 7 110 5
FL 7 118 35
FL 7 127 88
FL 7 133 12
FL 7 141 212
FL 8 15 6
FL 8 113 85
FL 9 2 166
FL 9 6 107
FL 9 11 0
FL 9 25 180
FL 9 26 202
FL 9 29 702
FL 9 35 932
FL 9 38 504
FL 9 43 1109
FL 9 44 188
FL 9 45 7
FL 9 50 58
FL 9 53 20
FL 9 54 3
FL 9 64 104
FL 9 68 302
FL 9 71 5
FL 9 72 667
FL 9 79 363
FL 9 80 471
FL 9 85 1025
FL 9 89 67
FL 9 99 164
FL 9 107 537
FL 9 113 127
FL 9 120 173
FL 9 130 125
FL 9 143 4779
FL 9 148 339
FL 9 149 9
FL 10 8 39
FL 10 29 2
FL 10 63 14
FL 10 65 6
FL 10 68 315
FL 10 73 0
FL 10 79 276
FL 10 89 104
FL 10 94 16
FL 10 105 127
FL 10 112 6
FL 10 134 0
FL 10 135 14
FL 11 2 4390
FL 11 6 6090
FL 11 9 5576
FL 11 15 23618
FL 11 24 86
FL 11 25 1006
FL 11 26 3625
FL 11 29 1028
FL 11 43 3037
FL 11 44 2943
FL 11 45 2433
FL 11 50 172
FL 11 53 6906
FL 11 54 12897
FL 11 64 3958
FL 11 71 22308
FL 11 72 1867
FL 11 73 5079
FL 11 77 9831
FL 11 80 1649
FL 11 85 1596
FL 11 89 115
FL 11 98 599
FL 11 99 2072
FL 11 104 2296
FL 11 111 14941
FL 11 113 787
FL 11 114 22851
FL 11 120 551
FL 11 130 948
FL 11 134 3081
FL 11 139 2635
FL 11 143 1563
FL 11 148 4127
FL 11 149 1865
FL 11 0 119474
FL 12 5 15
FL 12 13 8
FL 12 14 41
FL 12 20 70
FL 12 38 33
FL 12 48 55
FL 12 51 16
FL 12 52 20
FL 12 57 42
FL 12 60 16
FL 12 61 24
FL 12 67 42
FL 12 71 2
FL 12 78 98
FL 12 81 10
FL 12 88 62
FL 12 96 548
FL 12 101 14
FL 12 119 282
FL 12 123 12
FL 12 131 15
FL 12 139 2
FL 13 1 107
FL 13 2 40
FL 13 5 32
FL 13 12 139
FL 13 15 6
FL 13 16 26
FL 13 18 67
FL 13 20 44
FL 13 35 16
FL 13 36 21
FL 13 38 74
FL 13 49 31
FL 13 52 2384
FL 13 56 16
FL 13 57 83
FL 13 58 54
FL 13 60 36
FL 13 61 35
FL 13 67 67
FL 13 70 39
FL 13 77 47
FL 13 81 25
FL 13 87 128
FL 13 91 15
FL 13 93 123
FL 13 106 67
FL 13 110 48
FL 13 111 0
FL 13 115 32
FL 13 121 16
FL 13 129 69
FL 13 130 33
FL 13 139 9
FL 13 142 22
FL 13 143 10
FL 14 5 1566
FL 14 12 66
FL 14 18 65
FL 14 20 44
FL 14 35 17
FL 14 38 30
FL 14 48 62
FL 14 49 25
FL 14 52 24
FL 14 60 24
FL 14 62 70
FL 14 75 27
FL 14 77 59
FL 14 78 92
FL 14 81 20
FL 14 96 43
FL 14 101 2050
FL 14 109 115
FL 14 123 27
FL 14 131 25
FL 14 147 85
FL 15 2 1844
FL 15 6 57
FL 15 8 176
FL 15 11 0
FL 15 13 58
FL 15 17 18
FL 15 25 72
FL 15 34 5
FL 15 35 25
FL 15 38 134
FL 15 43 5
FL 15 44 38
FL 15 45 3
FL 15 51 15
FL 15 53 5
FL 15 56 957
FL 15 58 36
FL 15 64 89
FL 15 70 15867
FL 15 72 8
FL 15 80 5
FL 15 83 4
FL 15 85 6
FL 15 90 14
FL 15 91 7
FL 15 96 12
FL 15 97 79
FL 15 104 4
FL 15 111 0
FL 15 113 69
FL 15 114 0
FL 15 115 2677
FL 15 129 65
FL 15 130 28
FL 15 139 3
FL 15 143 35
FL 15 149 1
FL 16 1 42
FL 16 13 15
FL 16 17 24
FL 16 18 84
FL 16 36 9
FL 16 46 0
FL 16 49 17
FL 16 57 12
FL 16 61 20
FL 16 62 46
FL 16 74 5
FL 16 82 77
FL 16 87 67
FL 16 95 0
FL 16 101 13
FL 16 106 91
FL 16 117 54
FL 16 119 103
FL 16 121 12
FL 16 142 12
FL 16 144 7
FL 16 150 4177
FL 17 15 35
FL 17 16 26
FL 17 23 19
FL 17 36 22
FL 17 39 163
FL 17 40 11
FL 17 46 0
FL 17 56 12
FL 17 58 59
FL 17 61 33
FL 17 66 49
FL 17 70 44
FL 17 82 79
FL 17 83 15
FL 17 87 147
FL 17 91 15
FL 17 93 134
FL 17 95 0
FL 17 106 55
FL 17 110 1001
FL 17 111 0
FL 17 117 117
FL 17 125 28
FL 17 129 71
FL 17 144 11
FL 17 150 13
FL 18 1 44
FL 18 13 64
FL 18 16 17
FL 18 35 18
FL 18 38 34
FL 18 57 28
FL 18 88 211
FL 18 99 39
FL 18 101 23
FL 18 106 106
FL 18 109 98
FL 18 117 85
FL 18 119 132
FL 18 120 46
FL 18 123 20
FL 18 142 18
FL 18 148 2
FL 20 1 22
FL 20 5 16
FL 20 12 19
FL 20 13 18
FL 20 14 77
FL 20 35 14
FL 20 38 17
FL 20 52 21
FL 20 57 10
FL 20 58 42
FL 20 60 19
FL 20 61 21
FL 20 62 37
FL 20 67 39
FL 20 70 35
FL 20 71 2
FL 20 77 15
FL 20 81 12
FL 20 91 7
FL 20 96 15
FL 20 101 19
FL 20 115 20
FL 20 129 59
FL 20 130 37
FL 20 139 4
FL 20 142 14
FL 20 146 26
FL 23 7 7
FL 23 16 9
FL 23 17 25
FL 23 36 9
FL 23 39 35
FL 23 40 0
FL 23 41 0
FL 23 46 0
FL 23 56 3
FL 23 58 30
FL 23 70 27
FL 23 76 8
FL 23 82 42
FL 23 83 3
FL 23 87 21
FL 23 91 1
FL 23 93 162
FL 23 106 142
FL 23 110 6
FL 23 111 0
FL 23 118 15
FL 23 122 55
FL 23 126 7
FL 23 127 106
FL 23 129 50
FL 23 133 12
FL 23 140 99
FL 23 141 200
FL 23 150 4
FL 24 5 0
FL 24 31 143
FL 24 35 0
FL 24 63 2
FL 24 111 0
FL 25 6 101
FL 25 8 139
FL 25 9 14
FL 25 11 0
FL 25 15 14
FL 25 26 47
FL 25 44 51
FL 25 45 6
FL 25 50 67
FL 25 53 18
FL 25 72 7
FL 25 89 142
FL 25 104 8
FL 25 111 0
FL 25 130 73
FL 25 143 18
FL 26 2 101
FL 26 6 986
FL 26 9 9
FL 26 11 0
FL 26 14 9
FL 26 18 26
FL 26 20 40
FL 26 25 93
FL 26 32 492
FL 26 44 27
FL 26 48 41
FL 26 50 98
FL 26 52 15
FL 26 64 151
FL 26 71 225
FL 26 72 5
FL 26 77 5
FL 26 96 11
FL 26 98 115
FL 26 99 18
FL 26 107 208
FL 26 109 41
FL 26 113 193
FL 26 130 32
FL 26 139 376
FL 26 143 22
FL 26 147 141
FL 26 148 0
FL 27 116 16
FL 28 16 9
FL 28 36 8
FL 28 41 0
FL 28 46 0
FL 28 56 2
FL 28 74 3
FL 28 76 8
FL 28 87 100
FL 28 95 0
FL 28 106 41
FL 28 110 5
FL 28 117 55
FL 28 121 9
FL 28 142 7
FL 28 144 6
FL 28 150 4
FL 29 6 54
FL 29 9 6
FL 29 10 0
FL 29 11 0
FL 29 64 25
FL 29 65 4
FL 29 68 82
FL 29 73 0
FL 29 94 8
FL 29 105 95
FL 29 113 44
FL 29 135 8
FL 31 104 1
FL 32 26 40
FL 32 71 2
FL 32 78 160
FL 32 107 224
FL 32 147 93
FL 34 3 1
FL 34 6 97
FL 34 15 4
FL 34 31 285
FL 34 63 13
FL 34 65 4
FL 34 68 268
FL 34 73 1
FL 34 79 241
FL 34 83 3
FL 34 90 20
FL 34 94 14
FL 34 105 100
FL 34 112 5
FL 34 114 0
FL 34 125 1
FL 34 128 3
FL 34 134 0
FL 34 135 15
FL 35 1 72
FL 35 2 21
FL 35 5 4
FL 35 9 13
FL 35 12 23
FL 35 13 11
FL 35 14 16
FL 35 15 3
FL 35 18 74
FL 35 20 81
FL 35 24 50
FL 35 38 26
FL 35 43 4
FL 35 49 14
FL 35 51 11
FL 35 52 585
FL 35 54 0
FL 35 57 3
FL 35 58 178
FL 35 60 15
FL 35 61 20
FL 35 62 38
FL 35 67 56
FL 35 75 14
FL 35 77 6
FL 35 80 1
FL 35 81 5
FL 35 91 2
FL 35 96 2
FL 35 98 71
FL 35 99 38
FL 35 101 3
FL 35 104 0
FL 35 108 48
FL 35 111 0
FL 35 115 10
FL 35 119 78
FL 35 120 102
FL 35 129 49
FL 35 130 32
FL 35 131 14
FL 35 139 1
FL 35 142 11
FL 35 143 10
FL 35 146 26
FL 35 148 2
FL 35 149 2
FL 36 7 16
FL 36 13 8
FL 36 16 9
FL 36 17 24
FL 36 23 15
FL 36 28 0
FL 36 41 0
FL 36 46 0
FL 36 49 15
FL 36 56 6
FL 36 57 4
FL 36 61 20
FL 36 62 104
FL 36 74 3
FL 36 76 9
FL 36 87 59
FL 36 95 0
FL 36 97 55
FL 36 101 9
FL 36 106 55
FL 36 110 7
FL 36 117 111
FL 36 119 88
FL 36 121 11
FL 36 127 56
FL 36 133 14
FL 36 141 105
FL 36 142 12
FL 36 144 6
FL 36 150 5
FL 38 5 5
FL 38 9 13
FL 38 12 34
FL 38 13 7
FL 38 14 20
FL 38 15 8
FL 38 18 43
FL 38 20 14
FL 38 24 106
FL 38 35 11
FL 38 43 10
FL 38 51 10
FL 38 52 25
FL 38 54 0
FL 38 57 4
FL 38 58 78
FL 38 60 14
FL 38 61 27
FL 38 62 24
FL 38 67 54
FL 38 75 17
FL 38 77 12
FL 38 80 2
FL 38 81 10
FL 38 82 73
FL 38 91 3
FL 38 96 10
FL 38 99 31
FL 38 104 1
FL 38 108 46
FL 38 111 0
FL 38 115 15
FL 38 120 78
FL 38 129 58
FL 38 130 41
FL 38 139 1
FL 38 143 20
FL 38 148 2
FL 39 17 35
FL 39 40 8
FL 39 44 26
FL 39 53 17
FL 39 66 35
FL 39 83 11
FL 39 90 38
FL 39 91 9
FL 39 93 167
FL 39 100 0
FL 39 110 973
FL 39 111 0
FL 39 116 24
FL 39 118 79
FL 39 122 183
FL 39 126 16
FL 39 129 64
FL 39 133 34
FL 39 138 278
FL 39 140 181
FL 39 141 195
FL 39 146 18
FL 40 3 25
FL 40 17 17
FL 40 23 17
FL 40 39 77
FL 40 41 0
FL 40 56 14
FL 40 58 54
FL 40 66 32
FL 40 70 34
FL 40 76 17
FL 40 82 129
FL 40 83 11
FL 40 91 6
FL 40 93 163
FL 40 97 183
FL 40 100 0
FL 40 110 5
FL 40 111 0
FL 40 112 25
FL 40 116 11
FL 40 118 65
FL 40 122 172
FL 40 126 12
FL 40 127 168
FL 40 128 15
FL 40 129 63
FL 40 133 17
FL 40 140 156
FL 40 141 93
FL 40 150 5
FL 41 16 10
FL 41 17 15
FL 41 23 10
FL 41 28 0
FL 41 36 9
FL 41 40 0
FL 41 46 0
FL 41 56 3
FL 41 58 31
FL 41 66 20
FL 41 70 24
FL 41 74 5
FL 41 76 10
FL 41 87 70
FL 41 91 1
FL 41 95 0
FL 41 106 43
FL 41 110 6
FL 41 117 83
FL 41 121 10
FL 41 127 172
FL 41 128 7
FL 41 138 171
FL 41 144 6
FL 41 150 4
FL 43 5 0
FL 43 6 54
FL 43 8 143
FL 43 9 3
FL 43 11 0
FL 43 15 3
FL 43 18 33
FL 43 24 66
FL 43 25 85
FL 43 26 17
FL 43 35 0
FL 43 38 9
FL 43 39 3
FL 43 44 46
FL 43 45 1
FL 43 50 111
FL 43 51 0
FL 43 53 5
FL 43 54 0
FL 43 64 71
FL 43 67 40
FL 43 72 0
FL 43 80 0
FL 43 83 3
FL 43 85 0
FL 43 89 58
FL 43 94 866
FL 43 97 122
FL 43 98 103
FL 43 99 43
FL 43 104 0
FL 43 106 35
FL 43 108 30
FL 43 111 0
FL 43 113 80
FL 43 115 8
FL 43 119 71
FL 43 120 57
FL 43 130 17
FL 43 139 0
FL 43 142 6
FL 43 143 12
FL 43 146 4
FL 43 148 0
FL 43 149 0
FL 44 2 91
FL 44 6 51
FL 44 11 0
FL 44 15 2
FL 44 24 78
FL 44 25 50
FL 44 26 20
FL 44 39 23
FL 44 45 1
FL 44 53 5
FL 44 63 835
FL 44 64 35
FL 44 72 0
FL 44 73 0
FL 44 80 0
FL 44 85 0
FL 44 89 87
FL 44 96 580
FL 44 98 68
FL 44 104 0
FL 44 113 46
FL 44 120 64
FL 44 122 136
FL 44 139 0
FL 44 143 6
FL 44 149 0
FL 45 6 52
FL 45 8 114
FL 45 9 2
FL 45 11 0
FL 45 15 2
FL 45 24 133
FL 45 25 73
FL 45 43 0
FL 45 44 23
FL 45 53 1
FL 45 54 0
FL 45 63 458
FL 45 64 30
FL 45 72 1
FL 45 85 0
FL 45 89 178
FL 45 94 7
FL 45 104 0
FL 45 105 151
FL 45 111 0
FL 45 112 884
FL 45 113 80
FL 45 114 0
FL 45 134 0
FL 45 135 4
FL 45 139 0
FL 46 1 67
FL 46 7 8
FL 46 16 11
FL 46 17 14
FL 46 23 13
FL 46 28 0
FL 46 36 10
FL 46 41 0
FL 46 74 5
FL 46 76 11
FL 46 83 7
FL 46 87 53
FL 46 95 0
FL 46 106 54
FL 46 111 0
FL 46 117 75
FL 46 121 11
FL 46 133 14
FL 46 144 7
FL 46 150 5
FL 48 2 31
FL 48 12 54
FL 48 26 25
FL 48 49 17
FL 48 60 15
FL 48 62 56
FL 48 71 3
FL 48 78 180
FL 48 81 14
FL 48 123 11
FL 48 131 20
FL 48 146 19
FL 48 148 1
FL 49 1 20
FL 49 2 99
FL 49 5 4
FL 49 12 67
FL 49 13 6
FL 49 14 17
FL 49 16 11
FL 49 18 24
FL 49 20 72
FL 49 35 2
FL 49 36 8
FL 49 38 36
FL 49 48 82
FL 49 51 13
FL 49 52 4
FL 49 57 5
FL 49 60 8
FL 49 61 19
FL 49 62 28
FL 49 67 22
FL 49 74 175
FL 49 75 14
FL 49 77 9
FL 49 81 4
FL 49 87 69
FL 49 95 0
FL 49 96 2
FL 49 101 3
FL 49 106 34
FL 49 108 59
FL 49 115 6
FL 49 117 157
FL 49 119 74
FL 49 121 9
FL 49 123 4
FL 49 131 8
FL 49 139 0
FL 49 142 10
FL 49 144 2342
FL 49 146 12
FL 50 5 0
FL 50 6 50
FL 50 139 0
FL 51 1 49
FL 51 2 16
FL 51 5 3
FL 51 12 58
FL 51 13 9
FL 51 15 6
FL 51 18 61
FL 51 20 87
FL 51 35 2
FL 51 38 66
FL 51 43 1
FL 51 49 12
FL 51 52 634
FL 51 56 3
FL 51 57 8
FL 51 58 61
FL 51 60 12
FL 51 61 18
FL 51 62 22
FL 51 67 57
FL 51 70 24
FL 51 75 14
FL 51 77 3
FL 51 80 2
FL 51 81 4
FL 51 91 1
FL 51 96 2
FL 51 98 75
FL 51 101 3
FL 51 108 38
FL 51 109 140
FL 51 111 0
FL 51 115 9
FL 51 119 69
FL 51 122 77
FL 51 129 50
FL 51 130 31
FL 51 131 9
FL 51 139 0
FL 51 140 63
FL 51 142 9
FL 51 143 11
FL 51 146 9
FL 51 149 3
FL 52 1 27
FL 52 2 17
FL 52 5 71
FL 52 12 36
FL 52 13 32
FL 52 14 12
FL 52 18 40
FL 52 20 49
FL 52 26 62
FL 52 35 456
FL 52 38 42
FL 52 48 140
FL 52 49 15
FL 52 50 47
FL 52 51 1297
FL 52 60 15
FL 52 62 68
FL 52 67 14
FL 52 75 13
FL 52 77 3
FL 52 78 124
FL 52 81 5
FL 52 88 60
FL 52 96 2
FL 52 98 72
FL 52 101 4
FL 52 109 97
FL 52 123 12
FL 52 131 13
FL 52 139 0
FL 52 145 0
FL 52 146 16
FL 52 147 140
FL 52 148 2
FL 53 6 50
FL 53 7 3068
FL 53 8 31
FL 53 9 1
FL 53 11 0
FL 53 15 2
FL 53 24 83
FL 53 25 54
FL 53 39 29
FL 53 43 0
FL 53 44 47
FL 53 45 2
FL 53 54 0
FL 53 63 11
FL 53 64 28
FL 53 72 0
FL 53 83 726
FL 53 85 0
FL 53 89 58
FL 53 90 14
FL 53 91 487
FL 53 94 881
FL 53 97 170
FL 53 100 0
FL 53 104 0
FL 53 105 196
FL 53 111 0
FL 53 112 7
FL 53 113 75
FL 53 114 0
FL 53 118 27
FL 53 122 115
FL 53 126 861
FL 53 127 179
FL 53 130 5
FL 53 133 1780
FL 53 135 6
FL 53 139 0
FL 53 140 93
FL 53 141 66
FL 53 143 30
FL 53 150 3
FL 54 2 97
FL 54 6 51
FL 54 8 80
FL 54 9 1
FL 54 11 0
FL 54 24 129
FL 54 25 42
FL 54 35 0
FL 54 38 60
FL 54 43 0
FL 54 44 50
FL 54 45 2
FL 54 53 1
FL 54 63 3062
FL 54 64 41
FL 54 72 0
FL 54 85 0
FL 54 89 150
FL 54 90 6897
FL 54 94 7
FL 54 99 32
FL 54 104 0
FL 54 105 96
FL 54 113 43
FL 54 114 0
FL 54 120 60
FL 54 135 2
FL 54 139 0
FL 54 148 0
FL 56 13 6
FL 56 15 13
FL 56 17 29
FL 56 23 15
FL 56 28 0
FL 56 36 10
FL 56 40 9
FL 56 41 0
FL 56 51 15
FL 56 57 42
FL 56 58 72
FL 56 63 24
FL 56 66 41
FL 56 70 32
FL 56 76 11
FL 56 82 55
FL 56 83 8
FL 56 87 64
FL 56 91 4
FL 56 93 103
FL 56 95 0
FL 56 97 82
FL 56 100 0
FL 56 108 43
FL 56 110 9
FL 56 111 0
FL 56 115 17
FL 56 118 84
FL 56 119 71
FL 56 122 83
FL 56 126 10
FL 56 129 54
FL 56 133 14
FL 56 140 153
FL 56 141 91
FL 56 144 9
FL 56 146 841
FL 56 150 5
FL 57 1 70
FL 57 5 17
FL 57 12 135
FL 57 13 43
FL 57 16 12
FL 57 18 75
FL 57 20 36
FL 57 36 16
FL 57 38 47
FL 57 49 18
FL 57 51 21
FL 57 56 786
FL 57 58 85
FL 57 60 19
FL 57 61 27
FL 57 67 85
FL 57 77 6057
FL 57 81 16
FL 57 82 89
FL 57 91 11
FL 57 96 17
FL 57 101 18
FL 57 106 71
FL 57 111 1
FL 57 117 53
FL 57 121 11
FL 57 129 71
FL 57 130 49
FL 57 131 27
FL 57 139 2
FL 57 142 15
FL 57 143 11
FL 58 5 125
FL 58 13 26
FL 58 15 10
FL 58 17 57
FL 58 20 43
FL 58 23 18
FL 58 35 695
FL 58 38 37
FL 58 40 10
FL 58 51 23
FL 58 56 18
FL 58 57 9
FL 58 60 782
FL 58 61 25
FL 58 66 44
FL 58 70 35
FL 58 76 15
FL 58 82 109
FL 58 91 8
FL 58 97 103
FL 58 100 0
FL 58 108 90
FL 58 111 0
FL 58 112 33
FL 58 115 19
FL 58 119 110
FL 58 126 15
FL 58 128 20
FL 58 129 72
FL 58 139 2
FL 58 142 14
FL 58 150 6
FL 60 1 16
FL 60 2 15
FL 60 5 3
FL 60 12 30
FL 60 13 40
FL 60 14 15
FL 60 18 36
FL 60 20 53
FL 60 26 36
FL 60 35 1
FL 60 38 65
FL 60 48 71
FL 60 49 13
FL 60 50 47
FL 60 51 6
FL 60 52 2
FL 60 57 4
FL 60 58 32
FL 60 61 17
FL 60 62 56
FL 60 67 24
FL 60 75 12
FL 60 77 0
FL 60 78 99
FL 60 81 2
FL 60 88 28
FL 60 91 1
FL 60 96 2
FL 60 98 117
FL 60 101 3
FL 60 108 23
FL 60 115 9
FL 60 119 69
FL 60 123 5
FL 60 129 49
FL 60 130 23
FL 60 131 11
FL 60 139 0
FL 60 142 12
FL 60 143 10
FL 60 145 0
FL 60 146 7
FL 61 5 15
FL 61 12 45
FL 61 13 10
FL 61 16 6447
FL 61 17 979
FL 61 20 35
FL 61 35 28
FL 61 36 2484
FL 61 38 55
FL 61 51 21
FL 61 57 5
FL 61 58 38
FL 61 60 20
FL 61 62 37
FL 61 67 58
FL 61 70 22
FL 61 76 5896
FL 61 81 14
FL 61 82 35
FL 61 87 75
FL 61 91 8
FL 61 96 15
FL 61 101 14
FL 61 106 44
FL 61 108 61
FL 61 115 16
FL 61 129 59
FL 61 139 3
FL 62 1 64
FL 62 2 145
FL 62 5 23
FL 62 14 100
FL 62 16 16
FL 62 18 60
FL 62 20 31
FL 62 36 17
FL 62 38 32
FL 62 48 111
FL 62 49 20
FL 62 52 22
FL 62 60 24
FL 62 61 22
FL 62 67 55
FL 62 75 27
FL 62 77 44
FL 62 81 17
FL 62 95 0
FL 62 96 22
FL 62 101 19
FL 62 121 11
FL 62 123 18
FL 62 139 5
FL 62 142 15
FL 62 143 4
FL 62 144 10
FL 62 146 32
FL 63 3 1
FL 63 5 5
FL 63 8 117
FL 63 10 0
FL 63 24 98
FL 63 25 49
FL 63 31 171
FL 63 34 9
FL 63 39 61
FL 63 44 40
FL 63 45 975
FL 63 53 7
FL 63 54 1
FL 63 56 2
FL 63 65 884
FL 63 66 14
FL 63 83 4
FL 63 90 17
FL 63 94 13
FL 63 100 0
FL 63 104 0
FL 63 105 73
FL 63 111 0
FL 63 112 7
FL 63 114 0
FL 63 118 41
FL 63 122 84
FL 63 126 4
FL 63 135 16
FL 63 140 94
FL 64 6 51
FL 64 8 142
FL 64 9 1
FL 64 11 0
FL 64 15 4
FL 64 26 635
FL 64 29 582
FL 64 43 0
FL 64 44 43
FL 64 53 2
FL 64 54 0
FL 64 72 0
FL 64 80 0
FL 64 89 61
FL 64 98 1641
FL 64 99 53
FL 64 104 0
FL 64 111 0
FL 64 120 86
FL 64 130 5
FL 64 139 0
FL 64 143 15
FL 64 148 0
FL 65 3 2
FL 65 6 94
FL 65 10 0
FL 65 29 2
FL 65 31 151
FL 65 34 9
FL 65 63 11
FL 65 68 195
FL 65 73 2
FL 65 79 191
FL 65 105 89
FL 65 112 24
FL 65 114 0
FL 65 125 4
FL 65 135 16
FL 66 3 2042
FL 66 7 9
FL 66 17 19
FL 66 27 444
FL 66 39 38
FL 66 40 1
FL 66 41 0
FL 66 56 261
FL 66 58 72
FL 66 63 19
FL 66 70 30
FL 66 83 758
FL 66 90 21
FL 66 91 2
FL 66 93 61
FL 66 97 60
FL 66 100 0
FL 66 110 9
FL 66 112 29
FL 66 114 0
FL 66 116 3363
FL 66 118 16
FL 66 122 96
FL 66 126 7
FL 66 127 87
FL 66 128 5294
FL 66 129 52
FL 66 133 12
FL 66 138 289
FL 66 140 99
FL 66 141 159
FL 66 150 5
FL 67 1 36
FL 67 5 23
FL 67 12 85
FL 67 13 31
FL 67 20 22
FL 67 35 37
FL 67 38 65
FL 67 51 41
FL 67 52 34
FL 67 57 22
FL 67 60 32
FL 67 61 33
FL 67 62 66
FL 67 70 2200
FL 67 81 26
FL 67 82 23
FL 67 83 17
FL 67 91 17
FL 67 98 102
FL 67 101 22
FL 67 111 0
FL 67 115 22
FL 67 129 79
FL 67 139 6
FL 67 143 19
FL 67 146 60
FL 68 9 14
FL 68 24 87
FL 68 29 2
FL 68 34 10
FL 68 65 7
FL 68 79 282
FL 68 94 17
FL 68 105 125
FL 68 114 0
FL 70 13 19
FL 70 15 195
FL 70 17 39
FL 70 20 45
FL 70 23 19
FL 70 40 7
FL 70 41 0
FL 70 51 22
FL 70 56 15
FL 70 58 72
FL 70 61 17129
FL 70 66 45
FL 70 67 58
FL 70 82 92
FL 70 83 10
FL 70 91 8
FL 70 97 51
FL 70 108 70
FL 70 110 18
FL 70 111 0
FL 70 115 635
FL 70 119 358
FL 70 122 64
FL 70 126 14
FL 70 129 73
FL 70 139 543
FL 70 140 153
FL 71 2 316
FL 71 9 1
FL 71 11 0
FL 71 12 618
FL 71 20 79
FL 71 26 59
FL 71 32 592
FL 71 48 158
FL 71 50 93
FL 71 77 26
FL 71 78 123
FL 71 80 412
FL 71 85 0
FL 71 88 15
FL 71 99 40
FL 71 107 143
FL 71 120 67
FL 71 130 16733
FL 71 145 0
FL 71 147 132
FL 71 148 439
FL 71 149 892
FL 72 6 50
FL 72 8 83
FL 72 9 2
FL 72 11 0
FL 72 15 2
FL 72 25 79
FL 72 26 33
FL 72 43 0
FL 72 44 63
FL 72 45 2
FL 72 50 123
FL 72 53 2
FL 72 54 0
FL 72 64 29
FL 72 78 114
FL 72 80 0
FL 72 85 0
FL 72 88 5
FL 72 89 104
FL 72 96 2
FL 72 99 25
FL 72 104 0
FL 72 109 51
FL 72 113 54
FL 72 120 121
FL 72 130 18
FL 72 139 0
FL 72 143 23
FL 72 147 172
FL 72 148 1
FL 72 149 0
FL 73 5 113
FL 73 11 0
FL 73 135 2605
FL 73 139 365
FL 74 16 8
FL 74 28 0
FL 74 36 6
FL 74 41 0
FL 74 46 0
FL 74 49 12
FL 74 87 76
FL 74 95 0
FL 74 106 46
FL 74 117 128
FL 74 121 7
FL 74 144 5
FL 74 150 3
FL 75 1 89
FL 75 2 26
FL 75 12 8
FL 75 14 15
FL 75 18 56
FL 75 24 117
FL 75 26 31
FL 75 35 4
FL 75 38 25
FL 75 48 140
FL 75 49 9
FL 75 51 12
FL 75 52 11
FL 75 60 8
FL 75 62 27
FL 75 67 19
FL 75 77 14
FL 75 78 94
FL 75 80 1
FL 75 88 28
FL 75 96 3
FL 75 98 76
FL 75 101 4
FL 75 109 122
FL 75 115 9
FL 75 123 4
FL 75 131 12
FL 75 146 6
FL 75 147 68
FL 75 149 2
FL 76 28 0
FL 76 56 27
FL 76 61 28
FL 76 83 18
FL 76 117 65
FL 76 121 3933
FL 76 129 81
FL 77 1 654
FL 77 2 99
FL 77 5 2166
FL 77 6 58
FL 77 11 0
FL 77 13 1787
FL 77 14 1251
FL 77 18 23
FL 77 20 30
FL 77 24 119
FL 77 25 91
FL 77 26 28
FL 77 35 1
FL 77 38 26
FL 77 48 59
FL 77 49 3903
FL 77 50 123
FL 77 51 6
FL 77 52 6
FL 77 57 133
FL 77 60 6
FL 77 62 56
FL 77 64 53
FL 77 67 17
FL 77 71 1
FL 77 75 2079
FL 77 80 1
FL 77 85 1
FL 77 88 17
FL 77 96 2
FL 77 98 105
FL 77 99 70
FL 77 101 1505
FL 77 108 422
FL 77 109 222
FL 77 113 92
FL 77 115 423
FL 77 119 1726
FL 77 120 77
FL 77 130 22
FL 77 131 2038
FL 77 139 0
FL 77 143 15
FL 77 145 0
FL 77 146 791
FL 77 147 107
FL 77 148 1
FL 77 149 0
FL 80 2 14
FL 80 5 1
FL 80 6 55
FL 80 9 2
FL 80 11 0
FL 80 14 6
FL 80 15 2
FL 80 18 77
FL 80 25 40
FL 80 26 14
FL 80 35 0
FL 80 38 15
FL 80 43 0
FL 80 44 27
FL 80 48 126
FL 80 50 32
FL 80 51 1
FL 80 64 34
FL 80 67 36
FL 80 71 1
FL 80 72 0
FL 80 75 11
FL 80 77 0
FL 80 78 115
FL 80 85 0
FL 80 96 2
FL 80 98 109
FL 80 99 69
FL 80 109 49
FL 80 113 44
FL 80 115 3
FL 80 120 96
FL 80 130 16
FL 80 139 0
FL 80 143 10
FL 80 146 2
FL 80 147 36
FL 80 148 1
FL 80 149 0
FL 81 1 81
FL 81 5 5
FL 81 12 29
FL 81 13 5
FL 81 14 40
FL 81 20 64
FL 81 35 2
FL 81 38 7
FL 81 48 80
FL 81 49 15
FL 81 51 15
FL 81 52 11
FL 81 57 3
FL 81 60 16
FL 81 61 22
FL 81 62 48
FL 81 67 54
FL 81 78 87
FL 81 88 50
FL 81 96 2
FL 81 98 64
FL 81 101 4
FL 81 108 42
FL 81 115 12
FL 81 123 12
FL 81 129 51
FL 81 131 14
FL 81 139 0
FL 81 142 14
FL 81 145 0
FL 81 146 4
FL 82 5 29
FL 82 16 24
FL 82 17 77
FL 82 38 46
FL 82 40 11
FL 82 58 75
FL 82 61 38
FL 82 106 69
FL 82 111 0
FL 82 118 80
FL 82 122 113
FL 83 3 0
FL 83 15 5
FL 83 17 13
FL 83 23 6
FL 83 34 5
FL 83 39 41
FL 83 40 0
FL 83 43 1
FL 83 46 0
FL 83 53 10
FL 83 56 3
FL 83 63 13
FL 83 66 14
FL 83 67 22
FL 83 70 23
FL 83 76 8
FL 83 90 21
FL 83 100 0
FL 83 111 0
FL 83 114 0
FL 83 118 26
FL 83 122 75
FL 83 125 2
FL 83 126 7
FL 83 128 7
FL 83 129 50
FL 83 140 142
FL 83 146 16
FL 85 2 14
FL 85 6 47
FL 85 9 3
FL 85 11 0
FL 85 15 2
FL 85 26 13
FL 85 43 0
FL 85 44 32
FL 85 45 2
FL 85 50 96
FL 85 53 2
FL 85 54 0
FL 85 71 1
FL 85 72 0
FL 85 77 0
FL 85 78 113
FL 85 80 0
FL 85 88 17
FL 85 89 57
FL 85 98 112
FL 85 99 54
FL 85 104 0
FL 85 111 0
FL 85 120 53
FL 85 130 18
FL 85 139 0
FL 85 143 10
FL 85 145 0
FL 85 148 1
FL 87 7 17
FL 87 13 116
FL 87 16 39
FL 87 17 57
FL 87 28 0
FL 87 46 0
FL 87 49 25
FL 87 56 45
FL 87 61 56
FL 87 93 102
FL 87 95 0
FL 87 106 102
FL 87 117 104
FL 87 121 12
FL 87 127 142
FL 87 133 50
FL 87 141 119
FL 87 142 18
FL 87 150 15
FL 88 12 136
FL 88 18 52
FL 88 72 7
FL 88 96 4150
FL 88 99 76
FL 88 148 108
FL 89 72 6
FL 90 3 10
FL 90 6 93
FL 90 15 6
FL 90 31 184
FL 90 34 6
FL 90 39 962
FL 90 53 7
FL 90 54 2
FL 90 63 17
FL 90 66 30
FL 90 83 7
FL 90 94 691
FL 90 97 103
FL 90 100 0
FL 90 112 16
FL 90 114 0
FL 90 118 67
FL 90 125 2005
FL 90 126 5
FL 90 133 1288
FL 91 5 486
FL 91 13 6
FL 91 15 8
FL 91 17 32
FL 91 20 27
FL 91 23 10
FL 91 35 2
FL 91 38 30
FL 91 39 53
FL 91 40 0
FL 91 41 0
FL 91 51 15
FL 91 53 11
FL 91 56 3
FL 91 57 5
FL 91 58 63
FL 91 60 15
FL 91 61 20
FL 91 66 22
FL 91 67 20
FL 91 70 24
FL 91 76 10
FL 91 82 22
FL 91 97 96
FL 91 108 69
FL 91 111 0
FL 91 112 25
FL 91 115 12
FL 91 118 27
FL 91 119 76
FL 91 126 8
FL 91 129 52
FL 91 133 12
FL 91 139 0
FL 91 142 14
FL 91 146 72
FL 91 150 5
FL 93 138 250
FL 94 6 101
FL 94 8 146
FL 94 10 0
FL 94 24 45
FL 94 29 1
FL 94 31 97
FL 94 34 5
FL 94 43 0
FL 94 45 3
FL 94 53 9
FL 94 54 0
FL 94 63 13
FL 94 68 214
FL 94 73 0
FL 94 89 186
FL 94 90 16
FL 94 104 0
FL 94 105 210
FL 94 112 46
FL 94 114 0
FL 94 134 0
FL 94 135 10
FL 95 7 7
FL 95 16 9
FL 95 17 41
FL 95 28 0
FL 95 36 8
FL 95 41 0
FL 95 46 0
FL 95 49 14
FL 95 56 3
FL 95 62 73
FL 95 74 3
FL 95 76 8
FL 95 87 48
FL 95 93 72
FL 95 106 108
FL 95 110 11
FL 95 118 32
FL 95 119 67
FL 95 121 9
FL 95 127 106
FL 95 141 77
FL 95 142 7
FL 95 144 6
FL 95 150 4
FL 96 1 108
FL 96 2 33
FL 96 5 21
FL 96 12 34
FL 96 14 56
FL 96 15 11
FL 96 20 63
FL 96 26 44
FL 96 35 16
FL 96 38 27
FL 96 44 42
FL 96 48 88
FL 96 49 22
FL 96 51 23
FL 96 57 14
FL 96 60 25
FL 96 61 25
FL 96 62 57
FL 96 72 6
FL 96 80 4
FL 96 81 2460
FL 96 88 231
FL 96 101 2317
FL 96 104 2
FL 96 108 43
FL 96 115 21
FL 96 119 202
FL 96 120 93
FL 96 129 67
FL 96 131 20
FL 96 142 15
FL 96 146 75
FL 96 148 3
FL 97 15 10
FL 97 114 0
FL 98 5 279
FL 98 6 149
FL 98 11 0
FL 98 26 61
FL 98 43 4
FL 98 44 24
FL 98 50 83
FL 98 51 759
FL 98 64 66
FL 98 67 1548
FL 98 78 129
FL 98 99 29
FL 98 113 59
FL 98 139 4
FL 98 143 14
FL 99 2 28
FL 99 6 86
FL 99 9 13
FL 99 11 0
FL 99 18 40
FL 99 26 16
FL 99 35 438
FL 99 38 41
FL 99 43 5
FL 99 50 48
FL 99 54 0
FL 99 64 45
FL 99 71 1
FL 99 72 4
FL 99 77 12
FL 99 80 4
FL 99 88 37
FL 99 98 77
FL 99 107 189
FL 99 109 147
FL 99 113 75
FL 99 120 97
FL 99 130 28
FL 99 143 12
FL 99 145 0
FL 99 147 111
FL 99 149 4
FL 100 7 7
FL 100 39 28
FL 100 40 1
FL 100 53 11
FL 100 56 3
FL 100 58 76
FL 100 63 15
FL 100 66 21
FL 100 82 40
FL 100 83 4
FL 100 90 24
FL 100 97 137
FL 100 111 0
FL 100 116 9
FL 100 118 50
FL 100 122 55
FL 100 126 8
FL 100 127 45
FL 100 129 53
FL 100 133 13
FL 100 138 158
FL 100 140 66
FL 100 141 111
FL 101 1 5
FL 101 2 337
FL 101 5 22
FL 101 12 62
FL 101 14 746
FL 101 16 19
FL 101 18 29
FL 101 20 27
FL 101 36 20
FL 101 57 16
FL 101 60 25
FL 101 61 26
FL 101 62 61
FL 101 67 70
FL 101 77 38
FL 101 81 19
FL 101 96 995
FL 101 106 87
FL 101 117 70
FL 101 123 2493
FL 101 131 19
FL 101 139 6
FL 101 142 15
FL 104 5 13
FL 104 6 53
FL 104 8 97
FL 104 11 0
FL 104 15 2
FL 104 24 146
FL 104 25 53
FL 104 31 151
FL 104 35 6
FL 104 38 17
FL 104 43 3
FL 104 44 27
FL 104 45 4
FL 104 53 11
FL 104 54 0
FL 104 63 19
FL 104 64 57
FL 104 72 3
FL 104 73 0
FL 104 85 0
FL 104 89 98
FL 104 94 15
FL 104 96 7
FL 104 98 127
FL 104 105 96
FL 104 112 302
FL 104 113 56
FL 104 114 0
FL 104 135 14
FL 104 139 2
FL 106 1 68
FL 106 17 141
FL 106 61 69
FL 106 74 4
FL 106 82 97
FL 106 97 190
FL 106 129 129
FL 106 150 19
FL 107 2 140
FL 107 26 46
FL 108 1 84
FL 108 2 201
FL 108 5 40
FL 108 35 28
FL 108 38 36
FL 108 56 537
FL 108 58 67
FL 108 61 44
FL 108 70 424
FL 108 77 132
FL 108 91 13
FL 108 96 52
FL 108 111 1
FL 109 18 91
FL 109 72 8
FL 109 99 85
FL 109 120 75
FL 109 145 0
FL 109 148 4
FL 110 13 305
FL 110 17 81
FL 110 39 160
FL 110 40 2163
FL 110 118 84
FL 110 122 139
FL 110 140 142
FL 111 5 9
FL 111 6 50
FL 111 8 69
FL 111 11 0
FL 111 13 17
FL 111 15 2
FL 111 17 7
FL 111 23 2749
FL 111 24 79
FL 111 25 59
FL 111 35 2
FL 111 38 23
FL 111 39 52
FL 111 40 1114
FL 111 43 0
FL 111 45 2
FL 111 46 0
FL 111 51 15
FL 111 53 9
FL 111 56 3
FL 111 57 6697
FL 111 58 67
FL 111 63 15
FL 111 64 32
FL 111 67 28
FL 111 70 25
FL 111 82 101
FL 111 83 8
FL 111 85 0
FL 111 91 3
FL 111 97 78
FL 111 100 0
FL 111 108 756
FL 111 113 86
FL 111 115 14
FL 111 118 50
FL 111 122 80
FL 111 129 50
FL 111 130 31
FL 111 139 1
FL 111 140 98
FL 111 143 15
FL 111 146 7
FL 111 148 452
FL 111 150 6
FL 112 3 31
FL 112 10 0
FL 112 24 165
FL 112 34 22
FL 112 40 36
FL 112 45 724
FL 112 58 556
FL 112 63 40
FL 112 65 17
FL 112 90 60
FL 112 91 28
FL 112 104 1046
FL 112 105 132
FL 112 114 0
FL 112 118 50
FL 112 126 28
FL 113 6 45
FL 113 8 96
FL 113 9 7
FL 113 15 2
FL 113 26 18
FL 113 29 2
FL 113 43 0
FL 113 44 36
FL 113 53 8
FL 113 72 1
FL 113 77 26
FL 113 80 1
FL 113 98 192
FL 113 99 35
FL 113 104 1
FL 113 111 18
FL 113 120 53
FL 113 130 28
FL 113 139 0
FL 113 143 20
FL 113 148 1
FL 114 3 8
FL 114 5 6
FL 114 6 46
FL 114 8 62
FL 114 11 0
FL 114 15 2
FL 114 24 84
FL 114 34 7
FL 114 45 2
FL 114 53 6
FL 114 54 0
FL 114 63 15
FL 114 65 1326
FL 114 66 14595
FL 114 68 310
FL 114 73 0
FL 114 83 748
FL 114 90 21
FL 114 94 10
FL 114 97 104
FL 114 104 1
FL 114 105 78
FL 114 112 12
FL 114 118 1949
FL 114 126 1453
FL 114 135 9
FL 115 1 31
FL 115 2 25
FL 115 5 5
FL 115 13 16
FL 115 14 20
FL 115 15 92
FL 115 18 27
FL 115 20 65
FL 115 25 54
FL 115 35 2
FL 115 38 24
FL 115 43 3
FL 115 49 14
FL 115 50 65
FL 115 51 13
FL 115 56 2
FL 115 57 4
FL 115 58 32
FL 115 60 11
FL 115 61 21
FL 115 62 43
FL 115 67 23
FL 115 70 72
FL 115 75 15
FL 115 77 2001
FL 115 80 3
FL 115 81 6
FL 115 82 88
FL 115 91 3
FL 115 96 4
FL 115 101 5
FL 115 108 18
FL 115 111 0
FL 115 119 68
FL 115 129 53
FL 115 130 26
FL 115 131 13
FL 115 139 0
FL 115 142 14
FL 115 143 13
FL 115 146 6
FL 115 149 2
FL 116 3 2
FL 116 27 634
FL 116 39 42
FL 116 40 0
FL 116 66 12
FL 116 93 224
FL 116 100 0
FL 116 110 10
FL 116 118 36
FL 116 127 182
FL 116 128 6
FL 116 133 12
FL 116 138 151
FL 116 141 187
FL 116 150 4
FL 117 1 179
FL 117 17 203
FL 117 18 97
FL 117 46 0
FL 117 57 214
FL 117 74 8
FL 117 87 150
FL 117 101 67
FL 117 121 17
FL 117 142 29
FL 117 150 25
FL 118 82 96
FL 118 95 0
FL 118 110 93
FL 118 112 2012
FL 118 114 1
FL 119 2 620
FL 119 12 54
FL 119 16 11
FL 119 18 38
FL 119 36 10
FL 119 49 18
FL 119 56 106
FL 119 58 52
FL 119 70 1894
FL 119 77 161
FL 119 91 7
FL 119 95 0
FL 119 96 697
FL 119 106 38
FL 119 142 11
FL 120 18 41
FL 120 35 1
FL 120 38 27
FL 120 44 44
FL 120 54 0
FL 120 64 33
FL 120 71 1
FL 120 107 244
FL 120 109 71
FL 120 147 75
FL 121 13 5
FL 121 16 9
FL 121 18 23
FL 121 28 0
FL 121 36 8
FL 121 41 0
FL 121 46 0
FL 121 49 13
FL 121 57 10
FL 121 62 55
FL 121 74 3
FL 121 76 3
FL 121 87 33
FL 121 95 0
FL 121 101 3
FL 121 106 66
FL 121 117 39
FL 121 142 1864
FL 121 144 6
FL 121 150 3
FL 122 82 87
FL 122 93 304
FL 122 110 125
FL 123 12 29
FL 123 14 33
FL 123 18 56
FL 123 20 33
FL 123 48 86
FL 123 49 17
FL 123 52 19
FL 123 60 20
FL 123 62 37
FL 123 75 22
FL 123 78 108
FL 123 81 8
FL 123 88 43
FL 123 101 4
FL 123 109 92
FL 123 145 0
FL 123 147 119
FL 125 3 11
FL 125 17 10
FL 125 34 17
FL 125 65 14
FL 125 83 8
FL 125 90 21
FL 125 128 11
FL 126 23 8
FL 126 39 60
FL 126 40 2
FL 126 53 10
FL 126 56 2
FL 126 58 78
FL 126 63 15
FL 126 66 20
FL 126 70 25
FL 126 83 4
FL 126 90 22
FL 126 91 2
FL 126 97 54
FL 126 100 0
FL 126 112 26
FL 126 114 2
FL 126 118 54
FL 126 122 56
FL 126 129 334
FL 126 133 13
FL 126 140 115
FL 127 7 25
FL 127 53 17
FL 127 87 167
FL 127 118 190
FL 128 3 1
FL 128 31 207
FL 128 34 2891
FL 128 40 0
FL 128 41 0
FL 128 58 31
FL 128 66 11
FL 128 83 3
FL 128 116 10
FL 128 125 1
FL 128 138 249
FL 129 5 37
FL 129 13 85
FL 129 15 19
FL 129 17 111
FL 129 20 59
FL 129 23 27
FL 129 35 44
FL 129 38 90
FL 129 39 182
FL 129 40 32
FL 129 51 33
FL 129 57 78
FL 129 58 132
FL 129 61 138
FL 129 66 81
FL 129 67 140
FL 129 70 95
FL 129 76 21
FL 129 81 27
FL 129 82 66
FL 129 83 26
FL 129 91 25
FL 129 96 54
FL 129 97 71
FL 129 100 0
FL 129 106 52
FL 129 115 24
FL 129 118 92
FL 129 122 93
FL 129 126 355
FL 129 133 35
FL 129 139 89
FL 129 142 468
FL 129 146 39
FL 130 5 131
FL 130 6 51
FL 130 9 9429
FL 130 11 0
FL 130 13 420
FL 130 15 6
FL 130 18 56
FL 130 20 36
FL 130 25 84
FL 130 26 12
FL 130 35 859
FL 130 38 70
FL 130 44 52
FL 130 51 1166
FL 130 53 7
FL 130 57 202
FL 130 60 1621
FL 130 64 26
FL 130 71 141
FL 130 72 523
FL 130 80 325
FL 130 99 43
FL 130 111 0
FL 130 113 88
FL 130 115 545
FL 130 143 42
FL 130 146 935
FL 131 1 15
FL 131 2 30
FL 131 5 4
FL 131 12 21
FL 131 13 3
FL 131 14 15
FL 131 18 44
FL 131 20 54
FL 131 35 4
FL 131 38 33
FL 131 48 86
FL 131 49 10
FL 131 51 10
FL 131 52 6
FL 131 57 3
FL 131 60 7
FL 131 61 20
FL 131 62 42
FL 131 67 17
FL 131 75 12
FL 131 77 16
FL 131 81 6
FL 131 82 46
FL 131 96 3
FL 131 101 4
FL 131 108 24
FL 131 109 129
FL 131 115 7
FL 131 119 69
FL 131 129 51
FL 131 139 0
FL 131 142 11
FL 131 146 6
FL 131 149 1
FL 133 7 7
FL 133 23 11
FL 133 36 11
FL 133 39 27
FL 133 40 1
FL 133 46 0
FL 133 53 6
FL 133 56 6
FL 133 66 19
FL 133 82 109
FL 133 87 51
FL 133 90 18
FL 133 91 3
FL 133 93 131
FL 133 97 136
FL 133 100 0
FL 133 110 15
FL 133 116 8
FL 133 118 37
FL 133 122 68
FL 133 126 5
FL 133 127 182
FL 133 129 54
FL 133 138 316
FL 133 140 103
FL 133 141 159
FL 134 8 146
FL 134 10 0
FL 134 11 0
FL 134 31 166
FL 134 34 5
FL 134 45 3
FL 134 68 146
FL 134 73 0
FL 134 79 343
FL 134 89 159
FL 134 94 9
FL 134 105 96
FL 134 135 8
FL 135 5 27
FL 135 6 96
FL 135 8 110
FL 135 10 0
FL 135 24 86
FL 135 29 1
FL 135 31 194
FL 135 34 5
FL 135 45 1
FL 135 53 9
FL 135 54 0
FL 135 63 12
FL 135 65 5
FL 135 68 80
FL 135 73 0
FL 135 89 60
FL 135 94 7
FL 135 104 0
FL 135 105 158
FL 135 112 17
FL 135 114 0
FL 135 134 0
FL 135 139 3
FL 138 93 124
FL 139 1 26
FL 139 2 16
FL 139 5 2
FL 139 6 48
FL 139 11 0
FL 139 12 38
FL 139 13 3
FL 139 15 2
FL 139 20 13
FL 139 24 92
FL 139 25 109
FL 139 26 22
FL 139 35 2
FL 139 38 15
FL 139 43 0
FL 139 44 42
FL 139 45 3
FL 139 49 13
FL 139 50 125
FL 139 51 6
FL 139 52 0
FL 139 53 8
FL 139 54 0
FL 139 57 4
FL 139 58 32
FL 139 60 11
FL 139 61 17
FL 139 62 28
FL 139 64 46
FL 139 67 26
FL 139 70 237
FL 139 72 2
FL 139 73 0
FL 139 77 0
FL 139 80 0
FL 139 81 1
FL 139 85 0
FL 139 89 78
FL 139 91 1
FL 139 96 3
FL 139 98 55
FL 139 101 3
FL 139 104 0
FL 139 108 39
FL 139 111 0
FL 139 113 47
FL 139 115 8
FL 139 119 68
FL 139 120 40
FL 139 129 709
FL 139 130 25
FL 139 131 10
FL 139 135 11
FL 139 142 7
FL 139 143 5
FL 139 146 2
FL 139 148 1
FL 139 149 1
FL 140 110 283
FL 141 23 31
FL 142 1 31
FL 142 5 4
FL 142 12 53
FL 142 13 5
FL 142 16 10
FL 142 18 36
FL 142 20 56
FL 142 28 0
FL 142 35 2
FL 142 36 9
FL 142 38 43
FL 142 43 3
FL 142 49 12
FL 142 51 11
FL 142 57 5
FL 142 58 65
FL 142 60 10
FL 142 61 23
FL 142 62 28
FL 142 67 30
FL 142 81 7
FL 142 87 23
FL 142 91 1
FL 142 95 0
FL 142 96 2
FL 142 101 4
FL 142 106 35
FL 142 108 24
FL 142 115 9
FL 142 117 110
FL 142 119 76
FL 142 121 5
FL 142 129 52
FL 142 131 11
FL 142 139 0
FL 142 146 15
FL 143 2 15
FL 143 5 70
FL 143 6 50
FL 143 9 106
FL 143 11 0
FL 143 13 3
FL 143 15 4
FL 143 25 80
FL 143 26 25
FL 143 35 1
FL 143 38 36
FL 143 44 29
FL 143 51 3
FL 143 53 4003
FL 143 57 3
FL 143 60 12
FL 143 62 27
FL 143 64 55
FL 143 67 26
FL 143 72 2
FL 143 80 0
FL 143 85 2
FL 143 98 53
FL 143 99 52
FL 143 111 0
FL 143 113 67
FL 143 115 9
FL 143 120 131
FL 143 130 22
FL 143 148 1
FL 144 13 4
FL 144 16 11
FL 144 17 7
FL 144 28 0
FL 144 36 8
FL 144 41 0
FL 144 46 0
FL 144 49 9
FL 144 56 3
FL 144 62 44
FL 144 74 3
FL 144 87 85
FL 144 95 0
FL 144 106 39
FL 144 117 37
FL 144 119 67
FL 144 121 10
FL 144 127 141
FL 144 150 5
FL 145 2 16
FL 145 12 62
FL 145 14 9
FL 145 20 22
FL 145 32 501
FL 145 48 45
FL 145 50 119
FL 145 52 6
FL 145 60 15
FL 145 71 1
FL 145 77 3
FL 145 78 146
FL 145 81 3
FL 145 85 2
FL 145 88 34
FL 145 99 36
FL 145 107 269
FL 145 109 78
FL 145 123 12
FL 145 147 92
FL 146 2 145
FL 146 20 104
FL 146 39 176
FL 146 48 173
FL 146 51 46
FL 146 52 30
FL 146 56 1067
FL 146 62 114
FL 146 67 131
FL 146 75 41
FL 146 77 74
FL 146 82 108
FL 146 83 25
FL 146 91 1718
FL 146 96 66
FL 146 111 0
FL 146 115 42
FL 146 129 137
FL 146 130 53
FL 146 139 15
FL 146 149 6
FL 147 2 151
FL 147 14 404
FL 147 52 53
FL 147 72 10
FL 147 80 8
FL 147 99 110
FL 147 120 123
FL 147 148 9
FL 148 2 15
FL 148 5 3
FL 148 6 49
FL 148 9 11
FL 148 11 0
FL 148 14 5
FL 148 18 22
FL 148 25 93
FL 148 26 30
FL 148 35 1
FL 148 38 41
FL 148 43 0
FL 148 44 36
FL 148 48 46
FL 148 50 163
FL 148 52 0
FL 148 54 0
FL 148 64 55
FL 148 71 1
FL 148 72 2
FL 148 77 1
FL 148 80 0
FL 148 85 2
FL 148 88 2648
FL 148 96 3
FL 148 98 55
FL 148 99 56
FL 148 109 133
FL 148 111 0
FL 148 113 98
FL 148 120 37
FL 148 130 27
FL 148 139 0
FL 148 143 12
FL 148 147 48
FL 148 149 0
FL 149 2 15
FL 149 5 4
FL 149 6 226
FL 149 9 12
FL 149 11 0
FL 149 14 13
FL 149 15 2
FL 149 18 36
FL 149 26 26
FL 149 35 1
FL 149 38 25
FL 149 43 0
FL 149 44 45
FL 149 48 74
FL 149 50 72
FL 149 51 6
FL 149 67 25
FL 149 71 111
FL 149 72 5
FL 149 75 12
FL 149 77 0
FL 149 78 130
FL 149 80 1
FL 149 96 5
FL 149 98 97
FL 149 99 48
FL 149 115 9
FL 149 120 39
FL 149 130 30
FL 149 131 11
FL 149 139 0
FL 149 143 7
FL 149 146 6
FL 149 148 1
FL 150 16 8
FL 150 17 16
FL 150 23 10
FL 150 28 0
FL 150 36 7
FL 150 40 0
FL 150 41 0
FL 150 46 0
FL 150 53 11
FL 150 56 3
FL 150 58 31
FL 150 66 19
FL 150 70 22
FL 150 74 2050
FL 150 76 8
FL 150 87 47
FL 150 91 1
FL 150 95 0
FL 150 106 89
FL 150 110 6
FL 150 111 0
FL 150 116 8
FL 150 117 31
FL 150 121 9
FL 150 144 6
FU 0 74 2
FU 0 149 1
FU 0 28 2000
FU 0 72 2
FU 0 95 2000
FU 0 23 10
FU 0 29 3
FU 0 121 5
FU 0 60 4
FU 0 83 7
FU 0 135 6
FU 0 116 7
FU 0 94 8
FU 0 104 2
FU 0 145 2000
FU 0 150 6
FU 0 71 3
FU 0 128 1
FU 0 77 7
FU 0 114 1
FU 0 139 1
FU 0 41 2000
FU 0 144 6
FU 0 52 19
FU 0 10 2000
FU 0 34 6
FU 0 43 1
FU 0 80 3
FU 0 85 2
FU 0 51 16
FU 0 49 1
FU 0 91 13
FU 0 111 1
FU 0 65 9
FU 0 81 11
FU 0 142 15
FU 0 9 4
FU 0 100 2000
FU 0 126 9
FU 0 54 1
FU 0 63 15
FU 0 131 2
FU 0 5 6
FU 0 7 9
FU 0 3 3
FU 0 115 17
FU 0 148 3
FU 0 46 2000
FU 0 66 1
FU 0 134 1
FU 0 35 25
FU 0 125 3
FU 0 56 34
FU 0 36 11
FU 0 133 24
FU 0 45 4
FU 0 40 18
FU 0 53 1
FU 0 90 19
FU 0 75 4
FU 0 123 7
FU 0 1 449
FU 0 2 29
FU 0 4 2000
FU 0 6 22
FU 0 8 251
FU 0 12 540
FU 0 13 451
FU 0 14 577
FU 0 15 29
FU 0 16 16
FU 0 17 624
FU 0 18 518
FU 0 19 2000
FU 0 20 385
FU 0 21 2000
FU 0 22 2000
FU 0 24 103
FU 0 25 59
FU 0 26 67
FU 0 27 375
FU 0 30 2000
FU 0 31 252
FU 0 32 573
FU 0 33 2000
FU 0 37 2000
FU 0 38 320
FU 0 39 607
FU 0 42 2000
FU 0 44 33
FU 0 47 2000
FU 0 48 327
FU 0 50 117
FU 0 55 2000
FU 0 57 396
FU 0 58 175
FU 0 59 2000
FU 0 61 2
FU 0 62 522
FU 0 64 117
FU 0 67 450
FU 0 68 346
FU 0 69 2000
FU 0 70 43
FU 0 73 1
FU 0 76 8
FU 0 78 93
FU 0 79 309
FU 0 82 396
FU 0 84 2000
FU 0 86 2000
FU 0 87 568
FU 0 88 635
FU 0 89 184
FU 0 92 2000
FU 0 93 209
FU 0 96 22
FU 0 97 47
FU 0 98 12
FU 0 99 64
FU 0 101 22
FU 0 102 2000
FU 0 103 2000
FU 0 105 135
FU 0 106 485
FU 0 107 241
FU 0 108 491
FU 0 109 344
FU 0 110 599
FU 0 112 409
FU 0 113 100
FU 0 117 620
FU 0 118 349
FU 0 119 134
FU 0 120 92
FU 0 122 356
FU 0 124 2000
FU 0 127 396
FU 0 129 209
FU 0 130 39
FU 0 132 2000
FU 0 136 2000
FU 0 137 2000
FU 0 138 225
FU 0 140 270
FU 0 141 237
FU 0 143 34
FU 0 146 568
FU 0 147 498
FU 1 5 0
FU 1 13 12
FU 1 16 0
FU 1 18 30
FU 1 20 24
FU 1 46 0
FU 1 49 0
FU 1 51 0
FU 1 52 0
FU 1 57 19
FU 1 60 0
FU 1 62 54
FU 1 67 57
FU 1 77 12
FU 1 81 0
FU 1 96 311
FU 1 101 0
FU 1 106 52
FU 1 108 16
FU 1 117 103
FU 1 139 0
FU 1 142 0
FU 2 5 216
FU 2 6 6
FU 2 9 3
FU 2 13 79
FU 2 15 65
FU 2 20 99
FU 2 25 78
FU 2 26 68
FU 2 44 51
FU 2 48 119
FU 2 49 359
FU 2 50 75
FU 2 54 0
FU 2 60 16
FU 2 62 93
FU 2 71 72
FU 2 75 354
FU 2 77 6
FU 2 80 8
FU 2 96 11
FU 2 99 67
FU 2 101 234
FU 2 107 87
FU 2 108 73
FU 2 109 120
FU 2 115 86
FU 2 119 106
FU 2 131 258
FU 2 146 86
FU 2 147 163
FU 3 15 6
FU 3 34 0
FU 3 40 0
FU 3 58 84
FU 3 63 4
FU 3 65 0
FU 3 66 0
FU 3 83 0
FU 3 90 1
FU 3 112 48
FU 3 114 0
FU 3 116 0
FU 3 125 0
FU 3 128 0
FU 5 1 53
FU 5 2 39
FU 5 12 29
FU 5 13 36
FU 5 14 137
FU 5 18 41
FU 5 20 47
FU 5 24 179
FU 5 35 0
FU 5 38 28
FU 5 43 0
FU 5 49 0
FU 5 50 72
FU 5 51 0
FU 5 52 518
FU 5 57 13
FU 5 58 339
FU 5 60 0
FU 5 61 0
FU 5 62 37
FU 5 63 0
FU 5 67 23
FU 5 73 0
FU 5 77 20
FU 5 80 0
FU 5 81 0
FU 5 82 76
FU 5 91 704
FU 5 96 0
FU 5 98 7
FU 5 101 0
FU 5 104 0
FU 5 108 103
FU 5 111 0
FU 5 114 0
FU 5 115 0
FU 5 119 0
FU 5 129 0
FU 5 130 5
FU 5 131 0
FU 5 135 0
FU 5 139 0
FU 5 142 0
FU 5 143 36
FU 5 146 37
FU 5 148 0
FU 5 149 0
FU 6 2 46
FU 6 9 159
FU 6 11 0
FU 6 15 8
FU 6 25 70
FU 6 26 53
FU 6 29 0
FU 6 44 43
FU 6 45 0
FU 6 50 64
FU 6 53 0
FU 6 54 0
FU 6 64 58
FU 6 65 292
FU 6 72 0
FU 6 77 250
FU 6 80 112
FU 6 85 0
FU 6 89 58
FU 6 90 3
FU 6 94 262
FU 6 98 133
FU 6 99 35
FU 6 104 0
FU 6 105 40
FU 6 111 0
FU 6 113 70
FU 6 114 0
FU 6 120 59
FU 6 130 28
FU 6 135 1
FU 6 139 0
FU 6 143 35
FU 6 148 94
FU 6 149 210
FU 7 23 0
FU 7 27 550
FU 7 36 0
FU 7 46 0
FU 7 53 0
FU 7 66 0
FU 7 76 0
FU 7 87 58
FU 7 93 134
FU 7 95 0
FU 7 97 72
FU 7 100 0
FU 7 110 16
FU 7 118 40
FU 7 127 84
FU 7 133 0
FU 7 141 210
FU 8 15 8
FU 8 113 65
FU 9 2 21
FU 9 6 9
FU 9 11 0
FU 9 25 124
FU 9 26 76
FU 9 29 658
FU 9 35 492
FU 9 38 227
FU 9 43 932
FU 9 44 127
FU 9 45 0
FU 9 50 62
FU 9 53 0
FU 9 54 0
FU 9 64 67
FU 9 68 202
FU 9 71 0
FU 9 72 561
FU 9 79 354
FU 9 80 390
FU 9 85 983
FU 9 89 74
FU 9 99 87
FU 9 107 432
FU 9 113 103
FU 9 120 112
FU 9 130 36
FU 9 143 1006
FU 9 148 231
FU 9 149 0
FU 10 8 37
FU 10 29 0
FU 10 63 0
FU 10 65 0
FU 10 68 245
FU 10 73 0
FU 10 79 272
FU 10 89 113
FU 10 94 0
FU 10 105 121
FU 10 112 19
FU 10 134 0
FU 10 135 0
FU 11 2 216
FU 11 6 318
FU 11 9 450
FU 11 15 1626
FU 11 24 72
FU 11 25 475
FU 11 26 826
FU 11 29 784
FU 11 43 1067
FU 11 44 864
FU 11 45 896
FU 11 50 128
FU 11 53 1211
FU 11 54 1999
FU 11 64 801
FU 11 71 1519
FU 11 72 939
FU 11 73 1999
FU 11 77 680
FU 11 80 800
FU 11 85 1015
FU 11 89 112
FU 11 98 84
FU 11 99 726
FU 11 104 1014
FU 11 111 1996
FU 11 113 378
FU 11 114 1999
FU 11 120 273
FU 11 130 143
FU 11 134 1999
FU 11 139 896
FU 11 143 335
FU 11 148 925
FU 11 149 952
FU 11 0 2000
FU 12 5 0
FU 12 13 12
FU 12 14 58
FU 12 20 68
FU 12 38 20
FU 12 48 34
FU 12 51 0
FU 12 52 0
FU 12 57 29
FU 12 60 0
FU 12 61 0
FU 12 67 52
FU 12 71 0
FU 12 78 97
FU 12 81 0
FU 12 88 47
FU 12 96 252
FU 12 101 1
FU 12 119 63
FU 12 123 0
FU 12 131 0
FU 12 139 0
FU 13 1 81
FU 13 2 41
FU 13 5 0
FU 13 12 71
FU 13 15 1
FU 13 16 0
FU 13 18 52
FU 13 20 31
FU 13 35 0
FU 13 36 0
FU 13 38 48
FU 13 49 0
FU 13 52 675
FU 13 56 0
FU 13 57 24
FU 13 58 7
FU 13 60 0
FU 13 61 0
FU 13 67 43
FU 13 70 0
FU 13 77 30
FU 13 81 0
FU 13 87 85
FU 13 91 0
FU 13 93 129
FU 13 106 38
FU 13 110 37
FU 13 111 0
FU 13 115 0
FU 13 121 0
FU 13 129 0
FU 13 130 5
FU 13 139 0
FU 13 142 0
FU 13 143 19
FU 14 5 396
FU 14 12 57
FU 14 18 52
FU 14 20 45
FU 14 35 0
FU 14 38 30
FU 14 48 58
FU 14 49 0
FU 14 52 0
FU 14 60 0
FU 14 62 50
FU 14 75 0
FU 14 77 7
FU 14 78 86
FU 14 81 0
FU 14 96 4
FU 14 101 453
FU 14 109 93
FU 14 123 1
FU 14 131 0
FU 14 147 57
FU 15 2 235
FU 15 6 0
FU 15 8 184
FU 15 11 0
FU 15 13 22
FU 15 17 37
FU 15 25 54
FU 15 34 0
FU 15 35 0
FU 15 38 76
FU 15 43 0
FU 15 44 35
FU 15 45 0
FU 15 51 0
FU 15 53 0
FU 15 56 454
FU 15 58 0
FU 15 64 99
FU 15 70 1475
FU 15 72 0
FU 15 80 0
FU 15 83 0
FU 15 85 0
FU 15 90 0
FU 15 91 0
FU 15 96 0
FU 15 97 82
FU 15 104 0
FU 15 111 0
FU 15 113 52
FU 15 114 0
FU 15 115 795
FU 15 129 0
FU 15 130 18
FU 15 139 0
FU 15 143 54
FU 15 149 0
FU 16 1 32
FU 16 13 9
FU 16 17 36
FU 16 18 79
FU 16 36 0
FU 16 46 0
FU 16 49 0
FU 16 57 11
FU 16 61 0
FU 16 62 37
FU 16 74 1
FU 16 82 65
FU 16 87 61
FU 16 95 0
FU 16 101 0
FU 16 106 75
FU 16 117 41
FU 16 119 42
FU 16 121 0
FU 16 142 0
FU 16 144 0
FU 16 150 1994
FU 17 15 10
FU 17 16 0
FU 17 23 1
FU 17 36 0
FU 17 39 93
FU 17 40 0
FU 17 46 0
FU 17 56 0
FU 17 58 29
FU 17 61 0
FU 17 66 0
FU 17 70 0
FU 17 82 67
FU 17 83 0
FU 17 87 116
FU 17 91 0
FU 17 93 103
FU 17 95 0
FU 17 106 42
FU 17 110 408
FU 17 111 0
FU 17 117 94
FU 17 125 0
FU 17 129 15
FU 17 144 0
FU 17 150 0
FU 18 1 33
FU 18 13 40
FU 18 16 0
FU 18 35 0
FU 18 38 33
FU 18 57 11
FU 18 88 75
FU 18 99 29
FU 18 101 1
FU 18 106 91
FU 18 109 84
FU 18 117 81
FU 18 119 26
FU 18 120 38
FU 18 123 0
FU 18 142 0
FU 18 148 0
FU 20 1 25
FU 20 5 0
FU 20 12 19
FU 20 13 27
FU 20 14 28
FU 20 35 0
FU 20 38 28
FU 20 52 0
FU 20 57 12
FU 20 58 0
FU 20 60 0
FU 20 61 0
FU 20 62 49
FU 20 67 31
FU 20 70 2
FU 20 71 0
FU 20 77 0
FU 20 81 0
FU 20 91 0
FU 20 96 0
FU 20 101 0
FU 20 115 0
FU 20 129 0
FU 20 130 6
FU 20 139 0
FU 20 142 0
FU 20 146 44
FU 23 7 0
FU 23 16 0
FU 23 17 18
FU 23 36 0
FU 23 39 27
FU 23 40 0
FU 23 41 0
FU 23 46 0
FU 23 56 0
FU 23 58 0
FU 23 70 20
FU 23 76 0
FU 23 82 48
FU 23 83 0
FU 23 87 34
FU 23 91 0
FU 23 93 157
FU 23 106 143
FU 23 110 15
FU 23 111 0
FU 23 118 13
FU 23 122 52
FU 23 126 0
FU 23 127 103
FU 23 129 0
FU 23 133 0
FU 23 140 96
FU 23 141 205
FU 23 150 0
FU 24 5 0
FU 24 31 131
FU 24 35 0
FU 24 63 0
FU 24 111 0
FU 25 6 53
FU 25 8 119
FU 25 9 44
FU 25 11 0
FU 25 15 19
FU 25 26 45
FU 25 44 45
FU 25 45 0
FU 25 50 66
FU 25 53 0
FU 25 72 0
FU 25 89 136
FU 25 104 0
FU 25 111 0
FU 25 130 42
FU 25 143 16
FU 26 2 0
FU 26 6 87
FU 26 9 0
FU 26 11 0
FU 26 14 66
FU 26 18 29
FU 26 20 34
FU 26 25 82
FU 26 32 431
FU 26 44 25
FU 26 48 37
FU 26 50 91
FU 26 52 0
FU 26 64 129
FU 26 71 210
FU 26 72 0
FU 26 77 0
FU 26 96 0
FU 26 98 128
FU 26 99 11
FU 26 107 205
FU 26 109 46
FU 26 113 130
FU 26 130 4
FU 26 139 415
FU 26 143 18
FU 26 147 122
FU 26 148 0
FU 27 116 0
FU 28 16 0
FU 28 36 0
FU 28 41 0
FU 28 46 0
FU 28 56 0
FU 28 74 0
FU 28 76 0
FU 28 87 105
FU 28 95 0
FU 28 106 33
FU 28 110 27
FU 28 117 56
FU 28 121 0
FU 28 142 0
FU 28 144 0
FU 28 150 0
FU 29 6 0
FU 29 9 0
FU 29 10 0
FU 29 11 0
FU 29 64 28
FU 29 65 0
FU 29 68 88
FU 29 73 0
FU 29 94 0
FU 29 105 92
FU 29 113 61
FU 29 135 0
FU 31 104 0
FU 32 26 46
FU 32 71 0
FU 32 78 156
FU 32 107 222
FU 32 147 83
FU 34 3 0
FU 34 6 156
FU 34 15 6
FU 34 31 282
FU 34 63 0
FU 34 65 0
FU 34 68 250
FU 34 73 0
FU 34 79 243
FU 34 83 0
FU 34 90 0
FU 34 94 0
FU 34 105 96
FU 34 112 26
FU 34 114 0
FU 34 125 0
FU 34 128 0
FU 34 134 0
FU 34 135 0
FU 35 1 73
FU 35 2 68
FU 35 5 0
FU 35 9 0
FU 35 12 30
FU 35 13 25
FU 35 14 26
FU 35 15 1
FU 35 18 61
FU 35 20 65
FU 35 24 42
FU 35 38 22
FU 35 43 0
FU 35 49 0
FU 35 51 0
FU 35 52 409
FU 35 54 0
FU 35 57 16
FU 35 58 225
FU 35 60 0
FU 35 61 0
FU 35 62 19
FU 35 67 86
FU 35 75 0
FU 35 77 0
FU 35 80 0
FU 35 81 0
FU 35 91 0
FU 35 96 0
FU 35 98 10
FU 35 99 37
FU 35 101 0
FU 35 104 0
FU 35 108 47
FU 35 111 0
FU 35 115 0
FU 35 119 16
FU 35 120 89
FU 35 129 0
FU 35 130 7
FU 35 131 0
FU 35 139 0
FU 35 142 0
FU 35 143 8
FU 35 146 47
FU 35 148 0
FU 35 149 0
FU 36 7 0
FU 36 13 29
FU 36 16 0
FU 36 17 32
FU 36 23 0
FU 36 28 0
FU 36 41 0
FU 36 46 0
FU 36 49 0
FU 36 56 0
FU 36 57 27
FU 36 61 0
FU 36 62 99
FU 36 74 1
FU 36 76 0
FU 36 87 45
FU 36 95 0
FU 36 97 54
FU 36 101 0
FU 36 106 58
FU 36 110 24
FU 36 117 108
FU 36 119 64
FU 36 121 0
FU 36 127 55
FU 36 133 0
FU 36 141 101
FU 36 142 0
FU 36 144 0
FU 36 150 0
FU 38 5 2
FU 38 9 0
FU 38 12 55
FU 38 13 15
FU 38 14 63
FU 38 15 30
FU 38 18 29
FU 38 20 31
FU 38 24 112
FU 38 35 1
FU 38 43 0
FU 38 51 0
FU 38 52 4
FU 38 54 0
FU 38 57 26
FU 38 58 54
FU 38 60 0
FU 38 61 0
FU 38 62 15
FU 38 67 82
FU 38 75 0
FU 38 77 0
FU 38 80 0
FU 38 81 0
FU 38 82 78
FU 38 91 0
FU 38 96 2
FU 38 99 44
FU 38 104 0
FU 38 108 58
FU 38 111 0
FU 38 115 0
FU 38 120 62
FU 38 129 45
FU 38 130 10
FU 38 139 0
FU 38 143 29
FU 38 148 0
FU 39 17 59
FU 39 40 0
FU 39 44 19
FU 39 53 0
FU 39 66 0
FU 39 83 0
FU 39 90 0
FU 39 91 0
FU 39 93 148
FU 39 100 0
FU 39 110 399
FU 39 111 0
FU 39 116 1
FU 39 118 52
FU 39 122 173
FU 39 126 4
FU 39 129 83
FU 39 133 2
FU 39 138 237
FU 39 140 166
FU 39 141 195
FU 39 146 19
FU 40 3 0
FU 40 17 28
FU 40 23 0
FU 40 39 83
FU 40 41 0
FU 40 56 0
FU 40 58 20
FU 40 66 0
FU 40 70 3
FU 40 76 0
FU 40 82 123
FU 40 83 0
FU 40 91 0
FU 40 93 148
FU 40 97 177
FU 40 100 0
FU 40 110 10
FU 40 111 0
FU 40 112 22
FU 40 116 0
FU 40 118 51
FU 40 122 149
FU 40 126 0
FU 40 127 157
FU 40 128 0
FU 40 129 1
FU 40 133 1
FU 40 140 148
FU 40 141 85
FU 40 150 0
FU 41 16 0
FU 41 17 28
FU 41 23 0
FU 41 28 0
FU 41 36 0
FU 41 40 0
FU 41 46 0
FU 41 56 0
FU 41 58 0
FU 41 66 0
FU 41 70 0
FU 41 74 0
FU 41 76 0
FU 41 87 72
FU 41 91 0
FU 41 95 0
FU 41 106 40
FU 41 110 30
FU 41 117 71
FU 41 121 0
FU 41 127 165
FU 41 128 0
FU 41 138 159
FU 41 144 0
FU 41 150 0
FU 43 5 0
FU 43 6 0
FU 43 8 138
FU 43 9 0
FU 43 11 0
FU 43 15 0
FU 43 18 52
FU 43 24 63
FU 43 25 78
FU 43 26 20
FU 43 35 0
FU 43 38 12
FU 43 39 31
FU 43 44 84
FU 43 45 0
FU 43 50 114
FU 43 51 0
FU 43 53 0
FU 43 54 0
FU 43 64 70
FU 43 67 35
FU 43 72 0
FU 43 80 0
FU 43 83 0
FU 43 85 0
FU 43 89 52
FU 43 94 555
FU 43 97 113
FU 43 98 218
FU 43 99 37
FU 43 104 0
FU 43 106 45
FU 43 108 39
FU 43 111 0
FU 43 113 70
FU 43 115 0
FU 43 119 0
FU 43 120 52
FU 43 130 3
FU 43 139 0
FU 43 142 0
FU 43 143 20
FU 43 146 5
FU 43 148 0
FU 43 149 0
FU 44 2 0
FU 44 6 0
FU 44 11 0
FU 44 15 2
FU 44 24 72
FU 44 25 61
FU 44 26 23
FU 44 39 38
FU 44 45 0
FU 44 53 0
FU 44 63 584
FU 44 64 24
FU 44 72 0
FU 44 73 0
FU 44 80 0
FU 44 85 0
FU 44 89 82
FU 44 96 213
FU 44 98 26
FU 44 104 0
FU 44 113 56
FU 44 120 67
FU 44 122 120
FU 44 139 0
FU 44 143 29
FU 44 149 0
FU 45 6 0
FU 45 8 112
FU 45 9 0
FU 45 11 0
FU 45 15 5
FU 45 24 128
FU 45 25 70
FU 45 43 0
FU 45 44 24
FU 45 53 0
FU 45 54 0
FU 45 63 392
FU 45 64 37
FU 45 72 0
FU 45 85 0
FU 45 89 177
FU 45 94 0
FU 45 104 0
FU 45 105 163
FU 45 111 0
FU 45 112 310
FU 45 113 77
FU 45 114 0
FU 45 134 0
FU 45 135 0
FU 45 139 0
FU 46 1 62
FU 46 7 0
FU 46 16 0
FU 46 17 19
FU 46 23 0
FU 46 28 0
FU 46 36 0
FU 46 41 0
FU 46 74 0
FU 46 76 0
FU 46 83 0
FU 46 87 57
FU 46 95 0
FU 46 106 53
FU 46 111 0
FU 46 117 60
FU 46 121 0
FU 46 133 0
FU 46 144 0
FU 46 150 0
FU 48 2 112
FU 48 12 58
FU 48 26 21
FU 48 49 1
FU 48 60 0
FU 48 62 51
FU 48 71 0
FU 48 78 176
FU 48 81 0
FU 48 123 0
FU 48 131 0
FU 48 146 14
FU 48 148 0
FU 49 1 29
FU 49 2 11
FU 49 5 0
FU 49 12 59
FU 49 13 21
FU 49 14 34
FU 49 16 0
FU 49 18 22
FU 49 20 84
FU 49 35 0
FU 49 36 0
FU 49 38 33
FU 49 48 89
FU 49 51 0
FU 49 52 0
FU 49 57 18
FU 49 60 0
FU 49 61 0
FU 49 62 29
FU 49 67 13
FU 49 74 145
FU 49 75 0
FU 49 77 0
FU 49 81 0
FU 49 87 69
FU 49 95 0
FU 49 96 0
FU 49 101 0
FU 49 106 27
FU 49 108 43
FU 49 115 0
FU 49 117 129
FU 49 119 0
FU 49 121 0
FU 49 123 0
FU 49 131 0
FU 49 139 0
FU 49 142 0
FU 49 144 1994
FU 49 146 19
FU 50 5 0
FU 50 6 0
FU 50 139 0
FU 51 1 46
FU 51 2 0
FU 51 5 0
FU 51 12 53
FU 51 13 27
FU 51 15 11
FU 51 18 46
FU 51 20 88
FU 51 35 0
FU 51 38 61
FU 51 43 0
FU 51 49 0
FU 51 52 359
FU 51 56 0
FU 51 57 24
FU 51 58 43
FU 51 60 0
FU 51 61 0
FU 51 62 30
FU 51 67 38
FU 51 70 1
FU 51 75 0
FU 51 77 0
FU 51 80 0
FU 51 81 0
FU 51 91 0
FU 51 96 0
FU 51 98 36
FU 51 101 0
FU 51 108 55
FU 51 109 145
FU 51 111 0
FU 51 115 0
FU 51 119 0
FU 51 122 85
FU 51 129 0
FU 51 130 8
FU 51 131 0
FU 51 139 0
FU 51 140 65
FU 51 142 0
FU 51 143 7
FU 51 146 18
FU 51 149 0
FU 52 1 26
FU 52 2 0
FU 52 5 41
FU 52 12 54
FU 52 13 15
FU 52 14 29
FU 52 18 41
FU 52 20 42
FU 52 26 42
FU 52 35 354
FU 52 38 45
FU 52 48 116
FU 52 49 0
FU 52 50 46
FU 52 51 803
FU 52 60 0
FU 52 62 61
FU 52 67 17
FU 52 75 0
FU 52 77 0
FU 52 78 119
FU 52 81 0
FU 52 88 36
FU 52 96 0
FU 52 98 19
FU 52 101 0
FU 52 109 94
FU 52 123 1
FU 52 131 0
FU 52 139 0
FU 52 145 0
FU 52 146 25
FU 52 147 125
FU 52 148 0
FU 53 6 0
FU 53 7 1990
FU 53 8 26
FU 53 9 0
FU 53 11 0
FU 53 15 2
FU 53 24 84
FU 53 25 50
FU 53 39 76
FU 53 43 0
FU 53 44 45
FU 53 45 0
FU 53 54 0
FU 53 63 0
FU 53 64 33
FU 53 72 0
FU 53 83 680
FU 53 85 0
FU 53 89 60
FU 53 90 1
FU 53 91 484
FU 53 94 614
FU 53 97 171
FU 53 100 0
FU 53 104 0
FU 53 105 194
FU 53 111 0
FU 53 112 90
FU 53 113 77
FU 53 114 0
FU 53 118 50
FU 53 122 107
FU 53 126 821
FU 53 127 182
FU 53 130 31
FU 53 133 951
FU 53 135 0
FU 53 139 0
FU 53 140 104
FU 53 141 63
FU 53 143 23
FU 53 150 0
FU 54 2 0
FU 54 6 0
FU 54 8 77
FU 54 9 0
FU 54 11 0
FU 54 24 125
FU 54 25 58
FU 54 35 0
FU 54 38 56
FU 54 43 0
FU 54 44 50
FU 54 45 0
FU 54 53 0
FU 54 63 984
FU 54 64 65
FU 54 72 0
FU 54 85 0
FU 54 89 144
FU 54 90 1971
FU 54 94 0
FU 54 99 40
FU 54 104 0
FU 54 105 90
FU 54 113 53
FU 54 114 0
FU 54 120 58
FU 54 135 0
FU 54 139 0
FU 54 148 0
FU 56 13 36
FU 56 15 7
FU 56 17 35
FU 56 23 0
FU 56 28 0
FU 56 36 0
FU 56 40 0
FU 56 41 0
FU 56 51 0
FU 56 57 22
FU 56 58 55
FU 56 63 2
FU 56 66 0
FU 56 70 4
FU 56 76 0
FU 56 82 62
FU 56 83 0
FU 56 87 70
FU 56 91 0
FU 56 93 99
FU 56 95 0
FU 56 97 79
FU 56 100 0
FU 56 108 58
FU 56 110 15
FU 56 111 0
FU 56 115 0
FU 56 118 39
FU 56 119 514
FU 56 122 74
FU 56 126 0
FU 56 129 0
FU 56 133 0
FU 56 140 149
FU 56 141 95
FU 56 144 0
FU 56 146 214
FU 56 150 0
FU 57 1 64
FU 57 5 10
FU 57 12 78
FU 57 13 25
FU 57 16 0
FU 57 18 63
FU 57 20 35
FU 57 36 0
FU 57 38 36
FU 57 49 0
FU 57 51 0
FU 57 56 407
FU 57 58 26
FU 57 60 0
FU 57 61 0
FU 57 67 119
FU 57 77 539
FU 57 81 0
FU 57 82 80
FU 57 91 0
FU 57 96 3
FU 57 101 11
FU 57 106 60
FU 57 111 0
FU 57 117 47
FU 57 121 0
FU 57 129 38
FU 57 130 15
FU 57 131 0
FU 57 139 0
FU 57 142 0
FU 57 143 14
FU 58 5 44
FU 58 13 14
FU 58 15 10
FU 58 17 48
FU 58 20 34
FU 58 23 1
FU 58 35 278
FU 58 38 44
FU 58 40 0
FU 58 51 3
FU 58 56 10
FU 58 57 20
FU 58 60 507
FU 58 61 0
FU 58 66 0
FU 58 70 6
FU 58 76 0
FU 58 82 91
FU 58 91 0
FU 58 97 114
FU 58 100 0
FU 58 108 75
FU 58 111 0
FU 58 112 54
FU 58 115 0
FU 58 119 73
FU 58 126 0
FU 58 128 0
FU 58 129 20
FU 58 139 0
FU 58 142 0
FU 58 150 0
FU 60 1 16
FU 60 2 0
FU 60 5 0
FU 60 12 32
FU 60 13 62
FU 60 14 27
FU 60 18 37
FU 60 20 55
FU 60 26 45
FU 60 35 0
FU 60 38 51
FU 60 48 76
FU 60 49 0
FU 60 50 53
FU 60 51 0
FU 60 52 0
FU 60 57 14
FU 60 58 0
FU 60 61 0
FU 60 62 61
FU 60 67 41
FU 60 75 0
FU 60 77 0
FU 60 78 100
FU 60 81 0
FU 60 88 48
FU 60 91 0
FU 60 96 0
FU 60 98 73
FU 60 101 0
FU 60 108 31
FU 60 115 0
FU 60 119 0
FU 60 123 0
FU 60 129 0
FU 60 130 1
FU 60 131 0
FU 60 139 0
FU 60 142 0
FU 60 143 20
FU 60 145 0
FU 60 146 54
FU 61 5 18
FU 61 12 52
FU 61 13 16
FU 61 16 1982
FU 61 17 404
FU 61 20 34
FU 61 35 5
FU 61 36 1989
FU 61 38 49
FU 61 51 3
FU 61 57 29
FU 61 58 1
FU 61 60 2
FU 61 62 35
FU 61 67 119
FU 61 70 0
FU 61 76 1992
FU 61 81 0
FU 61 82 35
FU 61 87 67
FU 61 91 0
FU 61 96 4
FU 61 101 0
FU 61 106 54
FU 61 108 60
FU 61 115 0
FU 61 129 6
FU 61 139 0
FU 62 1 57
FU 62 2 7
FU 62 5 0
FU 62 14 29
FU 62 16 0
FU 62 18 57
FU 62 20 31
FU 62 36 0
FU 62 38 35
FU 62 48 109
FU 62 49 0
FU 62 52 0
FU 62 60 0
FU 62 61 0
FU 62 67 65
FU 62 75 0
FU 62 77 24
FU 62 81 0
FU 62 95 0
FU 62 96 4
FU 62 101 6
FU 62 121 0
FU 62 123 0
FU 62 139 0
FU 62 142 0
FU 62 143 12
FU 62 144 0
FU 62 146 23
FU 63 3 0
FU 63 5 0
FU 63 8 104
FU 63 10 0
FU 63 24 100
FU 63 25 50
FU 63 31 173
FU 63 34 0
FU 63 39 77
FU 63 44 27
FU 63 45 627
FU 63 53 0
FU 63 54 0
FU 63 56 0
FU 63 65 790
FU 63 66 0
FU 63 83 0
FU 63 90 0
FU 63 94 0
FU 63 100 0
FU 63 104 0
FU 63 105 75
FU 63 111 0
FU 63 112 12
FU 63 114 0
FU 63 118 42
FU 63 122 86
FU 63 126 0
FU 63 135 0
FU 63 140 81
FU 64 6 0
FU 64 8 149
FU 64 9 0
FU 64 11 0
FU 64 15 0
FU 64 26 195
FU 64 29 555
FU 64 43 0
FU 64 44 34
FU 64 53 0
FU 64 54 0
FU 64 72 0
FU 64 80 0
FU 64 89 68
FU 64 98 175
FU 64 99 48
FU 64 104 0
FU 64 111 0
FU 64 120 84
FU 64 130 5
FU 64 139 0
FU 64 143 31
FU 64 148 0
FU 65 3 0
FU 65 6 152
FU 65 10 0
FU 65 29 0
FU 65 31 146
FU 65 34 0
FU 65 63 0
FU 65 68 163
FU 65 73 0
FU 65 79 195
FU 65 105 86
FU 65 112 52
FU 65 114 0
FU 65 125 0
FU 65 135 0
FU 66 3 1997
FU 66 7 0
FU 66 17 18
FU 66 27 442
FU 66 39 38
FU 66 40 0
FU 66 41 0
FU 66 56 245
FU 66 58 32
FU 66 63 13
FU 66 70 1
FU 66 83 658
FU 66 90 1
FU 66 91 0
FU 66 93 69
FU 66 97 69
FU 66 100 0
FU 66 110 17
FU 66 112 24
FU 66 114 0
FU 66 116 1992
FU 66 118 42
FU 66 122 98
FU 66 126 0
FU 66 127 89
FU 66 128 1999
FU 66 129 0
FU 66 133 0
FU 66 138 274
FU 66 140 115
FU 66 141 157
FU 66 150 0
FU 67 1 40
FU 67 5 1
FU 67 12 51
FU 67 13 51
FU 67 20 22
FU 67 35 3
FU 67 38 50
FU 67 51 0
FU 67 52 2
FU 67 57 20
FU 67 60 0
FU 67 61 0
FU 67 62 53
FU 67 70 155
FU 67 81 0
FU 67 82 22
FU 67 83 0
FU 67 91 0
FU 67 98 49
FU 67 101 4
FU 67 111 0
FU 67 115 0
FU 67 129 65
FU 67 139 0
FU 67 143 22
FU 67 146 24
FU 68 9 2
FU 68 24 77
FU 68 29 0
FU 68 34 0
FU 68 65 0
FU 68 79 279
FU 68 94 1
FU 68 105 132
FU 68 114 0
FU 70 13 7
FU 70 15 57
FU 70 17 27
FU 70 20 29
FU 70 23 1
FU 70 40 0
FU 70 41 0
FU 70 51 1
FU 70 56 3
FU 70 58 158
FU 70 61 1998
FU 70 66 0
FU 70 67 34
FU 70 82 83
FU 70 83 0
FU 70 91 0
FU 70 97 46
FU 70 108 68
FU 70 110 25
FU 70 111 0
FU 70 115 394
FU 70 119 121
FU 70 122 60
FU 70 126 12
FU 70 129 56
FU 70 139 301
FU 70 140 146
FU 71 2 655
FU 71 9 0
FU 71 11 0
FU 71 12 288
FU 71 20 86
FU 71 26 52
FU 71 32 527
FU 71 48 142
FU 71 50 92
FU 71 77 49
FU 71 78 134
FU 71 80 383
FU 71 85 0
FU 71 88 50
FU 71 99 41
FU 71 107 144
FU 71 120 69
FU 71 130 1487
FU 71 145 0
FU 71 147 118
FU 71 148 315
FU 71 149 837
FU 72 6 0
FU 72 8 76
FU 72 9 0
FU 72 11 0
FU 72 15 2
FU 72 25 62
FU 72 26 44
FU 72 43 0
FU 72 44 68
FU 72 45 0
FU 72 50 113
FU 72 53 0
FU 72 54 0
FU 72 64 24
FU 72 78 116
FU 72 80 0
FU 72 85 0
FU 72 88 45
FU 72 89 108
FU 72 96 0
FU 72 99 31
FU 72 104 0
FU 72 109 48
FU 72 113 41
FU 72 120 120
FU 72 130 2
FU 72 139 0
FU 72 143 10
FU 72 147 166
FU 72 148 0
FU 72 149 0
FU 73 5 198
FU 73 11 0
FU 73 135 1993
FU 73 139 343
FU 74 16 0
FU 74 28 0
FU 74 36 0
FU 74 41 0
FU 74 46 0
FU 74 49 0
FU 74 87 63
FU 74 95 0
FU 74 106 43
FU 74 117 130
FU 74 121 0
FU 74 144 0
FU 74 150 0
FU 75 1 95
FU 75 2 19
FU 75 12 8
FU 75 14 30
FU 75 18 47
FU 75 24 93
FU 75 26 32
FU 75 35 0
FU 75 38 25
FU 75 48 132
FU 75 49 0
FU 75 51 0
FU 75 52 0
FU 75 60 0
FU 75 62 33
FU 75 67 10
FU 75 77 0
FU 75 78 93
FU 75 80 0
FU 75 88 38
FU 75 96 0
FU 75 98 16
FU 75 101 0
FU 75 109 124
FU 75 115 0
FU 75 123 0
FU 75 131 0
FU 75 146 35
FU 75 147 61
FU 75 149 0
FU 76 28 0
FU 76 56 1
FU 76 61 0
FU 76 83 1
FU 76 117 64
FU 76 121 1995
FU 76 129 27
FU 77 1 261
FU 77 2 0
FU 77 5 550
FU 77 6 86
FU 77 11 0
FU 77 13 475
FU 77 14 321
FU 77 18 20
FU 77 20 28
FU 77 24 121
FU 77 25 88
FU 77 26 25
FU 77 35 0
FU 77 38 28
FU 77 48 50
FU 77 49 1635
FU 77 50 117
FU 77 51 0
FU 77 52 0
FU 77 57 52
FU 77 60 0
FU 77 62 39
FU 77 64 53
FU 77 67 47
FU 77 71 0
FU 77 75 1642
FU 77 80 0
FU 77 85 0
FU 77 88 40
FU 77 96 0
FU 77 98 340
FU 77 99 62
FU 77 101 615
FU 77 108 179
FU 77 109 219
FU 77 113 91
FU 77 115 321
FU 77 119 423
FU 77 120 88
FU 77 130 34
FU 77 131 1740
FU 77 139 0
FU 77 143 15
FU 77 145 0
FU 77 146 191
FU 77 147 100
FU 77 148 0
FU 77 149 0
FU 80 2 0
FU 80 5 0
FU 80 6 0
FU 80 9 0
FU 80 11 0
FU 80 14 15
FU 80 15 0
FU 80 18 74
FU 80 25 36
FU 80 26 18
FU 80 35 0
FU 80 38 12
FU 80 43 0
FU 80 44 20
FU 80 48 131
FU 80 50 32
FU 80 51 0
FU 80 64 27
FU 80 67 19
FU 80 71 0
FU 80 72 0
FU 80 75 0
FU 80 77 0
FU 80 78 119
FU 80 85 0
FU 80 96 0
FU 80 98 254
FU 80 99 71
FU 80 109 60
FU 80 113 37
FU 80 115 0
FU 80 120 98
FU 80 130 1
FU 80 139 0
FU 80 143 9
FU 80 146 16
FU 80 147 51
FU 80 148 0
FU 80 149 0
FU 81 1 82
FU 81 5 0
FU 81 12 32
FU 81 13 17
FU 81 14 55
FU 81 20 70
FU 81 35 0
FU 81 38 37
FU 81 48 97
FU 81 49 0
FU 81 51 0
FU 81 52 0
FU 81 57 12
FU 81 60 0
FU 81 61 0
FU 81 62 53
FU 81 67 37
FU 81 78 81
FU 81 88 58
FU 81 96 0
FU 81 98 3
FU 81 101 0
FU 81 108 57
FU 81 115 0
FU 81 123 1
FU 81 129 0
FU 81 131 0
FU 81 139 0
FU 81 142 0
FU 81 145 0
FU 81 146 32
FU 82 5 4
FU 82 16 1
FU 82 17 60
FU 82 38 40
FU 82 40 3
FU 82 58 41
FU 82 61 0
FU 82 106 79
FU 82 111 0
FU 82 118 54
FU 82 122 98
FU 83 3 0
FU 83 15 13
FU 83 17 22
FU 83 23 0
FU 83 34 0
FU 83 39 47
FU 83 40 0
FU 83 43 0
FU 83 46 0
FU 83 53 0
FU 83 56 0
FU 83 63 0
FU 83 66 0
FU 83 67 7
FU 83 70 0
FU 83 76 0
FU 83 90 0
FU 83 100 0
FU 83 111 0
FU 83 114 0
FU 83 118 34
FU 83 122 82
FU 83 125 0
FU 83 126 0
FU 83 128 0
FU 83 129 0
FU 83 140 136
FU 83 146 52
FU 85 2 0
FU 85 6 0
FU 85 9 0
FU 85 11 0
FU 85 15 0
FU 85 26 11
FU 85 43 0
FU 85 44 36
FU 85 45 0
FU 85 50 95
FU 85 53 0
FU 85 54 0
FU 85 71 0
FU 85 72 0
FU 85 77 0
FU 85 78 108
FU 85 80 0
FU 85 88 65
FU 85 89 57
FU 85 98 162
FU 85 99 56
FU 85 104 0
FU 85 111 0
FU 85 120 61
FU 85 130 8
FU 85 139 0
FU 85 143 24
FU 85 145 0
FU 85 148 0
FU 87 7 0
FU 87 13 58
FU 87 16 1
FU 87 17 36
FU 87 28 0
FU 87 46 0
FU 87 49 0
FU 87 56 5
FU 87 61 0
FU 87 93 87
FU 87 95 0
FU 87 106 98
FU 87 117 84
FU 87 121 0
FU 87 127 140
FU 87 133 4
FU 87 141 127
FU 87 142 0
FU 87 150 0
FU 88 12 82
FU 88 18 59
FU 88 72 0
FU 88 96 734
FU 88 99 66
FU 88 148 101
FU 89 72 0
FU 90 3 0
FU 90 6 113
FU 90 15 7
FU 90 31 187
FU 90 34 0
FU 90 39 369
FU 90 53 1
FU 90 54 0
FU 90 63 1
FU 90 66 0
FU 90 83 0
FU 90 94 560
FU 90 97 99
FU 90 100 0
FU 90 112 21
FU 90 114 0
FU 90 118 59
FU 90 125 1997
FU 90 126 0
FU 90 133 1012
FU 91 5 171
FU 91 13 4
FU 91 15 2
FU 91 17 30
FU 91 20 41
FU 91 23 0
FU 91 35 0
FU 91 38 23
FU 91 39 43
FU 91 40 0
FU 91 41 0
FU 91 51 0
FU 91 53 0
FU 91 56 0
FU 91 57 7
FU 91 58 165
FU 91 60 0
FU 91 61 0
FU 91 66 0
FU 91 67 7
FU 91 70 0
FU 91 76 0
FU 91 82 21
FU 91 97 101
FU 91 108 58
FU 91 111 0
FU 91 112 27
FU 91 115 0
FU 91 118 25
FU 91 119 266
FU 91 126 0
FU 91 129 0
FU 91 133 0
FU 91 139 0
FU 91 142 0
FU 91 146 45
FU 91 150 0
FU 93 138 252
FU 94 6 383
FU 94 8 144
FU 94 10 0
FU 94 24 50
FU 94 29 0
FU 94 31 96
FU 94 34 0
FU 94 43 0
FU 94 45 0
FU 94 53 0
FU 94 54 0
FU 94 63 0
FU 94 68 216
FU 94 73 0
FU 94 89 190
FU 94 90 0
FU 94 104 0
FU 94 105 209
FU 94 112 48
FU 94 114 0
FU 94 134 0
FU 94 135 0
FU 95 7 0
FU 95 16 0
FU 95 17 53
FU 95 28 0
FU 95 36 0
FU 95 41 0
FU 95 46 0
FU 95 49 0
FU 95 56 0
FU 95 62 56
FU 95 74 0
FU 95 76 0
FU 95 87 45
FU 95 93 67
FU 95 106 89
FU 95 110 36
FU 95 118 60
FU 95 119 0
FU 95 121 0
FU 95 127 99
FU 95 141 80
FU 95 142 0
FU 95 144 0
FU 95 150 0
FU 96 1 61
FU 96 2 13
FU 96 5 0
FU 96 12 22
FU 96 14 33
FU 96 15 30
FU 96 20 56
FU 96 26 33
FU 96 35 0
FU 96 38 32
FU 96 44 36
FU 96 48 86
FU 96 49 0
FU 96 51 0
FU 96 57 23
FU 96 60 0
FU 96 61 0
FU 96 62 48
FU 96 72 0
FU 96 80 0
FU 96 81 1989
FU 96 88 86
FU 96 101 650
FU 96 104 0
FU 96 108 43
FU 96 115 0
FU 96 119 87
FU 96 120 83
FU 96 129 0
FU 96 131 0
FU 96 142 0
FU 96 146 50
FU 96 148 0
FU 97 15 2
FU 97 114 0
FU 98 5 68
FU 98 6 39
FU 98 11 0
FU 98 26 55
FU 98 43 0
FU 98 44 20
FU 98 50 87
FU 98 51 304
FU 98 64 49
FU 98 67 240
FU 98 78 133
FU 98 99 25
FU 98 113 45
FU 98 139 0
FU 98 143 11
FU 99 2 0
FU 99 6 128
FU 99 9 0
FU 99 11 0
FU 99 18 49
FU 99 26 15
FU 99 35 322
FU 99 38 37
FU 99 43 0
FU 99 50 51
FU 99 54 0
FU 99 64 43
FU 99 71 0
FU 99 72 0
FU 99 77 0
FU 99 80 0
FU 99 88 21
FU 99 98 14
FU 99 107 166
FU 99 109 131
FU 99 113 76
FU 99 120 85
FU 99 130 3
FU 99 143 16
FU 99 145 0
FU 99 147 109
FU 99 149 0
FU 100 7 0
FU 100 39 17
FU 100 40 0
FU 100 53 0
FU 100 56 0
FU 100 58 53
FU 100 63 0
FU 100 66 0
FU 100 82 35
FU 100 83 0
FU 100 90 0
FU 100 97 134
FU 100 111 0
FU 100 116 0
FU 100 118 39
FU 100 122 68
FU 100 126 0
FU 100 127 45
FU 100 129 0
FU 100 133 0
FU 100 138 143
FU 100 140 69
FU 100 141 101
FU 101 1 16
FU 101 2 81
FU 101 5 0
FU 101 12 59
FU 101 14 215
FU 101 16 0
FU 101 18 27
FU 101 20 23
FU 101 36 0
FU 101 57 10
FU 101 60 0
FU 101 61 0
FU 101 62 73
FU 101 67 61
FU 101 77 37
FU 101 81 0
FU 101 96 256
FU 101 106 101
FU 101 117 67
FU 101 123 1990
FU 101 131 0
FU 101 139 0
FU 101 142 0
FU 104 5 0
FU 104 6 0
FU 104 8 96
FU 104 11 0
FU 104 15 4
FU 104 24 134
FU 104 25 49
FU 104 31 167
FU 104 35 0
FU 104 38 15
FU 104 43 0
FU 104 44 34
FU 104 45 0
FU 104 53 0
FU 104 54 0
FU 104 63 2
FU 104 64 42
FU 104 72 0
FU 104 73 0
FU 104 85 0
FU 104 89 88
FU 104 94 0
FU 104 96 0
FU 104 98 113
FU 104 105 108
FU 104 112 108
FU 104 113 42
FU 104 114 0
FU 104 135 0
FU 104 139 0
FU 106 1 61
FU 106 17 63
FU 106 61 0
FU 106 74 0
FU 106 82 81
FU 106 97 199
FU 106 129 30
FU 106 150 0
FU 107 2 61
FU 107 26 42
FU 108 1 70
FU 108 2 28
FU 108 5 0
FU 108 35 1
FU 108 38 44
FU 108 56 347
FU 108 58 5
FU 108 61 0
FU 108 70 36
FU 108 77 21
FU 108 91 0
FU 108 96 14
FU 108 111 0
FU 109 18 76
FU 109 72 0
FU 109 99 69
FU 109 120 49
FU 109 145 0
FU 109 148 0
FU 110 13 66
FU 110 17 60
FU 110 39 83
FU 110 40 937
FU 110 118 54
FU 110 122 98
FU 110 140 145
FU 111 5 0
FU 111 6 0
FU 111 8 65
FU 111 11 0
FU 111 13 42
FU 111 15 0
FU 111 17 23
FU 111 23 1985
FU 111 24 73
FU 111 25 62
FU 111 35 0
FU 111 38 26
FU 111 39 46
FU 111 40 1039
FU 111 43 0
FU 111 45 0
FU 111 46 0
FU 111 51 0
FU 111 53 0
FU 111 56 0
FU 111 57 836
FU 111 58 59
FU 111 63 0
FU 111 64 39
FU 111 67 21
FU 111 70 0
FU 111 82 102
FU 111 83 0
FU 111 85 0
FU 111 91 0
FU 111 97 78
FU 111 100 0
FU 111 108 284
FU 111 113 87
FU 111 115 0
FU 111 118 42
FU 111 122 85
FU 111 129 0
FU 111 130 4
FU 111 139 0
FU 111 140 92
FU 111 143 21
FU 111 146 21
FU 111 148 323
FU 111 150 0
FU 112 3 0
FU 112 10 0
FU 112 24 115
FU 112 34 0
FU 112 40 2
FU 112 45 473
FU 112 58 135
FU 112 63 2
FU 112 65 4
FU 112 90 2
FU 112 91 2
FU 112 104 984
FU 112 105 131
FU 112 114 0
FU 112 118 66
FU 112 126 9
FU 113 6 0
FU 113 8 102
FU 113 9 0
FU 113 15 0
FU 113 26 18
FU 113 29 0
FU 113 43 0
FU 113 44 35
FU 113 53 0
FU 113 72 0
FU 113 77 0
FU 113 80 0
FU 113 98 20
FU 113 99 34
FU 113 104 0
FU 113 111 3
FU 113 120 55
FU 113 130 0
FU 113 139 0
FU 113 143 18
FU 113 148 0
FU 114 3 0
FU 114 5 0
FU 114 6 0
FU 114 8 57
FU 114 11 0
FU 114 15 2
FU 114 24 76
FU 114 34 0
FU 114 45 0
FU 114 53 0
FU 114 54 0
FU 114 63 0
FU 114 65 904
FU 114 66 1999
FU 114 68 300
FU 114 73 0
FU 114 83 652
FU 114 90 0
FU 114 94 0
FU 114 97 97
FU 114 104 0
FU 114 105 75
FU 114 112 15
FU 114 118 625
FU 114 126 968
FU 114 135 0
FU 115 1 46
FU 115 2 138
FU 115 5 0
FU 115 13 32
FU 115 14 27
FU 115 15 19
FU 115 18 28
FU 115 20 58
FU 115 25 60
FU 115 35 0
FU 115 38 25
FU 115 43 0
FU 115 49 0
FU 115 50 63
FU 115 51 0
FU 115 56 0
FU 115 57 6
FU 115 58 0
FU 115 60 0
FU 115 61 0
FU 115 62 61
FU 115 67 10
FU 115 70 22
FU 115 75 0
FU 115 77 259
FU 115 80 0
FU 115 81 0
FU 115 82 80
FU 115 91 0
FU 115 96 0
FU 115 101 0
FU 115 108 34
FU 115 111 0
FU 115 119 0
FU 115 129 0
FU 115 130 11
FU 115 131 0
FU 115 139 0
FU 115 142 0
FU 115 143 15
FU 115 146 6
FU 115 149 0
FU 116 3 0
FU 116 27 633
FU 116 39 51
FU 116 40 0
FU 116 66 0
FU 116 93 206
FU 116 100 0
FU 116 110 29
FU 116 118 28
FU 116 127 178
FU 116 128 0
FU 116 133 0
FU 116 138 147
FU 116 141 195
FU 116 150 0
FU 117 1 123
FU 117 17 89
FU 117 18 56
FU 117 46 0
FU 117 57 62
FU 117 74 0
FU 117 87 114
FU 117 101 3
FU 117 121 0
FU 117 142 0
FU 117 150 0
FU 118 82 65
FU 118 95 0
FU 118 110 49
FU 118 112 662
FU 118 114 0
FU 119 2 140
FU 119 12 41
FU 119 16 0
FU 119 18 34
FU 119 36 0
FU 119 49 4
FU 119 56 74
FU 119 58 4
FU 119 70 163
FU 119 77 52
FU 119 91 0
FU 119 95 0
FU 119 96 152
FU 119 106 27
FU 119 142 0
FU 120 18 38
FU 120 35 0
FU 120 38 18
FU 120 44 46
FU 120 54 0
FU 120 64 36
FU 120 71 0
FU 120 107 236
FU 120 109 91
FU 120 147 68
FU 121 13 13
FU 121 16 0
FU 121 18 30
FU 121 28 0
FU 121 36 0
FU 121 41 0
FU 121 46 0
FU 121 49 0
FU 121 57 69
FU 121 62 41
FU 121 74 0
FU 121 76 0
FU 121 87 33
FU 121 95 0
FU 121 101 0
FU 121 106 64
FU 121 117 36
FU 121 142 1681
FU 121 144 0
FU 121 150 0
FU 122 82 60
FU 122 93 205
FU 122 110 85
FU 123 12 35
FU 123 14 9
FU 123 18 47
FU 123 20 42
FU 123 48 72
FU 123 49 0
FU 123 52 0
FU 123 60 0
FU 123 62 36
FU 123 75 0
FU 123 78 123
FU 123 81 0
FU 123 88 57
FU 123 101 0
FU 123 109 88
FU 123 145 0
FU 123 147 119
FU 125 3 0
FU 125 17 17
FU 125 34 0
FU 125 65 1
FU 125 83 0
FU 125 90 0
FU 125 128 0
FU 126 23 0
FU 126 39 57
FU 126 40 0
FU 126 53 0
FU 126 56 0
FU 126 58 99
FU 126 63 1
FU 126 66 0
FU 126 70 1
FU 126 83 0
FU 126 90 0
FU 126 91 0
FU 126 97 49
FU 126 100 0
FU 126 112 22
FU 126 114 0
FU 126 118 55
FU 126 122 63
FU 126 129 578
FU 126 133 0
FU 126 140 116
FU 127 7 1
FU 127 53 0
FU 127 87 126
FU 127 118 87
FU 128 3 0
FU 128 31 205
FU 128 34 1994
FU 128 40 0
FU 128 41 0
FU 128 58 0
FU 128 66 0
FU 128 83 0
FU 128 116 0
FU 128 125 0
FU 128 138 257
FU 129 5 1
FU 129 13 42
FU 129 15 4
FU 129 17 66
FU 129 20 54
FU 129 23 1
FU 129 35 12
FU 129 38 67
FU 129 39 89
FU 129 40 1
FU 129 51 9
FU 129 57 59
FU 129 58 32
FU 129 61 0
FU 129 66 0
FU 129 67 42
FU 129 70 7
FU 129 76 0
FU 129 81 0
FU 129 82 72
FU 129 83 2
FU 129 91 2
FU 129 96 11
FU 129 97 87
FU 129 100 0
FU 129 106 38
FU 129 115 11
FU 129 118 46
FU 129 122 84
FU 129 126 177
FU 129 133 6
FU 129 139 44
FU 129 142 304
FU 129 146 45
FU 130 5 162
FU 130 6 0
FU 130 9 1117
FU 130 11 0
FU 130 13 144
FU 130 15 1
FU 130 18 46
FU 130 20 38
FU 130 25 76
FU 130 26 17
FU 130 35 507
FU 130 38 51
FU 130 44 48
FU 130 51 860
FU 130 53 1
FU 130 57 48
FU 130 60 1471
FU 130 64 19
FU 130 71 103
FU 130 72 497
FU 130 80 303
FU 130 99 40
FU 130 111 0
FU 130 113 84
FU 130 115 376
FU 130 143 30
FU 130 146 222
FU 131 1 22
FU 131 2 15
FU 131 5 0
FU 131 12 50
FU 131 13 10
FU 131 14 43
FU 131 18 47
FU 131 20 59
FU 131 35 0
FU 131 38 25
FU 131 48 73
FU 131 49 0
FU 131 51 0
FU 131 52 0
FU 131 57 7
FU 131 60 0
FU 131 61 0
FU 131 62 55
FU 131 67 4
FU 131 75 0
FU 131 77 0
FU 131 81 0
FU 131 82 76
FU 131 96 0
FU 131 101 0
FU 131 108 34
FU 131 109 114
FU 131 115 0
FU 131 119 0
FU 131 129 0
FU 131 139 0
FU 131 142 0
FU 131 146 15
FU 131 149 0
FU 133 7 0
FU 133 23 0
FU 133 36 0
FU 133 39 51
FU 133 40 0
FU 133 46 0
FU 133 53 0
FU 133 56 0
FU 133 66 0
FU 133 82 97
FU 133 87 39
FU 133 90 2
FU 133 91 0
FU 133 93 125
FU 133 97 132
FU 133 100 0
FU 133 110 29
FU 133 116 0
FU 133 118 48
FU 133 122 62
FU 133 126 0
FU 133 127 173
FU 133 129 8
FU 133 138 306
FU 133 140 102
FU 133 141 149
FU 134 8 157
FU 134 10 0
FU 134 11 0
FU 134 31 158
FU 134 34 0
FU 134 45 0
FU 134 68 121
FU 134 73 0
FU 134 79 348
FU 134 89 170
FU 134 94 0
FU 134 105 96
FU 134 135 0
FU 135 5 1
FU 135 6 415
FU 135 8 106
FU 135 10 0
FU 135 24 92
FU 135 29 0
FU 135 31 203
FU 135 34 0
FU 135 45 0
FU 135 53 0
FU 135 54 0
FU 135 63 0
FU 135 65 0
FU 135 68 69
FU 135 73 0
FU 135 89 57
FU 135 94 0
FU 135 104 0
FU 135 105 157
FU 135 112 31
FU 135 114 0
FU 135 134 0
FU 135 139 0
FU 138 93 114
FU 139 1 37
FU 139 2 0
FU 139 5 0
FU 139 6 0
FU 139 11 0
FU 139 12 42
FU 139 13 29
FU 139 15 1
FU 139 20 21
FU 139 24 89
FU 139 25 103
FU 139 26 23
FU 139 35 0
FU 139 38 21
FU 139 43 0
FU 139 44 36
FU 139 45 0
FU 139 49 0
FU 139 50 118
FU 139 51 0
FU 139 52 0
FU 139 53 0
FU 139 54 0
FU 139 57 6
FU 139 58 0
FU 139 60 0
FU 139 61 0
FU 139 62 32
FU 139 64 34
FU 139 67 12
FU 139 70 59
FU 139 72 0
FU 139 73 0
FU 139 77 0
FU 139 80 0
FU 139 81 0
FU 139 85 0
FU 139 89 70
FU 139 91 0
FU 139 96 0
FU 139 98 8
FU 139 101 0
FU 139 104 0
FU 139 108 62
FU 139 111 0
FU 139 113 57
FU 139 115 0
FU 139 119 0
FU 139 120 28
FU 139 129 802
FU 139 130 12
FU 139 131 0
FU 139 135 0
FU 139 142 0
FU 139 143 19
FU 139 146 25
FU 139 148 0
FU 139 149 0
FU 140 110 118
FU 141 23 1
FU 142 1 40
FU 142 5 0
FU 142 12 50
FU 142 13 7
FU 142 16 0
FU 142 18 40
FU 142 20 41
FU 142 28 0
FU 142 35 0
FU 142 36 0
FU 142 38 64
FU 142 43 0
FU 142 49 0
FU 142 51 0
FU 142 57 25
FU 142 58 159
FU 142 60 0
FU 142 61 0
FU 142 62 31
FU 142 67 58
FU 142 81 0
FU 142 87 35
FU 142 91 0
FU 142 95 0
FU 142 96 0
FU 142 101 0
FU 142 106 31
FU 142 108 32
FU 142 115 0
FU 142 117 139
FU 142 119 65
FU 142 121 0
FU 142 129 0
FU 142 131 0
FU 142 139 0
FU 142 146 13
FU 143 2 0
FU 143 5 111
FU 143 6 0
FU 143 9 221
FU 143 11 0
FU 143 13 7
FU 143 15 4
FU 143 25 66
FU 143 26 14
FU 143 35 0
FU 143 38 40
FU 143 44 38
FU 143 51 0
FU 143 53 786
FU 143 57 47
FU 143 60 0
FU 143 62 18
FU 143 64 46
FU 143 67 13
FU 143 72 0
FU 143 80 0
FU 143 85 0
FU 143 98 2
FU 143 99 62
FU 143 111 0
FU 143 113 68
FU 143 115 0
FU 143 120 111
FU 143 130 17
FU 143 148 0
FU 144 13 23
FU 144 16 0
FU 144 17 27
FU 144 28 0
FU 144 36 0
FU 144 41 0
FU 144 46 0
FU 144 49 0
FU 144 56 0
FU 144 62 60
FU 144 74 0
FU 144 87 97
FU 144 95 0
FU 144 106 47
FU 144 117 38
FU 144 119 0
FU 144 121 0
FU 144 127 134
FU 144 150 0
FU 145 2 0
FU 145 12 53
FU 145 14 21
FU 145 20 27
FU 145 32 469
FU 145 48 39
FU 145 50 118
FU 145 52 0
FU 145 60 0
FU 145 71 0
FU 145 77 0
FU 145 78 147
FU 145 81 0
FU 145 85 0
FU 145 88 40
FU 145 99 37
FU 145 107 267
FU 145 109 71
FU 145 123 0
FU 145 147 106
FU 146 2 7
FU 146 20 73
FU 146 39 77
FU 146 48 110
FU 146 51 1
FU 146 52 1
FU 146 56 420
FU 146 62 69
FU 146 67 81
FU 146 75 0
FU 146 77 7
FU 146 82 85
FU 146 83 0
FU 146 91 795
FU 146 96 7
FU 146 111 0
FU 146 115 0
FU 146 129 17
FU 146 130 5
FU 146 139 0
FU 146 149 0
FU 147 2 18
FU 147 14 114
FU 147 52 13
FU 147 72 1
FU 147 80 1
FU 147 99 74
FU 147 120 94
FU 147 148 8
FU 148 2 0
FU 148 5 0
FU 148 6 0
FU 148 9 0
FU 148 11 0
FU 148 14 32
FU 148 18 23
FU 148 25 89
FU 148 26 54
FU 148 35 0
FU 148 38 35
FU 148 43 0
FU 148 44 36
FU 148 48 36
FU 148 50 163
FU 148 52 0
FU 148 54 0
FU 148 64 60
FU 148 71 0
FU 148 72 0
FU 148 77 0
FU 148 80 0
FU 148 85 0
FU 148 88 659
FU 148 96 0
FU 148 98 5
FU 148 99 62
FU 148 109 128
FU 148 111 0
FU 148 113 80
FU 148 120 36
FU 148 130 4
FU 148 139 0
FU 148 143 18
FU 148 147 54
FU 148 149 0
FU 149 2 0
FU 149 5 0
FU 149 6 33
FU 149 9 0
FU 149 11 0
FU 149 14 11
FU 149 15 6
FU 149 18 50
FU 149 26 20
FU 149 35 0
FU 149 38 31
FU 149 43 0
FU 149 44 41
FU 149 48 67
FU 149 50 63
FU 149 51 0
FU 149 67 26
FU 149 71 93
FU 149 72 0
FU 149 75 0
FU 149 77 0
FU 149 78 119
FU 149 80 0
FU 149 96 0
FU 149 98 93
FU 149 99 45
FU 149 115 0
FU 149 120 37
FU 149 130 6
FU 149 131 0
FU 149 139 0
FU 149 143 26
FU 149 146 35
FU 149 148 0
FU 150 16 0
FU 150 17 41
FU 150 23 0
FU 150 28 0
FU 150 36 0
FU 150 40 0
FU 150 41 0
FU 150 46 0
FU 150 53 0
FU 150 56 0
FU 150 58 0
FU 150 66 0
FU 150 70 2
FU 150 74 1851
FU 150 76 0
FU 150 87 41
FU 150 91 0
FU 150 95 0
FU 150 106 87
FU 150 110 32
FU 150 111 0
FU 150 116 0
FU 150 117 32
FU 150 121 0
FU 150 144 0
