Nodes: 176
Arcs: 6048
Terminals_rem: 0
Nodes_rem: 13
Arcs_rem: 2761
First LB: 18
LB: 18
Iter. LB: 0
First UB: 70
UB: 40
Iter. UB: 397
gap: 55
BM. Time: 0
Runtime: 3601
FL 0 147 1433
FL 0 15 169
FL 0 116 224
FL 0 134 1414
FL 0 98 150
FL 0 52 58
FL 0 136 17
FL 0 1 188
FL 0 57 148
FL 0 84 221
FL 0 18 250
FL 0 48 1302
FL 0 24 87
FL 0 168 41
FL 0 149 1984
FL 0 56 391
FL 0 159 57
FL 0 82 188
FL 0 137 88
FL 0 158 60
FL 0 43 1516
FL 0 3 69
FL 0 65 50
FL 0 86 1312
FL 0 160 156
FL 0 146 155
FL 0 118 44
FL 0 114 143
FL 0 46 94
FL 0 95 100
FL 0 163 1623
FL 0 172 25
FL 0 165 1347
FL 0 124 254
FL 0 92 257
FL 0 13 0
FL 0 145 1646
FL 0 49 97
FL 0 79 1319
FL 0 80 228
FL 0 51 175
FL 0 83 69
FL 0 119 133
FL 0 96 165
FL 0 16 271
FL 0 164 1597
FL 0 112 140
FL 0 122 2030
FL 0 23 5
FL 0 4 386
FL 0 44 1730
FL 0 88 64
FL 0 156 105
FL 0 47 6
FL 0 107 1508
FL 0 64 1485
FL 0 138 1
FL 0 91 0
FL 0 54 209
FL 0 123 59
FL 0 169 57
FL 0 60 145
FL 0 70 245
FL 0 29 1602
FL 0 120 1484
FL 0 67 209
FL 0 75 122
FL 0 174 293
FL 0 127 10
FL 0 31 1643
FL 0 59 252
FL 0 139 267
FL 0 97 166
FL 0 125 31
FL 0 2 503
FL 0 5 1362
FL 0 6 193
FL 0 7 406
FL 0 8 1153
FL 0 9 85
FL 0 10 1153
FL 0 11 713
FL 0 12 38
FL 0 14 1153
FL 0 17 272
FL 0 19 80
FL 0 20 798
FL 0 21 75
FL 0 22 87
FL 0 25 889
FL 0 26 207
FL 0 27 436
FL 0 28 134
FL 0 30 181
FL 0 32 198
FL 0 33 115
FL 0 34 755
FL 0 35 42
FL 0 36 134
FL 0 37 241
FL 0 38 135
FL 0 39 193
FL 0 40 1119
FL 0 41 168
FL 0 45 1153
FL 0 50 64
FL 0 53 293
FL 0 55 109
FL 0 58 832
FL 0 61 1153
FL 0 62 1153
FL 0 63 125
FL 0 66 38
FL 0 68 1153
FL 0 69 58
FL 0 71 714
FL 0 72 98
FL 0 73 179
FL 0 74 253
FL 0 76 57
FL 0 77 127
FL 0 78 1153
FL 0 81 614
FL 0 85 1153
FL 0 87 139
FL 0 89 1233
FL 0 90 910
FL 0 93 410
FL 0 94 197
FL 0 99 206
FL 0 100 269
FL 0 101 386
FL 0 102 372
FL 0 103 518
FL 0 104 1153
FL 0 105 480
FL 0 106 602
FL 0 108 27
FL 0 109 285
FL 0 110 53
FL 0 111 1037
FL 0 113 721
FL 0 115 617
FL 0 117 203
FL 0 121 747
FL 0 126 1444
FL 0 128 42
FL 0 129 816
FL 0 130 11
FL 0 131 1153
FL 0 132 874
FL 0 133 866
FL 0 135 1221
FL 0 140 69
FL 0 141 208
FL 0 142 1436
FL 0 143 59
FL 0 144 162
FL 0 148 475
FL 0 150 49
FL 0 151 19
FL 0 152 739
FL 0 153 232
FL 0 154 80
FL 0 155 706
FL 0 157 947
FL 0 161 1145
FL 0 162 480
FL 0 166 844
FL 0 167 2439
FL 0 170 1312
FL 0 171 1153
FL 0 173 1572
FL 0 175 1153
FL 1 2 19
FL 1 5 7
FL 1 11 10
FL 1 13 0
FL 1 15 0
FL 1 16 2
FL 1 18 5
FL 1 20 10
FL 1 35 107
FL 1 36 14
FL 1 38 59
FL 1 49 11
FL 1 51 13
FL 1 52 0
FL 1 56 33
FL 1 57 1
FL 1 58 11
FL 1 60 5
FL 1 67 0
FL 1 69 23
FL 1 70 0
FL 1 75 12
FL 1 77 1
FL 1 82 2
FL 1 87 19
FL 1 91 0
FL 1 96 14
FL 1 98 4
FL 1 101 8
FL 1 106 51
FL 1 108 102
FL 1 111 30
FL 1 115 11
FL 1 117 258
FL 1 119 8
FL 1 121 6
FL 1 129 23
FL 1 130 66
FL 1 132 215
FL 1 137 172
FL 1 139 1
FL 1 142 13
FL 1 143 46
FL 1 146 15
FL 1 152 16
FL 1 154 0
FL 1 156 0
FL 1 157 5
FL 1 158 1
FL 1 159 5
FL 1 161 4
FL 1 170 39
FL 1 173 22
FL 2 12 106
FL 2 48 0
FL 2 56 199
FL 2 111 201
FL 2 142 398
FL 3 4 10
FL 3 17 4
FL 3 31 0
FL 3 40 6
FL 3 59 0
FL 3 63 61
FL 3 65 2
FL 3 66 4
FL 3 83 9
FL 3 86 0
FL 3 90 31
FL 3 92 28
FL 3 100 5
FL 3 114 10
FL 3 116 15
FL 3 124 2
FL 3 125 2
FL 3 126 55
FL 3 128 17
FL 3 138 1
FL 3 160 4
FL 3 166 98
FL 4 3 4
FL 4 16 15
FL 4 17 4
FL 4 34 3031
FL 4 36 18
FL 4 37 37
FL 4 39 28
FL 4 40 12
FL 4 41 269
FL 4 43 0
FL 4 44 0
FL 4 53 5
FL 4 59 0
FL 4 63 67
FL 4 66 6
FL 4 67 0
FL 4 69 56
FL 4 76 77
FL 4 83 19
FL 4 90 9
FL 4 91 0
FL 4 92 35
FL 4 93 102
FL 4 95 3
FL 4 97 11
FL 4 100 14
FL 4 106 34
FL 4 110 57
FL 4 111 28
FL 4 114 13
FL 4 115 7
FL 4 116 24
FL 4 118 4
FL 4 119 219
FL 4 124 6
FL 4 126 8
FL 4 127 13
FL 4 128 37
FL 4 129 28
FL 4 130 22
FL 4 135 311
FL 4 136 2
FL 4 138 1
FL 4 140 73
FL 4 141 67
FL 4 143 106
FL 4 146 11
FL 4 150 31
FL 4 151 29
FL 4 152 15
FL 4 160 5
FL 4 161 4
FL 4 170 33
FL 5 11 28
FL 5 12 55
FL 5 13 0
FL 5 35 39
FL 5 36 58
FL 5 38 25
FL 5 52 0
FL 5 56 33
FL 5 57 1
FL 5 58 6
FL 5 60 5
FL 5 67 0
FL 5 70 0
FL 5 74 661
FL 5 81 58
FL 5 82 3
FL 5 87 24
FL 5 91 0
FL 5 96 14
FL 5 111 15
FL 5 115 8
FL 5 121 28
FL 5 124 1090
FL 5 135 46
FL 5 139 0
FL 5 152 23
FL 5 154 0
FL 5 156 0
FL 5 158 0
FL 5 161 4
FL 6 9 10
FL 6 15 0
FL 6 53 11
FL 6 70 139
FL 6 91 0
FL 6 94 17
FL 6 105 39
FL 6 109 23
FL 6 149 0
FL 7 21 302
FL 7 22 172
FL 7 23 1625
FL 7 28 112
FL 7 37 280
FL 7 41 1411
FL 7 42 0
FL 7 53 1057
FL 7 87 815
FL 7 91 1
FL 7 100 1861
FL 7 110 125
FL 7 118 1770
FL 7 127 682
FL 7 136 1318
FL 7 141 87
FL 7 150 95
FL 7 153 301
FL 9 6 28
FL 9 11 12
FL 9 25 21
FL 9 29 0
FL 9 38 20
FL 9 54 7
FL 9 64 0
FL 9 89 39
FL 9 94 17
FL 9 99 138
FL 9 105 42
FL 9 109 14
FL 9 168 1388
FL 11 5 13
FL 11 9 12
FL 11 13 1
FL 11 15 0
FL 11 24 4
FL 11 25 29
FL 11 26 11
FL 11 51 226
FL 11 53 8
FL 11 56 513
FL 11 58 7
FL 11 60 4
FL 11 70 97
FL 11 71 14
FL 11 73 70
FL 11 77 1
FL 11 87 18
FL 11 91 0
FL 11 94 18
FL 11 98 4
FL 11 108 17
FL 11 111 15
FL 11 115 9
FL 11 130 26
FL 11 135 67
FL 11 152 22
FL 12 164 0
FL 13 1 745
FL 13 2 41
FL 13 5 1562
FL 13 11 680
FL 13 15 1280
FL 13 16 1674
FL 13 20 229
FL 13 27 149
FL 13 30 305
FL 13 33 62
FL 13 35 45
FL 13 36 25
FL 13 38 16
FL 13 42 0
FL 13 49 22
FL 13 51 33
FL 13 52 1512
FL 13 55 97
FL 13 56 525
FL 13 57 4732
FL 13 58 123
FL 13 60 45
FL 13 67 1668
FL 13 69 37
FL 13 70 1969
FL 13 77 2157
FL 13 81 456
FL 13 82 1883
FL 13 87 156
FL 13 91 1
FL 13 93 52
FL 13 95 740
FL 13 96 53
FL 13 98 1145
FL 13 101 43
FL 13 106 79
FL 13 108 47
FL 13 111 1228
FL 13 115 105
FL 13 119 46
FL 13 121 127
FL 13 129 272
FL 13 130 43
FL 13 136 531
FL 13 139 1823
FL 13 142 3284
FL 13 144 262
FL 13 146 34
FL 13 151 38
FL 13 152 120
FL 13 154 3782
FL 13 156 1159
FL 13 157 66
FL 13 158 1238
FL 13 159 36
FL 13 161 1445
FL 13 170 133
FL 13 173 35
FL 13 174 1347
FL 15 1 0
FL 15 2 22
FL 15 6 20
FL 15 11 17
FL 15 13 0
FL 15 17 4
FL 15 20 16
FL 15 25 18
FL 15 35 28
FL 15 36 74
FL 15 38 33
FL 15 51 8
FL 15 53 9
FL 15 54 9
FL 15 56 28
FL 15 57 1
FL 15 58 8
FL 15 65 4
FL 15 67 0
FL 15 70 0
FL 15 80 8
FL 15 84 14
FL 15 87 4
FL 15 89 6
FL 15 90 23
FL 15 91 0
FL 15 96 11
FL 15 97 13
FL 15 105 63
FL 15 108 43
FL 15 110 14
FL 15 111 30
FL 15 112 7
FL 15 113 30
FL 15 114 12
FL 15 115 11
FL 15 118 2
FL 15 119 9
FL 15 121 23
FL 15 124 11
FL 15 129 23
FL 15 130 30
FL 15 133 141
FL 15 135 39
FL 15 139 0
FL 15 142 11
FL 15 148 32
FL 15 156 0
FL 15 161 3
FL 15 170 7
FL 15 174 29
FL 16 1 141
FL 16 4 103
FL 16 13 0
FL 16 17 4
FL 16 18 181
FL 16 23 0
FL 16 36 58
FL 16 37 29
FL 16 39 34
FL 16 40 7
FL 16 41 22
FL 16 49 8
FL 16 56 21
FL 16 57 1
FL 16 59 0
FL 16 66 8
FL 16 69 26
FL 16 74 101
FL 16 82 2
FL 16 84 11
FL 16 87 14
FL 16 90 12
FL 16 92 32
FL 16 93 25
FL 16 95 0
FL 16 97 10
FL 16 100 10
FL 16 106 30
FL 16 110 67
FL 16 114 12
FL 16 116 20
FL 16 117 147
FL 16 118 2
FL 16 119 5
FL 16 121 16
FL 16 122 0
FL 16 124 0
FL 16 129 26
FL 16 132 101
FL 16 133 11
FL 16 136 0
FL 16 140 65
FL 16 141 79
FL 16 142 6
FL 16 150 63
FL 16 151 75
FL 16 154 0
FL 16 156 0
FL 16 160 5
FL 16 173 41
FL 16 174 18
FL 17 3 575
FL 17 59 992
FL 17 93 38
FL 17 103 44
FL 17 125 208
FL 17 166 60
FL 18 1 2
FL 18 5 22
FL 18 12 115
FL 18 16 3
FL 18 19 97
FL 18 26 31
FL 18 32 75
FL 18 33 48
FL 18 35 72
FL 18 38 16
FL 18 43 0
FL 18 48 0
FL 18 49 11
FL 18 50 51
FL 18 51 10
FL 18 52 0
FL 18 57 4
FL 18 67 0
FL 18 69 73
FL 18 71 37
FL 18 75 18
FL 18 77 1
FL 18 81 56
FL 18 82 2
FL 18 88 15
FL 18 96 14
FL 18 99 174
FL 18 101 11
FL 18 106 22
FL 18 107 0
FL 18 108 58
FL 18 109 20
FL 18 115 13
FL 18 117 80
FL 18 119 9
FL 18 120 0
FL 18 121 20
FL 18 123 11
FL 18 132 69
FL 18 137 12
FL 18 142 14
FL 18 143 32
FL 18 145 0
FL 18 146 11
FL 18 147 0
FL 18 148 61
FL 18 149 0
FL 18 152 16
FL 18 154 0
FL 18 156 0
FL 18 157 12
FL 18 158 0
FL 18 159 6
FL 18 161 6
FL 18 165 0
FL 18 169 8
FL 18 170 25
FL 18 173 42
FL 20 57 2
FL 20 82 6
FL 20 84 1355
FL 20 96 23
FL 20 111 41
FL 20 124 87
FL 20 130 12
FL 20 133 234
FL 20 139 0
FL 21 7 65
FL 21 23 22
FL 21 28 85
FL 21 33 70
FL 21 41 90
FL 21 42 0
FL 21 46 1033
FL 21 81 1882
FL 21 91 0
FL 21 117 448
FL 21 127 109
FL 21 132 635
FL 21 137 715
FL 21 142 211
FL 21 150 98
FL 21 154 19
FL 21 173 825
FL 22 28 22
FL 22 37 9
FL 22 66 10
FL 22 93 14
FL 22 144 65
FL 23 7 26
FL 23 16 0
FL 23 17 4
FL 23 21 28
FL 23 36 48
FL 23 39 23
FL 23 40 12
FL 23 41 21
FL 23 42 0
FL 23 46 28
FL 23 55 276
FL 23 56 42
FL 23 59 0
FL 23 69 23
FL 23 74 158
FL 23 76 158
FL 23 82 0
FL 23 84 1
FL 23 87 4
FL 23 91 0
FL 23 92 18202
FL 23 93 35
FL 23 103 54
FL 23 106 35
FL 23 110 37
FL 23 111 24
FL 23 112 0
FL 23 118 0
FL 23 121 20
FL 23 122 0
FL 23 124 16
FL 23 127 17
FL 23 129 24
FL 23 133 5
FL 23 136 0
FL 23 140 20
FL 23 150 79
FL 23 151 53
FL 23 154 0
FL 23 174 8
FL 24 6 41
FL 24 11 13
FL 24 31 0
FL 24 34 44
FL 24 35 13
FL 24 38 46
FL 24 43 0
FL 24 53 11
FL 24 63 41
FL 24 65 10
FL 24 73 95
FL 24 75 13
FL 24 79 0
FL 24 80 10
FL 24 89 48
FL 24 97 17
FL 24 98 5
FL 24 111 35
FL 24 112 6
FL 24 114 13
FL 24 126 138
FL 24 134 0
FL 24 135 40
FL 24 139 2
FL 24 161 65
FL 24 163 0
FL 24 168 7
FL 24 172 5
FL 24 174 26
FL 25 6 66
FL 25 11 4
FL 25 15 0
FL 25 17 18
FL 25 35 45
FL 25 38 6
FL 25 44 0
FL 25 50 62
FL 25 53 8
FL 25 64 0
FL 25 71 21
FL 25 72 67
FL 25 89 17
FL 25 97 12
FL 25 99 84
FL 25 111 18
FL 25 112 3
FL 25 113 26
FL 25 130 73
FL 25 142 17
FL 25 143 67
FL 25 146 15
FL 25 152 23
FL 25 155 28
FL 26 11 14
FL 26 71 31
FL 26 111 41
FL 26 112 243
FL 26 139 154
FL 26 148 46
FL 26 158 196
FL 26 161 4
FL 27 22 65
FL 27 47 6
FL 28 22 48
FL 28 33 102
FL 28 81 85
FL 28 137 580
FL 29 6 11
FL 29 9 9
FL 29 11 20
FL 29 54 5
FL 29 64 0
FL 29 65 5
FL 29 73 82
FL 29 89 38
FL 29 94 12
FL 29 105 77
FL 29 113 71
FL 29 155 114
FL 29 163 0
FL 29 168 5
FL 31 3 21
FL 31 17 17
FL 31 24 26
FL 31 34 75
FL 31 43 0
FL 31 63 46
FL 31 66 31
FL 31 73 41
FL 31 79 0
FL 31 97 47
FL 31 114 25
FL 31 128 47
FL 31 134 0
FL 31 135 89
FL 31 163 0
FL 31 168 17
FL 31 172 8
FL 32 71 20
FL 32 149 0
FL 33 13 1
FL 33 21 46
FL 33 22 99
FL 33 28 619
FL 33 37 26
FL 33 42 0
FL 33 46 1090
FL 33 127 61
FL 34 4 251
FL 34 53 25
FL 34 65 5
FL 34 66 2782
FL 34 90 35
FL 34 94 18
FL 34 97 284
FL 34 100 117
FL 34 105 66
FL 34 126 48
FL 34 172 4
FL 35 25 13
FL 36 5 14
FL 36 17 11
FL 36 82 3
FL 36 101 8
FL 36 124 16
FL 36 142 9
FL 36 154 0
FL 37 16 1
FL 37 22 134
FL 37 66 7
FL 37 92 31
FL 37 106 36
FL 37 114 8
FL 37 116 15
FL 37 126 14
FL 37 160 5
FL 37 167 7
FL 38 25 8
FL 38 111 18
FL 39 47 3
FL 39 93 79
FL 39 167 35
FL 40 3 10
FL 40 17 13
FL 40 37 56
FL 40 39 37
FL 40 56 57
FL 40 58 10
FL 40 59 18
FL 40 66 25
FL 40 69 32
FL 40 82 3
FL 40 90 18
FL 40 91 0
FL 40 92 84
FL 40 111 36
FL 40 116 54
FL 40 122 0
FL 40 127 23
FL 40 129 54
FL 40 142 1145
FL 40 160 142
FL 40 167 29
FL 41 4 100
FL 41 82 240
FL 41 162 983
FL 42 7 12303
FL 42 13 42693
FL 42 21 6663
FL 42 23 18972
FL 42 27 308
FL 42 28 840
FL 42 30 174
FL 42 33 2391
FL 42 47 6549
FL 42 55 212
FL 42 66 2132
FL 42 91 3914
FL 42 127 11385
FL 42 128 190
FL 42 138 559
FL 42 0 91337
FL 43 4 8
FL 43 9 7
FL 43 18 0
FL 43 24 1
FL 43 26 19
FL 43 31 0
FL 43 34 13
FL 43 39 98
FL 43 53 6
FL 43 54 1
FL 43 63 63
FL 43 65 2
FL 43 69 29
FL 43 80 0
FL 43 89 7
FL 43 105 25
FL 43 111 27
FL 43 112 1
FL 43 115 6
FL 43 134 0
FL 43 135 28
FL 43 139 0
FL 43 146 8
FL 43 152 10
FL 43 163 0
FL 43 168 4
FL 44 4 20
FL 44 9 7
FL 44 25 7
FL 44 26 23
FL 44 39 11
FL 44 50 47
FL 44 51 6
FL 44 53 6
FL 44 54 5
FL 44 63 41
FL 44 71 12
FL 44 73 92
FL 44 80 1
FL 44 89 8
FL 44 94 8
FL 44 100 38
FL 44 105 55
FL 44 111 28
FL 44 112 2
FL 44 122 0
FL 44 130 39
FL 44 139 0
FL 44 140 68
FL 44 142 6
FL 44 148 47
FL 44 149 0
FL 46 19 95
FL 46 21 42
FL 46 23 0
FL 46 28 35
FL 46 30 323
FL 46 33 115
FL 46 55 120
FL 46 84 828
FL 46 91 0
FL 46 111 26
FL 46 142 2
FL 46 162 117
FL 46 164 0
FL 47 7 21
FL 47 22 99
FL 47 27 331
FL 47 39 22
FL 47 42 0
FL 47 66 144
FL 47 116 1879
FL 47 125 1508
FL 47 138 1
FL 47 141 92
FL 47 166 1974
FL 48 2 28
FL 48 12 43
FL 48 18 0
FL 48 49 8
FL 48 52 0
FL 48 60 0
FL 48 75 0
FL 48 77 1
FL 48 88 7
FL 48 96 1
FL 48 101 38
FL 48 107 0
FL 48 109 10
FL 48 123 0
FL 48 145 0
FL 48 146 5
FL 48 157 8
FL 48 158 0
FL 48 159 0
FL 48 165 0
FL 49 1 0
FL 49 2 16
FL 49 5 10
FL 49 11 10
FL 49 13 0
FL 49 16 0
FL 49 18 0
FL 49 35 42
FL 49 36 63
FL 49 38 50
FL 49 48 0
FL 49 51 3
FL 49 52 0
FL 49 58 4
FL 49 60 0
FL 49 67 0
FL 49 69 41
FL 49 75 0
FL 49 77 1
FL 49 91 0
FL 49 101 58
FL 49 108 73
FL 49 121 11
FL 49 123 1
FL 49 139 0
FL 49 142 4
FL 49 146 7
FL 49 152 12
FL 49 154 0
FL 49 156 0
FL 49 157 3
FL 49 158 0
FL 49 159 1
FL 49 161 11
FL 49 162 46
FL 49 165 0
FL 49 170 25
FL 51 1 0
FL 51 6 43
FL 51 11 8
FL 51 13 0
FL 51 15 0
FL 51 18 0
FL 51 20 11
FL 51 25 24
FL 51 26 21
FL 51 35 31
FL 51 38 63
FL 51 44 0
FL 51 49 8
FL 51 50 25
FL 51 52 0
FL 51 57 1
FL 51 58 3
FL 51 60 0
FL 51 64 0
FL 51 67 0
FL 51 70 0
FL 51 71 11
FL 51 72 62
FL 51 75 2
FL 51 77 1
FL 51 80 1
FL 51 91 0
FL 51 96 10
FL 51 98 2
FL 51 99 67
FL 51 101 27
FL 51 108 40
FL 51 109 10
FL 51 111 28
FL 51 113 108
FL 51 115 5
FL 51 119 3
FL 51 122 0
FL 51 129 25
FL 51 130 13
FL 51 139 0
FL 51 142 5
FL 51 143 89
FL 51 146 11
FL 51 149 0
FL 51 152 11
FL 51 155 54
FL 51 157 3
FL 51 158 0
FL 51 159 1
FL 51 161 4
FL 51 169 0
FL 51 170 45
FL 52 1 0
FL 52 2 47
FL 52 5 4
FL 52 13 0
FL 52 18 3
FL 52 26 7
FL 52 48 0
FL 52 49 9
FL 52 50 96
FL 52 51 9
FL 52 58 6
FL 52 60 2
FL 52 67 0
FL 52 75 0
FL 52 77 1
FL 52 80 7
FL 52 88 8
FL 52 91 0
FL 52 96 13
FL 52 101 36
FL 52 108 18
FL 52 109 16
FL 52 115 8
FL 52 123 4
FL 52 139 0
FL 52 145 0
FL 52 146 9
FL 52 148 104
FL 52 149 0
FL 52 157 14
FL 52 165 0
FL 53 6 17
FL 53 7 59
FL 53 11 13
FL 53 15 0
FL 53 17 5
FL 53 25 27
FL 53 34 8
FL 53 44 0
FL 53 54 1
FL 53 64 0
FL 53 65 443
FL 53 72 73
FL 53 83 14
FL 53 89 7
FL 53 90 462
FL 53 94 8
FL 53 111 28
FL 53 112 3
FL 53 113 23
FL 53 114 12
FL 53 124 10
FL 53 127 0
FL 53 130 47
FL 53 139 0
FL 53 140 49
FL 53 142 1116
FL 53 155 66
FL 54 2 36
FL 54 6 72
FL 54 9 7
FL 54 11 11
FL 54 15 0
FL 54 25 40
FL 54 26 32
FL 54 29 0
FL 54 35 88
FL 54 38 18
FL 54 43 0
FL 54 44 0
FL 54 53 5
FL 54 57 97
FL 54 63 95
FL 54 64 0
FL 54 71 230
FL 54 72 80
FL 54 80 242
FL 54 89 37
FL 54 90 111
FL 54 94 11
FL 54 97 12
FL 54 98 3
FL 54 99 50
FL 54 105 30
FL 54 111 69
FL 54 112 3
FL 54 113 58
FL 54 114 13
FL 54 119 736
FL 54 130 15
FL 54 134 0
FL 54 139 0
FL 54 142 8
FL 54 143 129
FL 54 155 51
FL 54 163 0
FL 54 168 5
FL 55 84 5
FL 55 162 102
FL 56 1 0
FL 56 2 598
FL 56 5 23
FL 56 11 439
FL 56 13 0
FL 56 15 1
FL 56 16 43
FL 56 17 6
FL 56 20 20
FL 56 23 0
FL 56 36 47
FL 56 40 5
FL 56 41 21
FL 56 55 134
FL 56 57 64
FL 56 58 5
FL 56 59 7
FL 56 63 82
FL 56 66 761
FL 56 69 42
FL 56 70 1
FL 56 76 56
FL 56 82 3
FL 56 84 19
FL 56 87 18
FL 56 91 0
FL 56 92 86
FL 56 93 64
FL 56 95 1
FL 56 96 402
FL 56 98 2967
FL 56 100 13
FL 56 106 29
FL 56 110 47
FL 56 111 35
FL 56 115 12
FL 56 118 3
FL 56 119 56
FL 56 121 7
FL 56 122 0
FL 56 124 15
FL 56 129 35
FL 56 133 29
FL 56 136 1
FL 56 140 52
FL 56 142 22
FL 56 144 53
FL 56 146 1115
FL 56 150 13
FL 56 151 80
FL 56 152 1319
FL 56 156 99
FL 56 161 484
FL 56 174 19
FL 57 1 0
FL 57 5 10
FL 57 13 0
FL 57 15 0
FL 57 16 192
FL 57 18 154
FL 57 20 15
FL 57 25 11
FL 57 26 28
FL 57 51 15
FL 57 54 1314
FL 57 56 102
FL 57 58 11
FL 57 60 3
FL 57 67 0
FL 57 69 31
FL 57 70 1
FL 57 71 38
FL 57 77 1
FL 57 80 15
FL 57 87 21
FL 57 89 508
FL 57 91 0
FL 57 94 1991
FL 57 96 15
FL 57 98 4
FL 57 101 112
FL 57 108 34
FL 57 111 34
FL 57 115 13
FL 57 129 23
FL 57 130 20
FL 57 137 239
FL 57 139 0
FL 57 142 14
FL 57 146 15
FL 57 149 0
FL 57 152 24
FL 57 157 255
FL 58 1 0
FL 58 5 17
FL 58 11 7
FL 58 13 0
FL 58 15 0
FL 58 17 17
FL 58 38 48
FL 58 40 16
FL 58 49 15
FL 58 51 12
FL 58 52 0
FL 58 56 55
FL 58 57 1
FL 58 60 5
FL 58 70 0
FL 58 77 2
FL 58 91 0
FL 58 92 49
FL 58 98 5
FL 58 99 78
FL 58 101 9
FL 58 108 65
FL 58 109 55
FL 58 111 36
FL 58 112 745
FL 58 115 16
FL 58 116 33
FL 58 119 11
FL 58 121 41
FL 58 122 0
FL 58 139 0
FL 58 156 0
FL 58 157 10
FL 58 158 1
FL 58 159 6
FL 58 160 10
FL 58 161 3
FL 58 170 24
FL 59 3 6
FL 59 4 30
FL 59 16 6
FL 59 17 8
FL 59 23 0
FL 59 37 19
FL 59 39 23
FL 59 40 18
FL 59 56 45
FL 59 58 14
FL 59 66 15
FL 59 69 20
FL 59 70 0
FL 59 76 37
FL 59 82 4
FL 59 84 21
FL 59 87 21
FL 59 90 34
FL 59 91 0
FL 59 92 42
FL 59 93 40
FL 59 106 45
FL 59 110 38
FL 59 114 15
FL 59 116 27
FL 59 118 8
FL 59 122 0
FL 59 124 21
FL 59 126 10
FL 59 128 43
FL 59 129 37
FL 59 133 44
FL 59 136 2
FL 59 140 15
FL 59 141 50
FL 59 150 10
FL 59 151 66
FL 59 160 6
FL 59 167 10
FL 59 174 37
FL 60 1 0
FL 60 2 16
FL 60 5 9
FL 60 11 15
FL 60 13 0
FL 60 20 6
FL 60 35 22
FL 60 36 20
FL 60 38 92
FL 60 48 0
FL 60 49 9
FL 60 51 7
FL 60 52 0
FL 60 57 1
FL 60 58 10
FL 60 67 0
FL 60 70 0
FL 60 75 1
FL 60 77 1
FL 60 80 7
FL 60 81 59
FL 60 87 16
FL 60 91 0
FL 60 96 10
FL 60 98 2
FL 60 101 18
FL 60 108 25
FL 60 115 8
FL 60 119 9
FL 60 121 8
FL 60 123 1307
FL 60 129 29
FL 60 139 0
FL 60 142 9
FL 60 146 12
FL 60 152 14
FL 60 154 0
FL 60 156 0
FL 60 157 18
FL 60 158 0
FL 60 159 1
FL 60 161 4
FL 60 165 0
FL 60 170 12
FL 63 73 64
FL 64 9 7
FL 64 25 29
FL 64 26 12
FL 64 29 0
FL 64 50 67
FL 64 51 6
FL 64 53 4
FL 64 54 5
FL 64 71 24
FL 64 80 3
FL 64 89 7
FL 64 94 8
FL 64 105 42
FL 64 111 29
FL 64 112 2
FL 64 130 51
FL 64 139 0
FL 64 142 8
FL 64 148 28
FL 64 149 0
FL 65 3 0
FL 65 15 0
FL 65 24 1
FL 65 29 0
FL 65 34 12
FL 65 43 0
FL 65 53 133
FL 65 79 0
FL 65 83 11
FL 65 86 0
FL 65 90 7
FL 65 94 6
FL 65 100 158
FL 65 112 1
FL 65 114 9
FL 65 126 22
FL 65 128 21
FL 65 134 0
FL 65 135 28
FL 65 168 4
FL 65 172 4
FL 66 3 3
FL 66 16 77
FL 66 17 5
FL 66 22 48
FL 66 31 0
FL 66 34 351
FL 66 37 30
FL 66 39 113
FL 66 40 7
FL 66 47 2
FL 66 56 1892
FL 66 69 11
FL 66 83 2582
FL 66 92 30
FL 66 93 11
FL 66 110 57
FL 66 114 9
FL 66 116 20
FL 66 118 1
FL 66 126 39
FL 66 127 0
FL 66 128 16
FL 66 129 29
FL 66 135 414
FL 66 138 396
FL 66 160 138
FL 66 167 16
FL 67 1 0
FL 67 2 17
FL 67 4 24
FL 67 5 10
FL 67 6 55
FL 67 11 9
FL 67 12 40
FL 67 13 0
FL 67 15 0
FL 67 18 4
FL 67 19 110
FL 67 20 15
FL 67 35 20
FL 67 36 14
FL 67 38 34
FL 67 49 9
FL 67 51 9
FL 67 52 0
FL 67 57 1
FL 67 58 4
FL 67 60 5
FL 67 70 0
FL 67 75 0
FL 67 77 1
FL 67 81 76
FL 67 82 2
FL 67 87 20
FL 67 91 0
FL 67 96 13
FL 67 98 3
FL 67 101 22
FL 67 108 22
FL 67 111 29
FL 67 115 7
FL 67 119 10
FL 67 121 25
FL 67 129 38
FL 67 139 0
FL 67 142 11
FL 67 146 13
FL 67 152 17
FL 67 156 0
FL 67 157 7
FL 67 158 0
FL 67 159 2
FL 67 161 4
FL 67 170 19
FL 67 174 21
FL 70 1 0
FL 70 2 6
FL 70 5 6
FL 70 6 28
FL 70 11 12
FL 70 13 0
FL 70 15 0
FL 70 17 8
FL 70 20 17
FL 70 35 52
FL 70 36 20
FL 70 38 21
FL 70 41 24
FL 70 51 9
FL 70 56 26
FL 70 57 1
FL 70 58 3
FL 70 59 0
FL 70 60 3
FL 70 67 0
FL 70 76 44
FL 70 77 1
FL 70 87 19
FL 70 91 0
FL 70 92 36
FL 70 96 11
FL 70 98 3
FL 70 101 342
FL 70 108 60
FL 70 111 28
FL 70 115 7
FL 70 119 9
FL 70 121 17
FL 70 122 0
FL 70 124 4
FL 70 129 30
FL 70 133 14
FL 70 139 0
FL 70 142 11
FL 70 146 13
FL 70 150 52
FL 70 151 73
FL 70 152 16
FL 70 156 0
FL 70 157 875
FL 70 161 4
FL 70 170 26
FL 71 6 13
FL 71 11 12
FL 71 25 29
FL 71 26 52
FL 71 32 81
FL 71 51 9
FL 71 54 291
FL 71 72 154
FL 71 89 99
FL 71 94 31
FL 71 113 34
FL 71 115 1099
FL 71 155 52
FL 71 170 12
FL 72 51 14
FL 73 6 51
FL 73 11 12
FL 73 24 4
FL 73 63 35
FL 73 139 0
FL 73 155 31
FL 74 5 10
FL 74 16 229
FL 74 23 1
FL 74 82 3
FL 75 1 1
FL 75 18 9
FL 75 24 12
FL 75 26 28
FL 75 35 38
FL 75 38 24
FL 75 48 0
FL 75 49 9
FL 75 51 9
FL 75 52 0
FL 75 60 3
FL 75 67 0
FL 75 77 1
FL 75 80 10
FL 75 88 13
FL 75 101 10
FL 75 109 29
FL 75 115 15
FL 75 120 0
FL 75 123 9
FL 75 130 54
FL 75 146 14
FL 75 147 0
FL 75 148 51
FL 75 157 7
FL 75 158 0
FL 75 159 3
FL 75 161 4
FL 75 165 0
FL 75 169 10
FL 75 170 15
FL 77 1 0
FL 77 6 21
FL 77 11 28
FL 77 13 0
FL 77 35 20
FL 77 38 39
FL 77 49 14
FL 77 51 16
FL 77 57 3
FL 77 58 10
FL 77 70 2
FL 77 75 1350
FL 77 87 29
FL 77 91 0
FL 77 108 33
FL 77 111 49
FL 77 115 21
FL 77 119 13
FL 77 156 0
FL 77 158 2
FL 79 6 7
FL 79 11 7
FL 79 24 2
FL 79 31 0
FL 79 34 11
FL 79 63 42
FL 79 65 3
FL 79 73 69
FL 79 128 16
FL 79 163 0
FL 79 168 5
FL 79 172 4
FL 80 6 18
FL 80 9 7
FL 80 11 13
FL 80 15 0
FL 80 20 14
FL 80 24 2
FL 80 25 60
FL 80 26 19
FL 80 35 39
FL 80 38 52
FL 80 43 0
FL 80 44 0
FL 80 50 33
FL 80 51 3
FL 80 52 0
FL 80 54 81
FL 80 57 1
FL 80 60 0
FL 80 64 0
FL 80 71 14
FL 80 72 93
FL 80 75 0
FL 80 81 78
FL 80 82 2
FL 80 89 62
FL 80 94 270
FL 80 98 3
FL 80 99 85
FL 80 105 29
FL 80 109 13
FL 80 111 165
FL 80 113 64
FL 80 115 7
FL 80 119 3
FL 80 129 27
FL 80 130 11
FL 80 139 0
FL 80 142 190
FL 80 143 38
FL 80 146 9
FL 80 148 52
FL 80 149 0
FL 80 152 11
FL 80 155 89
FL 80 157 5
FL 80 158 0
FL 80 159 1
FL 80 161 3
FL 80 170 18
FL 80 174 13
FL 81 5 24
FL 81 12 25
FL 81 13 0
FL 81 17 15
FL 81 19 210
FL 81 21 43
FL 81 28 87
FL 81 41 60
FL 81 60 6
FL 81 67 1
FL 81 76 41
FL 81 80 13
FL 81 95 206
FL 81 96 1562
FL 81 102 301
FL 81 123 6
FL 81 129 45
FL 81 137 162
FL 81 150 108
FL 81 173 17
FL 82 1 2
FL 82 5 9
FL 82 13 0
FL 82 16 6
FL 82 17 8
FL 82 18 13
FL 82 19 218
FL 82 20 36
FL 82 23 0
FL 82 36 25
FL 82 40 25
FL 82 41 36
FL 82 56 47
FL 82 59 26
FL 82 67 3
FL 82 69 53
FL 82 74 223
FL 82 76 42
FL 82 80 13
FL 82 84 34
FL 82 87 20
FL 82 91 0
FL 82 93 20
FL 82 95 3
FL 82 102 483
FL 82 106 26
FL 82 110 67
FL 82 111 40
FL 82 118 5
FL 82 121 41
FL 82 122 0
FL 82 124 25
FL 82 127 1
FL 82 129 57
FL 82 133 39
FL 82 136 2
FL 82 140 74
FL 82 150 25
FL 82 154 3
FL 82 173 33
FL 82 174 34
FL 83 3 3
FL 83 4 13
FL 83 17 3
FL 83 34 9
FL 83 53 6
FL 83 65 3
FL 83 66 3
FL 83 76 82
FL 83 86 0
FL 83 90 13
FL 83 100 7
FL 83 114 1374
FL 83 125 3
FL 83 128 35
FL 83 166 71
FL 83 174 15
FL 84 15 0
FL 84 16 1
FL 84 17 4
FL 84 20 138
FL 84 23 0
FL 84 37 70
FL 84 39 30
FL 84 40 12
FL 84 46 569
FL 84 55 93
FL 84 56 27
FL 84 59 5
FL 84 69 71
FL 84 76 57
FL 84 82 2
FL 84 87 8
FL 84 90 46
FL 84 91 0
FL 84 92 35
FL 84 93 64
FL 84 100 16
FL 84 106 28
FL 84 110 32
FL 84 114 11
FL 84 116 21
FL 84 118 3
FL 84 122 0
FL 84 124 6
FL 84 129 22
FL 84 133 37
FL 84 136 0
FL 84 140 60
FL 84 141 49
FL 84 142 5
FL 84 151 25
FL 84 160 6
FL 84 174 20
FL 86 3 0
FL 86 65 2
FL 86 83 13
FL 86 125 3
FL 86 128 59
FL 86 166 82
FL 87 5 6
FL 87 7 13
FL 87 11 14
FL 87 13 0
FL 87 22 70
FL 87 35 29
FL 87 38 10
FL 87 56 15
FL 87 57 37
FL 87 60 0
FL 87 67 0
FL 87 77 1
FL 87 82 1
FL 87 91 0
FL 87 92 28
FL 87 93 44
FL 87 95 0
FL 87 98 1
FL 87 108 40
FL 87 115 4
FL 87 116 465
FL 87 117 212
FL 87 121 23
FL 87 127 0
FL 87 132 30
FL 87 133 15
FL 87 136 0
FL 87 139 0
FL 87 142 2
FL 87 146 266
FL 87 150 62
FL 87 151 109
FL 87 156 0
FL 87 170 6
FL 87 173 30
FL 88 12 163
FL 88 18 1
FL 88 26 48
FL 88 32 122
FL 88 48 0
FL 88 50 22
FL 88 52 0
FL 88 72 113
FL 88 75 0
FL 88 81 78
FL 88 96 5
FL 88 99 90
FL 88 107 0
FL 88 109 11
FL 88 120 0
FL 88 123 1
FL 88 145 0
FL 88 147 0
FL 88 148 78
FL 88 149 0
FL 88 157 4
FL 88 165 0
FL 88 169 1
FL 89 6 25
FL 89 9 10
FL 89 15 0
FL 89 25 12
FL 89 35 76
FL 89 44 0
FL 89 53 25
FL 89 54 14
FL 89 57 67
FL 89 63 67
FL 89 64 0
FL 89 71 581
FL 89 72 78
FL 89 80 17
FL 89 94 26
FL 89 97 23
FL 89 111 41
FL 89 112 11
FL 89 119 16
FL 89 130 71
FL 89 139 2
FL 89 142 19
FL 89 155 101
FL 90 3 24
FL 90 4 38
FL 90 16 9
FL 90 34 50
FL 90 39 42
FL 90 40 8
FL 90 53 80
FL 90 54 601
FL 90 65 6
FL 90 66 28
FL 90 114 14
FL 90 160 12
FL 90 167 71
FL 91 1 0
FL 91 2 15
FL 91 4 2
FL 91 5 3
FL 91 6 301
FL 91 7 18
FL 91 11 24
FL 91 13 0
FL 91 15 0
FL 91 17 3
FL 91 20 11
FL 91 21 37
FL 91 23 0
FL 91 35 73
FL 91 36 62
FL 91 38 38
FL 91 39 36
FL 91 40 6
FL 91 41 21
FL 91 42 0
FL 91 46 11
FL 91 49 1336
FL 91 51 1
FL 91 52 0
FL 91 55 219
FL 91 56 14
FL 91 57 1
FL 91 58 3
FL 91 59 0
FL 91 60 0
FL 91 67 0
FL 91 69 38
FL 91 70 0
FL 91 76 56
FL 91 77 1
FL 91 82 0
FL 91 84 6
FL 91 87 4
FL 91 96 0
FL 91 98 0
FL 91 100 11
FL 91 101 18
FL 91 108 58
FL 91 111 24
FL 91 112 0
FL 91 115 3
FL 91 118 0
FL 91 119 1
FL 91 121 72
FL 91 122 0
FL 91 124 0
FL 91 127 0
FL 91 129 26
FL 91 133 30
FL 91 139 0
FL 91 140 57
FL 91 141 31
FL 91 142 1
FL 91 146 2
FL 91 150 55
FL 91 152 7
FL 91 156 0
FL 91 157 7
FL 91 158 0
FL 91 159 0
FL 91 161 4
FL 91 170 16
FL 92 3 403
FL 92 4 8
FL 92 16 0
FL 92 23 2
FL 92 37 72
FL 92 39 63
FL 92 40 8
FL 92 41 38
FL 92 56 4507
FL 92 58 10
FL 92 59 68
FL 92 66 4
FL 92 69 7
FL 92 70 0
FL 92 76 64
FL 92 84 9
FL 92 87 11
FL 92 90 35
FL 92 93 9
FL 92 100 14
FL 92 103 185
FL 92 106 22
FL 92 110 53
FL 92 114 9
FL 92 116 21
FL 92 118 4
FL 92 122 0
FL 92 124 1
FL 92 127 16
FL 92 128 585
FL 92 129 3549
FL 92 133 31
FL 92 136 1
FL 92 140 83
FL 92 141 47
FL 92 150 41
FL 92 151 33
FL 92 160 42
FL 92 167 15
FL 92 174 9131
FL 93 4 31
FL 93 16 9
FL 93 17 16
FL 93 22 203
FL 93 59 17
FL 93 82 4
FL 93 114 15
FL 93 122 0
FL 94 6 81
FL 94 11 5
FL 94 29 0
FL 94 34 34
FL 94 53 24
FL 94 54 11
FL 94 57 83
FL 94 64 0
FL 94 65 4
FL 94 71 392
FL 94 72 63
FL 94 80 457
FL 94 89 37
FL 94 97 23
FL 94 105 25
FL 94 111 41
FL 94 112 4
FL 94 119 183
FL 94 130 34
FL 94 142 15
FL 94 155 48
FL 94 168 8
FL 94 172 1371
FL 95 4 13
FL 95 7 33
FL 95 12 34
FL 95 13 0
FL 95 16 0
FL 95 17 4
FL 95 21 40
FL 95 56 19
FL 95 76 81
FL 95 81 81
FL 95 82 2
FL 95 87 4
FL 95 93 36
FL 95 118 1
FL 95 127 0
FL 95 133 3
FL 95 141 65
FL 95 142 2
FL 95 144 76
FL 95 151 27
FL 95 154 0
FL 95 162 74
FL 96 1 1
FL 96 2 30
FL 96 5 6
FL 96 11 6
FL 96 12 100
FL 96 13 0
FL 96 15 0
FL 96 18 0
FL 96 20 11
FL 96 35 32
FL 96 36 53
FL 96 38 18
FL 96 48 0
FL 96 51 5
FL 96 52 0
FL 96 56 23
FL 96 57 1
FL 96 58 3
FL 96 60 2
FL 96 67 0
FL 96 70 1
FL 96 77 1
FL 96 81 55
FL 96 87 13
FL 96 88 1695
FL 96 91 0
FL 96 98 2
FL 96 108 56
FL 96 109 11
FL 96 119 3
FL 96 121 7
FL 96 124 835
FL 96 129 26
FL 96 139 0
FL 96 142 7
FL 96 146 10
FL 96 152 12
FL 96 154 0
FL 96 156 0
FL 96 157 6
FL 96 161 4
FL 96 170 26
FL 96 174 17
FL 97 4 27
FL 97 7 44
FL 97 15 0
FL 97 16 7
FL 97 24 4
FL 97 25 21
FL 97 26 47
FL 97 31 0
FL 97 34 26
FL 97 37 41
FL 97 39 94
FL 97 53 6
FL 97 54 9
FL 97 63 55
FL 97 66 14
FL 97 87 22
FL 97 89 9
FL 97 94 15
FL 97 100 14
FL 97 105 23
FL 97 111 16
FL 97 112 3
FL 97 116 21
FL 97 124 15
FL 97 126 30
FL 97 130 31
FL 97 134 0
FL 97 135 36
FL 97 136 4
FL 97 140 41
FL 97 163 0
FL 97 168 6
FL 98 1 0
FL 98 2 20
FL 98 5 14
FL 98 6 5
FL 98 9 9
FL 98 11 5
FL 98 13 0
FL 98 20 17
FL 98 24 2
FL 98 26 22
FL 98 35 14
FL 98 36 55
FL 98 38 87
FL 98 51 11
FL 98 54 8
FL 98 56 387
FL 98 57 16
FL 98 58 9
FL 98 60 5
FL 98 67 0
FL 98 70 0
FL 98 77 1
FL 98 80 11
FL 98 81 85
FL 98 87 5
FL 98 91 0
FL 98 96 11
FL 98 101 75
FL 98 108 8
FL 98 109 21
FL 98 111 2796
FL 98 115 10
FL 98 119 10
FL 98 121 8
FL 98 129 65
FL 98 139 0
FL 98 142 1489
FL 98 146 13
FL 98 152 20
FL 98 156 0
FL 98 157 16
FL 98 159 4
FL 98 161 5
FL 98 170 34
FL 98 174 142
FL 99 9 10
FL 99 25 11
FL 99 51 16
FL 99 54 26
FL 99 58 10
FL 99 115 15
FL 99 145 0
FL 100 7 78
FL 100 34 13
FL 100 37 21
FL 100 44 0
FL 100 65 568
FL 100 129 25
FL 100 135 1138
FL 101 1 0
FL 101 18 8
FL 101 36 72
FL 101 57 4
FL 101 58 16
FL 101 70 177
FL 101 91 0
FL 101 137 271
FL 101 142 20
FL 101 154 0
FL 101 156 0
FL 102 82 3
FL 103 17 9
FL 103 92 50
FL 103 116 56
FL 103 118 486
FL 103 153 217
FL 105 6 16
FL 105 9 18
FL 105 29 0
FL 105 34 71
FL 105 80 21
FL 105 94 33
FL 105 97 55
FL 105 112 10
FL 105 142 23
FL 105 168 12
FL 105 172 8
FL 106 1 44
FL 106 17 17
FL 106 37 34
FL 106 129 43
FL 106 160 260
FL 106 167 99
FL 106 174 39
FL 107 18 2
FL 107 32 180
FL 107 48 0
FL 107 50 43
FL 107 88 10
FL 107 99 69
FL 107 120 0
FL 107 145 0
FL 107 148 51
FL 107 149 0
FL 108 11 11
FL 109 6 53
FL 109 9 2638
FL 109 26 15
FL 109 58 1128
FL 109 96 21
FL 109 115 1641
FL 109 119 1528
FL 109 152 29
FL 109 169 9
FL 109 170 402
FL 110 112 15
FL 111 1 77
FL 111 2 113
FL 111 5 10
FL 111 6 44
FL 111 11 12
FL 111 13 0
FL 111 15 1
FL 111 17 16
FL 111 20 362
FL 111 23 1
FL 111 24 177
FL 111 25 16
FL 111 26 845
FL 111 35 55
FL 111 38 38
FL 111 39 28
FL 111 40 17
FL 111 44 0
FL 111 51 15
FL 111 53 24
FL 111 54 648
FL 111 56 50
FL 111 58 7
FL 111 64 0
FL 111 67 3
FL 111 70 77
FL 111 72 57
FL 111 77 484
FL 111 80 416
FL 111 82 236
FL 111 89 66
FL 111 94 31
FL 111 98 136
FL 111 112 9
FL 111 113 388
FL 111 120 0
FL 111 124 669
FL 111 133 606
FL 111 143 62
FL 111 148 65
FL 111 150 27
FL 111 152 36
FL 111 155 56
FL 111 161 7
FL 111 169 421
FL 111 174 32
FL 112 15 0
FL 112 17 5
FL 112 23 0
FL 112 24 3
FL 112 25 75
FL 112 26 8
FL 112 34 19
FL 112 43 0
FL 112 44 0
FL 112 53 5
FL 112 54 5
FL 112 58 3
FL 112 63 84
FL 112 64 0
FL 112 65 3
FL 112 72 40
FL 112 89 5
FL 112 91 0
FL 112 94 8
FL 112 97 11
FL 112 105 78
FL 112 110 68
FL 112 111 28
FL 112 113 50
FL 112 114 12
FL 112 124 3
FL 112 130 39
FL 112 134 0
FL 112 135 34
FL 112 142 6
FL 112 143 90
FL 112 155 37
FL 113 15 4
FL 113 25 45
FL 113 51 295
FL 113 53 58
FL 113 71 70
FL 113 80 28
FL 113 111 57
FL 113 112 11
FL 113 139 4
FL 113 142 31
FL 113 148 54
FL 114 3 1
FL 114 4 11
FL 114 15 0
FL 114 16 0
FL 114 24 1
FL 114 31 0
FL 114 37 62
FL 114 39 26
FL 114 40 8
FL 114 53 6
FL 114 54 1
FL 114 59 0
FL 114 65 1
FL 114 66 3
FL 114 69 43
FL 114 73 84
FL 114 83 5
FL 114 84 7
FL 114 90 10
FL 114 92 29
FL 114 93 57
FL 114 100 34
FL 114 112 1
FL 114 116 18
FL 114 118 2
FL 114 124 2
FL 114 126 30
FL 114 128 60
FL 114 133 14
FL 114 134 0
FL 114 135 34
FL 114 136 0
FL 114 140 36
FL 114 141 23
FL 114 151 68
FL 114 160 4
FL 114 163 0
FL 114 167 10
FL 115 5 26
FL 115 6 51
FL 115 11 18
FL 115 13 0
FL 115 36 20
FL 115 52 4
FL 115 58 13
FL 115 60 9
FL 115 70 4
FL 115 71 330
FL 115 77 11
FL 115 87 33
FL 115 98 9
FL 115 99 41
FL 115 109 45
FL 115 121 24
FL 115 130 74
FL 115 143 55
FL 115 152 47
FL 115 156 0
FL 115 161 11
FL 115 169 1886
FL 115 174 45
FL 116 3 107
FL 116 4 19
FL 116 16 0
FL 116 37 38
FL 116 39 31
FL 116 40 18
FL 116 41 23
FL 116 47 650
FL 116 58 5
FL 116 59 7
FL 116 66 20
FL 116 69 25
FL 116 84 19
FL 116 87 514
FL 116 90 36
FL 116 92 46
FL 116 93 17
FL 116 97 1096
FL 116 100 3
FL 116 103 205
FL 116 106 33
FL 116 110 44
FL 116 114 12
FL 116 118 2
FL 116 122 0
FL 116 124 10
FL 116 127 0
FL 116 128 273
FL 116 129 633
FL 116 133 28
FL 116 136 0
FL 116 140 56
FL 116 141 49
FL 116 150 81
FL 116 151 75
FL 116 160 97
FL 116 167 10
FL 116 174 40
FL 117 1 56
FL 117 18 238
FL 118 4 32
FL 118 7 44
FL 118 15 5
FL 118 16 6
FL 118 17 7
FL 118 23 0
FL 118 37 70
FL 118 39 10
FL 118 40 10
FL 118 53 18
FL 118 56 40
FL 118 59 28
FL 118 63 42
FL 118 66 23
FL 118 82 4
FL 118 84 30
FL 118 87 9
FL 118 90 86
FL 118 91 0
FL 118 92 36
FL 118 93 79
FL 118 95 1
FL 118 103 35
FL 118 106 44
FL 118 111 49
FL 118 114 16
FL 118 116 33
FL 118 122 0
FL 118 124 25
FL 118 126 36
FL 118 127 0
FL 118 129 48
FL 118 133 39
FL 118 136 0
FL 118 140 42
FL 118 141 69
FL 118 142 25
FL 118 144 204
FL 118 150 54
FL 118 151 86
FL 118 160 80
FL 118 174 41
FL 119 1 0
FL 119 4 52
FL 119 5 6
FL 119 13 0
FL 119 15 0
FL 119 16 0
FL 119 18 0
FL 119 25 8
FL 119 26 8
FL 119 51 4
FL 119 54 208
FL 119 56 20
FL 119 58 24
FL 119 60 0
FL 119 67 0
FL 119 70 0
FL 119 71 10
FL 119 77 1
FL 119 80 0
FL 119 89 5
FL 119 91 0
FL 119 94 1290
FL 119 96 10
FL 119 98 2
FL 119 101 45
FL 119 108 54
FL 119 109 11
FL 119 111 29
FL 119 115 7
FL 119 130 92
FL 119 139 0
FL 119 142 6
FL 119 146 10
FL 119 149 0
FL 119 152 12
FL 120 9 9
FL 120 18 4
FL 120 25 12
FL 120 26 24
FL 120 32 70
FL 120 50 74
FL 120 75 3
FL 120 88 25
FL 120 107 0
FL 120 109 11
FL 120 111 29
FL 120 123 9
FL 120 139 0
FL 120 145 0
FL 120 148 58
FL 120 157 3
FL 120 165 0
FL 121 15 5
FL 121 56 83
FL 121 58 21
FL 121 82 8
FL 121 91 0
FL 121 108 34
FL 121 115 50
FL 121 137 22
FL 121 139 6
FL 121 142 172
FL 121 154 0
FL 121 157 372
FL 122 16 1
FL 122 17 5
FL 122 23 0
FL 122 37 40
FL 122 40 9
FL 122 44 0
FL 122 51 6
FL 122 53 5
FL 122 56 24
FL 122 58 3
FL 122 59 0
FL 122 63 61
FL 122 66 8
FL 122 69 56
FL 122 70 0
FL 122 76 106
FL 122 82 2
FL 122 84 16
FL 122 87 15
FL 122 90 8
FL 122 91 0
FL 122 92 33
FL 122 93 17
FL 122 106 14
FL 122 110 66
FL 122 111 28
FL 122 116 24
FL 122 118 4
FL 122 124 4
FL 122 126 21
FL 122 129 26
FL 122 133 14
FL 122 136 1
FL 122 140 53
FL 122 141 28
FL 122 150 47
FL 122 151 104
FL 122 160 6
FL 122 174 22
FL 123 12 122
FL 123 18 2
FL 123 20 21
FL 123 48 0
FL 123 49 9
FL 123 52 0
FL 123 60 1
FL 123 75 0
FL 123 81 62
FL 123 88 11
FL 123 101 9
FL 123 109 11
FL 123 120 0
FL 123 145 0
FL 123 147 0
FL 123 157 7
FL 123 158 0
FL 123 159 3
FL 123 165 0
FL 123 169 3
FL 124 3 2
FL 124 4 15
FL 124 5 53
FL 124 15 324
FL 124 16 0
FL 124 17 3
FL 124 20 407
FL 124 23 0
FL 124 36 23
FL 124 37 45
FL 124 39 11
FL 124 40 11
FL 124 41 19
FL 124 53 5
FL 124 56 21
FL 124 58 3
FL 124 59 0
FL 124 66 6
FL 124 69 92
FL 124 70 0
FL 124 76 39
FL 124 82 2
FL 124 84 12
FL 124 87 14
FL 124 91 0
FL 124 92 30
FL 124 93 27
FL 124 96 1767
FL 124 97 11
FL 124 100 12
FL 124 106 34
FL 124 110 71
FL 124 111 252
FL 124 112 1
FL 124 114 10
FL 124 116 19
FL 124 118 4
FL 124 122 0
FL 124 129 21
FL 124 133 12
FL 124 136 0
FL 124 140 80
FL 124 141 90
FL 124 142 228
FL 124 150 100
FL 124 151 46
FL 124 156 493
FL 124 160 5
FL 124 174 11
FL 125 3 9
FL 125 17 1091
FL 125 47 2
FL 125 83 19
FL 125 86 0
FL 125 128 58
FL 125 166 28
FL 126 24 382
FL 126 34 223
FL 126 37 82
FL 126 39 80
FL 126 59 488
FL 126 65 452
FL 126 66 27
FL 126 114 28
FL 126 118 12
FL 126 122 0
FL 126 128 25
FL 126 129 64
FL 126 135 125
FL 126 136 181
FL 127 4 3540
FL 127 7 24
FL 127 21 27
FL 127 22 98
FL 127 23 5
FL 127 30 170
FL 127 33 122
FL 127 36 23
FL 127 37 15
FL 127 40 1406
FL 127 41 101
FL 127 42 0
FL 127 53 1360
FL 127 66 11
FL 127 82 240
FL 127 87 424
FL 127 91 0
FL 127 92 60
FL 127 93 30
FL 127 95 0
FL 127 103 303
FL 127 110 127
FL 127 116 6
FL 127 118 203
FL 127 133 183
FL 127 136 207
FL 127 141 47
FL 127 144 184
FL 127 150 92
FL 127 153 331
FL 127 160 641
FL 127 167 1187
FL 128 4 3
FL 128 31 0
FL 128 65 1
FL 128 66 2
FL 128 79 0
FL 128 83 6
FL 128 86 0
FL 128 92 25
FL 128 114 6
FL 128 116 14
FL 128 125 2
FL 128 126 19
FL 128 138 349
FL 128 160 102
FL 128 166 31
FL 129 13 0
FL 129 15 2
FL 129 16 9
FL 129 17 17
FL 129 35 23
FL 129 38 35
FL 129 39 55
FL 129 40 21
FL 129 56 55
FL 129 57 5
FL 129 59 27
FL 129 66 18
FL 129 70 3
FL 129 81 106
FL 129 82 10
FL 129 84 53
FL 129 91 0
FL 129 92 549
FL 129 93 86
FL 129 96 37
FL 129 98 567
FL 129 100 39
FL 129 106 38
FL 129 110 43
FL 129 116 1931
FL 129 118 5
FL 129 121 12
FL 129 122 0
FL 129 126 1303
FL 129 139 289
FL 129 142 30
FL 129 156 1
FL 129 174 29
FL 132 1 85
FL 132 16 15
FL 132 18 646
FL 132 21 112
FL 132 142 61
FL 133 15 275
FL 133 17 35
FL 133 20 675
FL 133 41 78
FL 133 82 14
FL 133 87 50
FL 133 91 0
FL 133 111 123
FL 133 118 16
FL 133 136 9
FL 134 9 7
FL 134 11 12
FL 134 24 0
FL 134 31 0
FL 134 34 8
FL 134 43 0
FL 134 53 6
FL 134 54 0
FL 134 63 51
FL 134 65 1
FL 134 73 70
FL 134 94 3
FL 134 97 8
FL 134 105 54
FL 134 112 0
FL 134 114 8
FL 134 135 26
FL 134 163 0
FL 134 168 4
FL 134 172 3
FL 135 4 962
FL 135 5 10
FL 135 11 14
FL 135 66 1243
FL 135 100 342
FL 135 126 94
FL 135 139 16
FL 136 4 20
FL 136 7 33
FL 136 13 0
FL 136 16 2
FL 136 22 94
FL 136 23 0
FL 136 36 52
FL 136 37 25
FL 136 39 50
FL 136 40 12
FL 136 41 9
FL 136 56 25
FL 136 59 2
FL 136 66 11
FL 136 69 26
FL 136 82 1
FL 136 84 9
FL 136 87 8
FL 136 90 15
FL 136 92 34
FL 136 93 19
FL 136 97 10
FL 136 100 14
FL 136 103 73
FL 136 106 46
FL 136 110 48
FL 136 114 12
FL 136 116 21
FL 136 118 0
FL 136 122 0
FL 136 124 3
FL 136 126 11
FL 136 127 0
FL 136 129 24
FL 136 133 4
FL 136 140 44
FL 136 141 79
FL 136 144 203
FL 136 151 71
FL 136 160 3
FL 136 167 7
FL 136 174 20
FL 137 1 32
FL 137 12 59
FL 137 17 3
FL 137 18 61
FL 137 19 132
FL 137 21 15
FL 137 28 34
FL 137 41 31
FL 137 57 92
FL 137 76 156
FL 137 81 90
FL 137 101 251
FL 137 106 42
FL 137 121 8
FL 137 142 126
FL 137 154 0
FL 138 3 0
FL 138 4 5
FL 138 42 0
FL 138 47 2
FL 138 66 21
FL 138 128 127
FL 139 1 0
FL 139 2 33
FL 139 5 21
FL 139 6 20
FL 139 11 7
FL 139 13 0
FL 139 15 1
FL 139 20 20
FL 139 24 14
FL 139 25 14
FL 139 26 48
FL 139 35 26
FL 139 36 112
FL 139 38 46
FL 139 43 0
FL 139 44 0
FL 139 49 11
FL 139 50 76
FL 139 51 16
FL 139 52 0
FL 139 53 15
FL 139 54 20
FL 139 57 4
FL 139 58 18
FL 139 60 6
FL 139 64 0
FL 139 67 0
FL 139 70 0
FL 139 72 67
FL 139 73 37
FL 139 77 1
FL 139 80 22
FL 139 87 13
FL 139 89 30
FL 139 91 0
FL 139 96 20
FL 139 98 7
FL 139 101 24
FL 139 108 55
FL 139 111 29
FL 139 113 59
FL 139 115 18
FL 139 119 20
FL 139 120 0
FL 139 121 19
FL 139 129 82
FL 139 130 42
FL 139 135 49
FL 139 142 24
FL 139 143 95
FL 139 146 18
FL 139 152 38
FL 139 155 27
FL 139 156 0
FL 139 157 11
FL 139 158 0
FL 139 159 13
FL 139 161 4
FL 139 169 11
FL 139 170 11
FL 139 174 37
FL 141 84 17
FL 141 124 52
FL 142 1 5
FL 142 2 369
FL 142 13 0
FL 142 18 924
FL 142 21 30
FL 142 25 66
FL 142 36 27
FL 142 40 104
FL 142 53 349
FL 142 54 57
FL 142 57 6
FL 142 72 74
FL 142 80 1243
FL 142 87 49
FL 142 89 136
FL 142 94 65
FL 142 95 5
FL 142 98 570
FL 142 101 90
FL 142 105 64
FL 142 110 26
FL 142 112 614
FL 142 113 83
FL 142 117 99
FL 142 118 13
FL 142 119 25
FL 142 121 413
FL 142 124 1929
FL 142 129 149
FL 142 132 148
FL 142 137 24
FL 142 143 54
FL 142 154 0
FL 142 155 64
FL 142 159 1356
FL 142 173 46
FL 142 174 53
FL 144 22 56
FL 144 154 0
FL 145 12 131
FL 145 18 0
FL 145 26 12
FL 145 32 74
FL 145 48 0
FL 145 50 56
FL 145 52 0
FL 145 81 83
FL 145 88 7
FL 145 99 55
FL 145 107 0
FL 145 109 13
FL 145 120 0
FL 145 123 1
FL 145 147 0
FL 145 148 59
FL 145 149 0
FL 145 165 0
FL 145 169 2
FL 146 1 0
FL 146 2 29
FL 146 4 10
FL 146 5 3
FL 146 11 25
FL 146 13 0
FL 146 18 0
FL 146 20 12
FL 146 25 36
FL 146 35 56
FL 146 36 70
FL 146 38 40
FL 146 39 47
FL 146 43 0
FL 146 48 0
FL 146 49 8
FL 146 51 2
FL 146 52 0
FL 146 56 15
FL 146 57 1
FL 146 58 3
FL 146 60 0
FL 146 67 0
FL 146 70 0
FL 146 75 0
FL 146 77 1
FL 146 80 0
FL 146 87 7
FL 146 91 0
FL 146 96 2
FL 146 98 2
FL 146 101 38
FL 146 108 20
FL 146 111 26
FL 146 115 5
FL 146 119 1
FL 146 121 21
FL 146 129 23
FL 146 130 57
FL 146 139 0
FL 146 142 2
FL 146 143 112
FL 146 152 9
FL 146 156 0
FL 146 157 7
FL 146 158 0
FL 146 159 0
FL 146 161 4
FL 146 170 18
FL 147 18 0
FL 147 26 22
FL 147 32 138
FL 147 50 31
FL 147 71 14
FL 147 75 0
FL 147 88 7
FL 147 109 9
FL 147 123 0
FL 147 145 0
FL 147 148 52
FL 147 149 0
FL 147 157 7
FL 147 165 0
FL 148 26 48
FL 148 64 0
FL 148 111 126
FL 148 113 95
FL 148 170 42
FL 149 6 112
FL 149 9 7
FL 149 18 0
FL 149 25 74
FL 149 26 22
FL 149 32 235
FL 149 44 0
FL 149 50 129
FL 149 51 2
FL 149 52 0
FL 149 57 1
FL 149 64 0
FL 149 71 19
FL 149 72 48
FL 149 80 0
FL 149 88 7
FL 149 99 104
FL 149 107 0
FL 149 109 10
FL 149 115 5
FL 149 119 1
FL 149 145 0
FL 149 147 0
FL 149 148 28
FL 149 152 10
FL 149 157 5
FL 149 158 0
FL 149 159 0
FL 149 161 5
FL 149 169 1
FL 149 170 6
FL 150 111 29
FL 152 4 351
FL 152 5 16
FL 152 11 39
FL 152 25 43
FL 152 50 29
FL 152 51 19
FL 152 56 902
FL 152 67 11
FL 152 109 7856
FL 152 111 93
FL 152 115 23
FL 152 130 68
FL 152 143 119
FL 152 146 16
FL 152 149 0
FL 152 158 4
FL 152 161 16
FL 152 174 148
FL 153 103 166
FL 154 5 23
FL 154 18 62
FL 154 60 2646
FL 155 51 20
FL 155 71 66
FL 155 73 57
FL 155 80 54
FL 155 112 37
FL 155 142 202
FL 156 1 0
FL 156 2 13
FL 156 5 7
FL 156 13 0
FL 156 15 0
FL 156 16 1
FL 156 17 8
FL 156 18 2
FL 156 20 13
FL 156 49 9
FL 156 56 24
FL 156 58 11
FL 156 60 1
FL 156 67 0
FL 156 70 0
FL 156 77 1
FL 156 87 15
FL 156 91 0
FL 156 96 10
FL 156 98 2
FL 156 101 11
FL 156 108 56
FL 156 115 7
FL 156 124 445
FL 156 129 27
FL 156 139 0
FL 156 142 7
FL 156 146 11
FL 156 152 12
FL 156 154 0
FL 156 157 5
FL 156 174 19
FL 157 51 35
FL 157 57 1038
FL 157 58 30
FL 157 70 305
FL 157 121 132
FL 157 156 13
FL 158 1 0
FL 158 2 17
FL 158 5 7
FL 158 13 0
FL 158 18 0
FL 158 25 32
FL 158 26 78
FL 158 48 0
FL 158 49 8
FL 158 50 63
FL 158 51 2
FL 158 58 3
FL 158 60 0
FL 158 67 0
FL 158 75 0
FL 158 77 1
FL 158 80 0
FL 158 91 0
FL 158 101 7
FL 158 108 92
FL 158 109 10
FL 158 115 7
FL 158 123 0
FL 158 139 0
FL 158 146 7
FL 158 149 0
FL 158 152 10
FL 158 157 5
FL 158 165 0
FL 159 1 0
FL 159 2 41
FL 159 13 0
FL 159 18 3
FL 159 25 22
FL 159 26 19
FL 159 48 0
FL 159 49 9
FL 159 50 14
FL 159 51 10
FL 159 58 7
FL 159 60 1
FL 159 67 0
FL 159 75 10
FL 159 77 1
FL 159 80 5
FL 159 91 0
FL 159 98 4
FL 159 101 8
FL 159 108 27
FL 159 109 18
FL 159 115 11
FL 159 123 1
FL 159 130 86
FL 159 139 0
FL 159 142 4
FL 159 146 12
FL 159 149 0
FL 159 152 21
FL 159 157 10
FL 159 165 0
FL 160 3 280
FL 160 4 11
FL 160 16 0
FL 160 37 25
FL 160 39 29
FL 160 40 16
FL 160 41 22
FL 160 58 3
FL 160 59 0
FL 160 66 5
FL 160 69 128
FL 160 84 6
FL 160 90 21
FL 160 92 44
FL 160 93 22
FL 160 100 5
FL 160 103 110
FL 160 106 20
FL 160 114 10
FL 160 116 24
FL 160 118 51
FL 160 122 0
FL 160 124 2
FL 160 127 0
FL 160 128 62
FL 160 133 4
FL 160 136 0
FL 160 140 79
FL 160 141 62
FL 160 151 36
FL 160 153 238
FL 160 167 18
FL 161 1 5
FL 161 5 54
FL 161 13 0
FL 161 24 1156
FL 161 26 103
FL 161 49 17
FL 161 50 25
FL 161 56 308
FL 161 58 85
FL 161 60 27
FL 161 70 19
FL 161 91 0
FL 161 98 25
FL 161 111 189
FL 161 115 55
FL 161 130 16
FL 161 146 28
FL 162 41 12
FL 162 95 689
FL 163 9 8
FL 163 11 16
FL 163 24 3
FL 163 29 0
FL 163 31 0
FL 163 34 14
FL 163 43 0
FL 163 53 12
FL 163 54 7
FL 163 63 57
FL 163 73 130
FL 163 79 0
FL 163 97 16
FL 163 105 74
FL 163 114 13
FL 163 134 0
FL 163 135 46
FL 163 155 65
FL 163 168 5
FL 163 172 4
FL 164 12 80
FL 164 19 211
FL 164 33 70
FL 164 46 31
FL 164 162 52
FL 165 12 42
FL 165 18 0
FL 165 20 13
FL 165 48 0
FL 165 49 8
FL 165 52 0
FL 165 60 1
FL 165 75 0
FL 165 81 81
FL 165 88 7
FL 165 101 17
FL 165 109 10
FL 165 120 0
FL 165 123 2
FL 165 145 0
FL 165 147 0
FL 165 157 6
FL 165 158 0
FL 165 159 2
FL 165 169 5
FL 166 17 1401
FL 166 47 4
FL 166 83 27
FL 166 125 603
FL 167 37 44
FL 167 39 56
FL 167 40 84
FL 167 59 84
FL 167 66 40
FL 167 69 83
FL 167 90 214
FL 167 92 354
FL 167 103 278
FL 167 106 363
FL 167 116 429
FL 167 127 3
FL 167 136 11
FL 167 160 757
FL 168 9 5
FL 168 11 9
FL 168 24 1
FL 168 29 0
FL 168 31 0
FL 168 34 10
FL 168 43 0
FL 168 53 7
FL 168 54 4
FL 168 63 70
FL 168 65 3
FL 168 73 100
FL 168 79 0
FL 168 89 31
FL 168 94 9
FL 168 97 9
FL 168 105 69
FL 168 134 0
FL 168 135 31
FL 168 163 0
FL 168 172 4
FL 169 9 7
FL 169 18 4
FL 169 25 5
FL 169 26 23
FL 169 50 51
FL 169 51 942
FL 169 75 0
FL 169 88 14
FL 169 109 11
FL 169 111 119
FL 169 115 18
FL 169 123 3
FL 169 139 0
FL 169 145 0
FL 169 148 64
FL 169 149 0
FL 169 165 0
FL 170 4 68
FL 170 15 32
FL 170 25 136
FL 170 50 95
FL 170 51 36
FL 170 58 60
FL 170 70 44
FL 170 71 473
FL 170 87 80
FL 170 91 0
FL 170 98 40
FL 170 109 84
FL 170 148 59
FL 172 24 1
FL 172 31 0
FL 172 34 11
FL 172 63 32
FL 172 65 2
FL 172 73 116
FL 172 79 0
FL 172 94 4
FL 172 105 85
FL 172 134 0
FL 172 135 32
FL 172 163 0
FL 172 168 4
FL 173 1 1268
FL 173 16 70
FL 173 18 82
FL 173 82 90
FL 174 2 28
FL 174 11 35
FL 174 13 0
FL 174 15 2
FL 174 16 153
FL 174 20 26
FL 174 23 1
FL 174 24 14
FL 174 35 39
FL 174 36 27
FL 174 38 70
FL 174 40 22
FL 174 53 52
FL 174 56 38
FL 174 59 19
FL 174 67 0
FL 174 69 29
FL 174 80 18
FL 174 82 5
FL 174 83 19
FL 174 84 33
FL 174 87 31
FL 174 92 89
FL 174 93 51
FL 174 96 17
FL 174 98 1001
FL 174 106 16
FL 174 110 28
FL 174 111 21
FL 174 115 25
FL 174 116 61
FL 174 118 14
FL 174 121 50
FL 174 122 0
FL 174 124 26
FL 174 129 57
FL 174 130 10
FL 174 133 25
FL 174 136 6
FL 174 139 0
FL 174 140 37
FL 174 142 25
FL 174 151 40
FL 174 152 8235
FL 174 156 0
FL 174 161 4
FL 174 170 54
FU 0 147 1153
FU 0 15 23
FU 0 116 31
FU 0 134 1153
FU 0 98 13
FU 0 52 2
FU 0 136 19
FU 0 1 31
FU 0 57 7
FU 0 84 23
FU 0 18 38
FU 0 48 1153
FU 0 24 12
FU 0 168 1
FU 0 149 1153
FU 0 56 24
FU 0 159 4
FU 0 82 30
FU 0 137 10
FU 0 158 8
FU 0 43 1153
FU 0 3 7
FU 0 65 11
FU 0 86 1153
FU 0 160 26
FU 0 146 18
FU 0 118 10
FU 0 114 9
FU 0 46 19
FU 0 95 21
FU 0 163 1153
FU 0 172 3
FU 0 165 1153
FU 0 124 25
FU 0 92 26
FU 0 13 1
FU 0 145 1153
FU 0 49 6
FU 0 79 1153
FU 0 80 19
FU 0 51 21
FU 0 83 7
FU 0 119 14
FU 0 96 14
FU 0 16 40
FU 0 164 1153
FU 0 112 15
FU 0 122 1153
FU 0 23 2
FU 0 4 43
FU 0 44 1153
FU 0 88 3
FU 0 156 11
FU 0 47 1
FU 0 107 1153
FU 0 64 1153
FU 0 138 1
FU 0 91 1
FU 0 54 30
FU 0 123 2
FU 0 169 5
FU 0 60 8
FU 0 70 37
FU 0 29 1153
FU 0 120 1153
FU 0 67 13
FU 0 75 3
FU 0 174 22
FU 0 127 1
FU 0 31 1153
FU 0 59 29
FU 0 139 35
FU 0 97 15
FU 0 125 7
FU 0 2 189
FU 0 5 326
FU 0 6 115
FU 0 7 169
FU 0 8 1153
FU 0 9 3
FU 0 10 1153
FU 0 11 222
FU 0 12 43
FU 0 14 1153
FU 0 17 71
FU 0 19 85
FU 0 20 187
FU 0 21 64
FU 0 22 83
FU 0 25 327
FU 0 26 98
FU 0 27 404
FU 0 28 124
FU 0 30 177
FU 0 32 183
FU 0 33 66
FU 0 34 124
FU 0 35 40
FU 0 36 86
FU 0 37 145
FU 0 38 120
FU 0 39 112
FU 0 40 305
FU 0 41 80
FU 0 45 1153
FU 0 50 67
FU 0 53 84
FU 0 55 91
FU 0 58 222
FU 0 61 1153
FU 0 62 1153
FU 0 63 88
FU 0 66 3
FU 0 68 1153
FU 0 69 65
FU 0 71 193
FU 0 72 88
FU 0 73 119
FU 0 74 215
FU 0 76 66
FU 0 77 15
FU 0 78 1153
FU 0 81 76
FU 0 85 1153
FU 0 87 60
FU 0 89 362
FU 0 90 303
FU 0 93 217
FU 0 94 24
FU 0 99 129
FU 0 100 93
FU 0 101 176
FU 0 102 378
FU 0 103 212
FU 0 104 1153
FU 0 105 230
FU 0 106 248
FU 0 108 21
FU 0 109 25
FU 0 110 55
FU 0 111 71
FU 0 113 288
FU 0 115 95
FU 0 117 145
FU 0 121 283
FU 0 126 371
FU 0 128 29
FU 0 129 129
FU 0 130 25
FU 0 131 1153
FU 0 132 293
FU 0 133 291
FU 0 135 164
FU 0 140 70
FU 0 141 160
FU 0 142 116
FU 0 143 65
FU 0 144 135
FU 0 148 227
FU 0 150 46
FU 0 151 24
FU 0 152 40
FU 0 153 216
FU 0 154 7
FU 0 155 286
FU 0 157 288
FU 0 161 229
FU 0 162 259
FU 0 166 300
FU 0 167 480
FU 0 170 396
FU 0 171 1153
FU 0 173 432
FU 0 175 1153
FU 1 2 30
FU 1 5 2
FU 1 11 10
FU 1 13 0
FU 1 15 0
FU 1 16 0
FU 1 18 0
FU 1 20 0
FU 1 35 110
FU 1 36 16
FU 1 38 64
FU 1 49 0
FU 1 51 0
FU 1 52 0
FU 1 56 0
FU 1 57 0
FU 1 58 1
FU 1 60 0
FU 1 67 0
FU 1 69 21
FU 1 70 0
FU 1 75 0
FU 1 77 0
FU 1 82 0
FU 1 87 2
FU 1 91 0
FU 1 96 0
FU 1 98 0
FU 1 101 10
FU 1 106 49
FU 1 108 97
FU 1 111 0
FU 1 115 0
FU 1 117 226
FU 1 119 0
FU 1 121 6
FU 1 129 0
FU 1 130 68
FU 1 132 179
FU 1 137 132
FU 1 139 0
FU 1 142 0
FU 1 143 39
FU 1 146 0
FU 1 152 2
FU 1 154 0
FU 1 156 0
FU 1 157 4
FU 1 158 0
FU 1 159 0
FU 1 161 0
FU 1 170 44
FU 1 173 47
FU 2 12 104
FU 2 48 0
FU 2 56 31
FU 2 111 18
FU 2 142 66
FU 3 4 0
FU 3 17 0
FU 3 31 0
FU 3 40 9
FU 3 59 0
FU 3 63 61
FU 3 65 0
FU 3 66 0
FU 3 83 0
FU 3 86 0
FU 3 90 53
FU 3 92 0
FU 3 100 6
FU 3 114 0
FU 3 116 0
FU 3 124 0
FU 3 125 0
FU 3 126 49
FU 3 128 20
FU 3 138 0
FU 3 160 0
FU 3 166 53
FU 4 3 0
FU 4 16 13
FU 4 17 5
FU 4 34 594
FU 4 36 32
FU 4 37 50
FU 4 39 30
FU 4 40 10
FU 4 41 112
FU 4 43 0
FU 4 44 0
FU 4 53 4
FU 4 59 0
FU 4 63 74
FU 4 66 0
FU 4 67 0
FU 4 69 51
FU 4 76 73
FU 4 83 0
FU 4 90 9
FU 4 91 0
FU 4 92 1
FU 4 93 94
FU 4 95 0
FU 4 97 0
FU 4 100 26
FU 4 106 49
FU 4 110 52
FU 4 111 0
FU 4 114 0
FU 4 115 0
FU 4 116 0
FU 4 118 0
FU 4 119 174
FU 4 124 0
FU 4 126 37
FU 4 127 16
FU 4 128 38
FU 4 129 1
FU 4 130 22
FU 4 135 56
FU 4 136 0
FU 4 138 0
FU 4 140 68
FU 4 141 72
FU 4 143 107
FU 4 146 0
FU 4 150 27
FU 4 151 27
FU 4 152 4
FU 4 160 0
FU 4 161 1
FU 4 170 34
FU 5 11 14
FU 5 12 61
FU 5 13 0
FU 5 35 34
FU 5 36 53
FU 5 38 22
FU 5 52 0
FU 5 56 2
FU 5 57 0
FU 5 58 2
FU 5 60 0
FU 5 67 0
FU 5 70 0
FU 5 74 454
FU 5 81 59
FU 5 82 0
FU 5 87 17
FU 5 91 0
FU 5 96 0
FU 5 111 2
FU 5 115 2
FU 5 121 20
FU 5 124 235
FU 5 135 25
FU 5 139 0
FU 5 152 0
FU 5 154 0
FU 5 156 0
FU 5 158 0
FU 5 161 5
FU 6 9 0
FU 6 15 0
FU 6 53 13
FU 6 70 146
FU 6 91 0
FU 6 94 0
FU 6 105 39
FU 6 109 0
FU 6 149 0
FU 7 21 78
FU 7 22 99
FU 7 23 101
FU 7 28 65
FU 7 37 160
FU 7 41 425
FU 7 42 0
FU 7 53 234
FU 7 87 177
FU 7 91 0
FU 7 100 479
FU 7 110 114
FU 7 118 533
FU 7 127 227
FU 7 136 481
FU 7 141 76
FU 7 150 72
FU 7 153 231
FU 9 6 29
FU 9 11 9
FU 9 25 24
FU 9 29 0
FU 9 38 17
FU 9 54 0
FU 9 64 0
FU 9 89 28
FU 9 94 1
FU 9 99 136
FU 9 105 40
FU 9 109 0
FU 9 168 1152
FU 11 5 37
FU 11 9 0
FU 11 13 0
FU 11 15 0
FU 11 24 0
FU 11 25 26
FU 11 26 9
FU 11 51 178
FU 11 53 23
FU 11 56 40
FU 11 58 1
FU 11 60 0
FU 11 70 115
FU 11 71 13
FU 11 73 55
FU 11 77 0
FU 11 87 53
FU 11 91 0
FU 11 94 0
FU 11 98 0
FU 11 108 19
FU 11 111 2
FU 11 115 0
FU 11 130 22
FU 11 135 46
FU 11 152 0
FU 12 164 0
FU 13 1 319
FU 13 2 39
FU 13 5 347
FU 13 11 256
FU 13 15 604
FU 13 16 493
FU 13 20 111
FU 13 27 151
FU 13 30 303
FU 13 33 35
FU 13 35 41
FU 13 36 17
FU 13 38 18
FU 13 42 0
FU 13 49 0
FU 13 51 2
FU 13 52 1151
FU 13 55 94
FU 13 56 45
FU 13 57 561
FU 13 58 70
FU 13 60 3
FU 13 67 1140
FU 13 69 35
FU 13 70 498
FU 13 77 873
FU 13 81 78
FU 13 82 535
FU 13 87 54
FU 13 91 0
FU 13 93 49
FU 13 95 497
FU 13 96 3
FU 13 98 255
FU 13 101 22
FU 13 106 46
FU 13 108 43
FU 13 111 79
FU 13 115 25
FU 13 119 6
FU 13 121 67
FU 13 129 29
FU 13 130 50
FU 13 136 338
FU 13 139 749
FU 13 142 190
FU 13 144 234
FU 13 146 0
FU 13 151 37
FU 13 152 4
FU 13 154 1143
FU 13 156 584
FU 13 157 28
FU 13 158 956
FU 13 159 2
FU 13 161 528
FU 13 170 63
FU 13 173 48
FU 13 174 114
FU 15 1 0
FU 15 2 28
FU 15 6 17
FU 15 11 18
FU 15 13 0
FU 15 17 0
FU 15 20 6
FU 15 25 20
FU 15 35 31
FU 15 36 75
FU 15 38 30
FU 15 51 0
FU 15 53 5
FU 15 54 0
FU 15 56 0
FU 15 57 0
FU 15 58 0
FU 15 65 0
FU 15 67 0
FU 15 70 0
FU 15 80 0
FU 15 84 0
FU 15 87 0
FU 15 89 7
FU 15 90 41
FU 15 91 0
FU 15 96 0
FU 15 97 0
FU 15 105 47
FU 15 108 41
FU 15 110 19
FU 15 111 0
FU 15 112 0
FU 15 113 27
FU 15 114 0
FU 15 115 4
FU 15 118 0
FU 15 119 0
FU 15 121 13
FU 15 124 0
FU 15 129 0
FU 15 130 27
FU 15 133 69
FU 15 135 28
FU 15 139 0
FU 15 142 0
FU 15 148 26
FU 15 156 0
FU 15 161 0
FU 15 170 10
FU 15 174 0
FU 16 1 121
FU 16 4 57
FU 16 13 0
FU 16 17 14
FU 16 18 147
FU 16 23 0
FU 16 36 67
FU 16 37 30
FU 16 39 38
FU 16 40 16
FU 16 41 42
FU 16 49 0
FU 16 56 0
FU 16 57 0
FU 16 59 0
FU 16 66 0
FU 16 69 20
FU 16 74 127
FU 16 82 0
FU 16 84 0
FU 16 87 18
FU 16 90 21
FU 16 92 0
FU 16 93 24
FU 16 95 0
FU 16 97 0
FU 16 100 11
FU 16 106 38
FU 16 110 62
FU 16 114 0
FU 16 116 0
FU 16 117 148
FU 16 118 0
FU 16 119 0
FU 16 121 17
FU 16 122 0
FU 16 124 0
FU 16 129 31
FU 16 132 114
FU 16 133 20
FU 16 136 0
FU 16 140 62
FU 16 141 70
FU 16 142 0
FU 16 150 56
FU 16 151 72
FU 16 154 0
FU 16 156 0
FU 16 160 0
FU 16 173 69
FU 16 174 0
FU 17 3 441
FU 17 59 819
FU 17 93 27
FU 17 103 36
FU 17 125 166
FU 17 166 66
FU 18 1 0
FU 18 5 20
FU 18 12 120
FU 18 16 0
FU 18 19 96
FU 18 26 28
FU 18 32 66
FU 18 33 44
FU 18 35 75
FU 18 38 13
FU 18 43 0
FU 18 48 0
FU 18 49 0
FU 18 50 49
FU 18 51 0
FU 18 52 0
FU 18 57 0
FU 18 67 0
FU 18 69 67
FU 18 71 22
FU 18 75 0
FU 18 77 0
FU 18 81 19
FU 18 82 0
FU 18 88 1
FU 18 96 0
FU 18 99 170
FU 18 101 5
FU 18 106 12
FU 18 107 0
FU 18 108 49
FU 18 109 0
FU 18 115 1
FU 18 117 99
FU 18 119 0
FU 18 120 0
FU 18 121 41
FU 18 123 0
FU 18 132 63
FU 18 137 6
FU 18 142 0
FU 18 143 30
FU 18 145 0
FU 18 146 0
FU 18 147 0
FU 18 148 47
FU 18 149 0
FU 18 152 0
FU 18 154 0
FU 18 156 0
FU 18 157 11
FU 18 158 0
FU 18 159 0
FU 18 161 3
FU 18 165 0
FU 18 169 0
FU 18 170 54
FU 18 173 38
FU 20 57 0
FU 20 82 0
FU 20 84 496
FU 20 96 14
FU 20 111 9
FU 20 124 51
FU 20 130 8
FU 20 133 104
FU 20 139 0
FU 21 7 39
FU 21 23 21
FU 21 28 70
FU 21 33 57
FU 21 41 49
FU 21 42 0
FU 21 46 432
FU 21 81 229
FU 21 91 0
FU 21 117 250
FU 21 127 95
FU 21 132 309
FU 21 137 297
FU 21 142 118
FU 21 150 87
FU 21 154 3
FU 21 173 320
FU 22 28 90
FU 22 37 25
FU 22 66 26
FU 22 93 12
FU 22 144 65
FU 23 7 24
FU 23 16 0
FU 23 17 0
FU 23 21 40
FU 23 36 45
FU 23 39 22
FU 23 40 16
FU 23 41 21
FU 23 42 0
FU 23 46 65
FU 23 55 271
FU 23 56 0
FU 23 59 0
FU 23 69 18
FU 23 74 152
FU 23 76 156
FU 23 82 0
FU 23 84 0
FU 23 87 1
FU 23 91 0
FU 23 92 965
FU 23 93 31
FU 23 103 60
FU 23 106 26
FU 23 110 38
FU 23 111 0
FU 23 112 0
FU 23 118 0
FU 23 121 17
FU 23 122 0
FU 23 124 72
FU 23 127 26
FU 23 129 0
FU 23 133 7
FU 23 136 0
FU 23 140 20
FU 23 150 83
FU 23 151 50
FU 23 154 0
FU 23 174 0
FU 24 6 40
FU 24 11 7
FU 24 31 0
FU 24 34 20
FU 24 35 10
FU 24 38 43
FU 24 43 0
FU 24 53 20
FU 24 63 48
FU 24 65 0
FU 24 73 85
FU 24 75 0
FU 24 79 0
FU 24 80 0
FU 24 89 50
FU 24 97 0
FU 24 98 0
FU 24 111 0
FU 24 112 0
FU 24 114 0
FU 24 126 57
FU 24 134 0
FU 24 135 5
FU 24 139 0
FU 24 161 29
FU 24 163 0
FU 24 168 0
FU 24 172 0
FU 24 174 0
FU 25 6 66
FU 25 11 2
FU 25 15 0
FU 25 17 4
FU 25 35 43
FU 25 38 8
FU 25 44 0
FU 25 50 61
FU 25 53 1
FU 25 64 0
FU 25 71 21
FU 25 72 62
FU 25 89 16
FU 25 97 0
FU 25 99 85
FU 25 111 4
FU 25 112 0
FU 25 113 27
FU 25 130 68
FU 25 142 0
FU 25 143 64
FU 25 146 0
FU 25 152 0
FU 25 155 48
FU 26 11 14
FU 26 71 21
FU 26 111 4
FU 26 112 217
FU 26 139 135
FU 26 148 39
FU 26 158 189
FU 26 161 3
FU 27 22 59
FU 27 47 1
FU 28 22 39
FU 28 33 103
FU 28 81 25
FU 28 137 279
FU 29 6 8
FU 29 9 0
FU 29 11 23
FU 29 54 0
FU 29 64 0
FU 29 65 0
FU 29 73 82
FU 29 89 54
FU 29 94 0
FU 29 105 88
FU 29 113 69
FU 29 155 105
FU 29 163 0
FU 29 168 0
FU 31 3 0
FU 31 17 9
FU 31 24 0
FU 31 34 9
FU 31 43 0
FU 31 63 42
FU 31 66 1
FU 31 73 45
FU 31 79 0
FU 31 97 0
FU 31 114 0
FU 31 128 39
FU 31 134 0
FU 31 135 19
FU 31 163 0
FU 31 168 0
FU 31 172 0
FU 32 71 27
FU 32 149 0
FU 33 13 0
FU 33 21 49
FU 33 22 95
FU 33 28 311
FU 33 37 21
FU 33 42 0
FU 33 46 439
FU 33 127 72
FU 34 4 65
FU 34 53 55
FU 34 65 0
FU 34 66 537
FU 34 90 33
FU 34 94 0
FU 34 97 203
FU 34 100 107
FU 34 105 59
FU 34 126 42
FU 34 172 0
FU 35 25 14
FU 36 5 27
FU 36 17 1
FU 36 82 0
FU 36 101 7
FU 36 124 0
FU 36 142 0
FU 36 154 0
FU 37 16 0
FU 37 22 125
FU 37 66 0
FU 37 92 0
FU 37 106 41
FU 37 114 0
FU 37 116 0
FU 37 126 48
FU 37 160 0
FU 37 167 27
FU 38 25 8
FU 38 111 1
FU 39 47 11
FU 39 93 65
FU 39 167 20
FU 40 3 2
FU 40 17 7
FU 40 37 45
FU 40 39 34
FU 40 56 46
FU 40 58 5
FU 40 59 0
FU 40 66 1
FU 40 69 42
FU 40 82 0
FU 40 90 15
FU 40 91 0
FU 40 92 14
FU 40 111 1
FU 40 116 53
FU 40 122 0
FU 40 127 20
FU 40 129 34
FU 40 142 119
FU 40 160 105
FU 40 167 59
FU 41 4 47
FU 41 82 231
FU 41 162 475
FU 42 7 594
FU 42 13 1152
FU 42 21 588
FU 42 23 1002
FU 42 27 272
FU 42 28 337
FU 42 30 179
FU 42 33 558
FU 42 47 935
FU 42 55 161
FU 42 66 167
FU 42 91 1152
FU 42 127 683
FU 42 128 93
FU 42 138 432
FU 42 0 1153
FU 43 4 0
FU 43 9 0
FU 43 18 0
FU 43 24 0
FU 43 26 21
FU 43 31 0
FU 43 34 9
FU 43 39 96
FU 43 53 5
FU 43 54 0
FU 43 63 55
FU 43 65 0
FU 43 69 35
FU 43 80 0
FU 43 89 19
FU 43 105 28
FU 43 111 0
FU 43 112 0
FU 43 115 0
FU 43 134 0
FU 43 135 29
FU 43 139 0
FU 43 146 0
FU 43 152 0
FU 43 163 0
FU 43 168 0
FU 44 4 0
FU 44 9 0
FU 44 25 3
FU 44 26 40
FU 44 39 8
FU 44 50 46
FU 44 51 0
FU 44 53 0
FU 44 54 0
FU 44 63 38
FU 44 71 14
FU 44 73 81
FU 44 80 0
FU 44 89 21
FU 44 94 0
FU 44 100 35
FU 44 105 48
FU 44 111 0
FU 44 112 0
FU 44 122 0
FU 44 130 37
FU 44 139 0
FU 44 140 69
FU 44 142 0
FU 44 148 68
FU 44 149 0
FU 46 19 97
FU 46 21 37
FU 46 23 0
FU 46 28 38
FU 46 30 323
FU 46 33 110
FU 46 55 113
FU 46 84 622
FU 46 91 0
FU 46 111 0
FU 46 142 0
FU 46 162 106
FU 46 164 0
FU 47 7 78
FU 47 22 103
FU 47 27 326
FU 47 39 24
FU 47 42 0
FU 47 66 10
FU 47 116 562
FU 47 125 610
FU 47 138 0
FU 47 141 79
FU 47 166 532
FU 48 2 34
FU 48 12 41
FU 48 18 0
FU 48 49 0
FU 48 52 0
FU 48 60 0
FU 48 75 0
FU 48 77 0
FU 48 88 0
FU 48 96 0
FU 48 101 44
FU 48 107 0
FU 48 109 0
FU 48 123 0
FU 48 145 0
FU 48 146 0
FU 48 157 24
FU 48 158 0
FU 48 159 0
FU 48 165 0
FU 49 1 0
FU 49 2 24
FU 49 5 12
FU 49 11 7
FU 49 13 0
FU 49 16 0
FU 49 18 0
FU 49 35 39
FU 49 36 57
FU 49 38 53
FU 49 48 0
FU 49 51 0
FU 49 52 0
FU 49 58 7
FU 49 60 0
FU 49 67 0
FU 49 69 38
FU 49 75 0
FU 49 77 0
FU 49 91 0
FU 49 101 45
FU 49 108 83
FU 49 121 5
FU 49 123 0
FU 49 139 0
FU 49 142 0
FU 49 146 0
FU 49 152 0
FU 49 154 0
FU 49 156 0
FU 49 157 4
FU 49 158 0
FU 49 159 0
FU 49 161 5
FU 49 162 43
FU 49 165 0
FU 49 170 35
FU 51 1 0
FU 51 6 33
FU 51 11 19
FU 51 13 0
FU 51 15 0
FU 51 18 0
FU 51 20 8
FU 51 25 31
FU 51 26 19
FU 51 35 31
FU 51 38 58
FU 51 44 0
FU 51 49 0
FU 51 50 26
FU 51 52 0
FU 51 57 0
FU 51 58 0
FU 51 60 0
FU 51 64 0
FU 51 67 0
FU 51 70 0
FU 51 71 6
FU 51 72 61
FU 51 75 0
FU 51 77 0
FU 51 80 0
FU 51 91 0
FU 51 96 0
FU 51 98 0
FU 51 99 94
FU 51 101 45
FU 51 108 45
FU 51 109 0
FU 51 111 0
FU 51 113 93
FU 51 115 0
FU 51 119 0
FU 51 122 0
FU 51 129 1
FU 51 130 7
FU 51 139 0
FU 51 142 0
FU 51 143 93
FU 51 146 0
FU 51 149 0
FU 51 152 0
FU 51 155 56
FU 51 157 1
FU 51 158 0
FU 51 159 0
FU 51 161 7
FU 51 169 0
FU 51 170 31
FU 52 1 0
FU 52 2 38
FU 52 5 10
FU 52 13 0
FU 52 18 0
FU 52 26 21
FU 52 48 0
FU 52 49 0
FU 52 50 95
FU 52 51 0
FU 52 58 1
FU 52 60 0
FU 52 67 0
FU 52 75 0
FU 52 77 0
FU 52 80 0
FU 52 88 0
FU 52 91 0
FU 52 96 0
FU 52 101 36
FU 52 108 14
FU 52 109 0
FU 52 115 3
FU 52 123 0
FU 52 139 0
FU 52 145 0
FU 52 146 0
FU 52 148 90
FU 52 149 0
FU 52 157 25
FU 52 165 0
FU 53 6 13
FU 53 7 25
FU 53 11 5
FU 53 15 0
FU 53 17 0
FU 53 25 23
FU 53 34 1
FU 53 44 0
FU 53 54 0
FU 53 64 0
FU 53 65 394
FU 53 72 68
FU 53 83 0
FU 53 89 5
FU 53 90 172
FU 53 94 0
FU 53 111 0
FU 53 112 0
FU 53 113 21
FU 53 114 0
FU 53 124 0
FU 53 127 0
FU 53 130 47
FU 53 139 0
FU 53 140 51
FU 53 142 93
FU 53 155 64
FU 54 2 40
FU 54 6 66
FU 54 9 0
FU 54 11 3
FU 54 15 0
FU 54 25 55
FU 54 26 29
FU 54 29 0
FU 54 35 86
FU 54 38 16
FU 54 43 0
FU 54 44 0
FU 54 53 1
FU 54 57 45
FU 54 63 86
FU 54 64 0
FU 54 71 107
FU 54 72 71
FU 54 80 216
FU 54 89 27
FU 54 90 70
FU 54 94 24
FU 54 97 0
FU 54 98 0
FU 54 99 46
FU 54 105 36
FU 54 111 23
FU 54 112 0
FU 54 113 84
FU 54 114 0
FU 54 119 263
FU 54 130 10
FU 54 134 0
FU 54 139 0
FU 54 142 0
FU 54 143 123
FU 54 155 47
FU 54 163 0
FU 54 168 0
FU 55 84 0
FU 55 162 97
FU 56 1 0
FU 56 2 193
FU 56 5 14
FU 56 11 177
FU 56 13 0
FU 56 15 0
FU 56 16 29
FU 56 17 1
FU 56 20 35
FU 56 23 0
FU 56 36 44
FU 56 40 5
FU 56 41 27
FU 56 55 131
FU 56 57 100
FU 56 58 0
FU 56 59 0
FU 56 63 92
FU 56 66 150
FU 56 69 38
FU 56 70 0
FU 56 76 62
FU 56 82 0
FU 56 84 1
FU 56 87 10
FU 56 91 0
FU 56 92 8
FU 56 93 62
FU 56 95 0
FU 56 96 161
FU 56 98 289
FU 56 100 31
FU 56 106 32
FU 56 110 47
FU 56 111 4
FU 56 115 5
FU 56 118 0
FU 56 119 51
FU 56 121 12
FU 56 122 0
FU 56 124 0
FU 56 129 47
FU 56 133 26
FU 56 136 0
FU 56 140 50
FU 56 142 0
FU 56 144 54
FU 56 146 895
FU 56 150 19
FU 56 151 80
FU 56 152 261
FU 56 156 87
FU 56 161 195
FU 56 174 0
FU 57 1 0
FU 57 5 31
FU 57 13 0
FU 57 15 0
FU 57 16 208
FU 57 18 138
FU 57 20 9
FU 57 25 9
FU 57 26 24
FU 57 51 0
FU 57 54 343
FU 57 56 12
FU 57 58 3
FU 57 60 0
FU 57 67 0
FU 57 69 26
FU 57 70 0
FU 57 71 23
FU 57 77 0
FU 57 80 0
FU 57 87 9
FU 57 89 181
FU 57 91 0
FU 57 94 552
FU 57 96 0
FU 57 98 0
FU 57 101 68
FU 57 108 28
FU 57 111 0
FU 57 115 0
FU 57 129 0
FU 57 130 25
FU 57 137 156
FU 57 139 0
FU 57 142 0
FU 57 146 0
FU 57 149 0
FU 57 152 9
FU 57 157 115
FU 58 1 0
FU 58 5 19
FU 58 11 10
FU 58 13 0
FU 58 15 0
FU 58 17 7
FU 58 38 52
FU 58 40 7
FU 58 49 0
FU 58 51 0
FU 58 52 0
FU 58 56 6
FU 58 57 0
FU 58 60 0
FU 58 70 0
FU 58 77 0
FU 58 91 0
FU 58 92 4
FU 58 98 0
FU 58 99 67
FU 58 101 10
FU 58 108 71
FU 58 109 0
FU 58 111 2
FU 58 112 558
FU 58 115 3
FU 58 116 1
FU 58 119 0
FU 58 121 36
FU 58 122 0
FU 58 139 0
FU 58 156 0
FU 58 157 14
FU 58 158 0
FU 58 159 0
FU 58 160 2
FU 58 161 4
FU 58 170 12
FU 59 3 0
FU 59 4 0
FU 59 16 0
FU 59 17 2
FU 59 23 0
FU 59 37 33
FU 59 39 23
FU 59 40 19
FU 59 56 9
FU 59 58 2
FU 59 66 0
FU 59 69 26
FU 59 70 0
FU 59 76 36
FU 59 82 0
FU 59 84 2
FU 59 87 12
FU 59 90 47
FU 59 91 0
FU 59 92 0
FU 59 93 26
FU 59 106 42
FU 59 110 40
FU 59 114 0
FU 59 116 0
FU 59 118 0
FU 59 122 0
FU 59 124 0
FU 59 126 26
FU 59 128 36
FU 59 129 0
FU 59 133 30
FU 59 136 0
FU 59 140 15
FU 59 141 53
FU 59 150 17
FU 59 151 69
FU 59 160 0
FU 59 167 31
FU 59 174 0
FU 60 1 0
FU 60 2 19
FU 60 5 7
FU 60 11 8
FU 60 13 0
FU 60 20 28
FU 60 35 29
FU 60 36 18
FU 60 38 90
FU 60 48 0
FU 60 49 0
FU 60 51 0
FU 60 52 0
FU 60 57 0
FU 60 58 46
FU 60 67 0
FU 60 70 0
FU 60 75 0
FU 60 77 0
FU 60 80 0
FU 60 81 32
FU 60 87 15
FU 60 91 0
FU 60 96 0
FU 60 98 0
FU 60 101 17
FU 60 108 26
FU 60 115 2
FU 60 119 0
FU 60 121 8
FU 60 123 1151
FU 60 129 61
FU 60 139 0
FU 60 142 0
FU 60 146 0
FU 60 152 6
FU 60 154 0
FU 60 156 0
FU 60 157 31
FU 60 158 0
FU 60 159 0
FU 60 161 6
FU 60 165 0
FU 60 170 15
FU 63 73 47
FU 64 9 0
FU 64 25 29
FU 64 26 7
FU 64 29 0
FU 64 50 64
FU 64 51 0
FU 64 53 32
FU 64 54 0
FU 64 71 38
FU 64 80 0
FU 64 89 8
FU 64 94 0
FU 64 105 49
FU 64 111 0
FU 64 112 0
FU 64 130 51
FU 64 139 0
FU 64 142 0
FU 64 148 23
FU 64 149 0
FU 65 3 0
FU 65 15 0
FU 65 24 0
FU 65 29 0
FU 65 34 2
FU 65 43 0
FU 65 53 28
FU 65 79 0
FU 65 83 0
FU 65 86 0
FU 65 90 18
FU 65 94 0
FU 65 100 52
FU 65 112 0
FU 65 114 0
FU 65 126 54
FU 65 128 24
FU 65 134 0
FU 65 135 35
FU 65 168 0
FU 65 172 0
FU 66 3 0
FU 66 16 58
FU 66 17 0
FU 66 22 44
FU 66 31 0
FU 66 34 108
FU 66 37 25
FU 66 39 111
FU 66 40 3
FU 66 47 0
FU 66 56 458
FU 66 69 16
FU 66 83 1145
FU 66 92 0
FU 66 93 10
FU 66 110 55
FU 66 114 0
FU 66 116 1
FU 66 118 0
FU 66 126 31
FU 66 127 0
FU 66 128 40
FU 66 129 0
FU 66 135 83
FU 66 138 382
FU 66 160 115
FU 66 167 32
FU 67 1 0
FU 67 2 22
FU 67 4 0
FU 67 5 14
FU 67 6 53
FU 67 11 4
FU 67 12 38
FU 67 13 0
FU 67 15 0
FU 67 18 0
FU 67 19 108
FU 67 20 20
FU 67 35 17
FU 67 36 16
FU 67 38 28
FU 67 49 0
FU 67 51 0
FU 67 52 0
FU 67 57 0
FU 67 58 1
FU 67 60 0
FU 67 70 0
FU 67 75 0
FU 67 77 0
FU 67 81 128
FU 67 82 0
FU 67 87 10
FU 67 91 0
FU 67 96 0
FU 67 98 0
FU 67 101 17
FU 67 108 22
FU 67 111 0
FU 67 115 0
FU 67 119 0
FU 67 121 24
FU 67 129 35
FU 67 139 0
FU 67 142 0
FU 67 146 0
FU 67 152 0
FU 67 156 0
FU 67 157 21
FU 67 158 0
FU 67 159 0
FU 67 161 1
FU 67 170 16
FU 67 174 0
FU 70 1 0
FU 70 2 9
FU 70 5 7
FU 70 6 21
FU 70 11 6
FU 70 13 0
FU 70 15 0
FU 70 17 6
FU 70 20 25
FU 70 35 41
FU 70 36 20
FU 70 38 25
FU 70 41 37
FU 70 51 0
FU 70 56 48
FU 70 57 0
FU 70 58 2
FU 70 59 0
FU 70 60 0
FU 70 67 0
FU 70 76 43
FU 70 77 0
FU 70 87 15
FU 70 91 0
FU 70 92 3
FU 70 96 0
FU 70 98 0
FU 70 101 201
FU 70 108 56
FU 70 111 0
FU 70 115 0
FU 70 119 0
FU 70 121 14
FU 70 122 0
FU 70 124 0
FU 70 129 59
FU 70 133 19
FU 70 139 0
FU 70 142 0
FU 70 146 0
FU 70 150 61
FU 70 151 69
FU 70 152 0
FU 70 156 0
FU 70 157 262
FU 70 161 10
FU 70 170 25
FU 71 6 16
FU 71 11 21
FU 71 25 27
FU 71 26 59
FU 71 32 83
FU 71 51 0
FU 71 54 123
FU 71 72 149
FU 71 89 41
FU 71 94 5
FU 71 113 32
FU 71 115 388
FU 71 155 47
FU 71 170 10
FU 72 51 0
FU 73 6 51
FU 73 11 10
FU 73 24 0
FU 73 63 36
FU 73 139 0
FU 73 155 36
FU 74 5 38
FU 74 16 182
FU 74 23 3
FU 74 82 0
FU 75 1 0
FU 75 18 0
FU 75 24 0
FU 75 26 19
FU 75 35 39
FU 75 38 24
FU 75 48 0
FU 75 49 0
FU 75 51 0
FU 75 52 0
FU 75 60 0
FU 75 67 0
FU 75 77 0
FU 75 80 0
FU 75 88 0
FU 75 101 5
FU 75 109 0
FU 75 115 0
FU 75 120 0
FU 75 123 0
FU 75 130 54
FU 75 146 0
FU 75 147 0
FU 75 148 36
FU 75 157 3
FU 75 158 0
FU 75 159 0
FU 75 161 13
FU 75 165 0
FU 75 169 0
FU 75 170 9
FU 77 1 0
FU 77 6 29
FU 77 11 24
FU 77 13 0
FU 77 35 28
FU 77 38 57
FU 77 49 0
FU 77 51 0
FU 77 57 0
FU 77 58 6
FU 77 70 0
FU 77 75 1150
FU 77 87 21
FU 77 91 0
FU 77 108 39
FU 77 111 34
FU 77 115 4
FU 77 119 0
FU 77 156 0
FU 77 158 0
FU 79 6 7
FU 79 11 8
FU 79 24 0
FU 79 31 0
FU 79 34 5
FU 79 63 42
FU 79 65 0
FU 79 73 64
FU 79 128 28
FU 79 163 0
FU 79 168 0
FU 79 172 0
FU 80 6 16
FU 80 9 0
FU 80 11 7
FU 80 15 0
FU 80 20 2
FU 80 24 0
FU 80 25 63
FU 80 26 21
FU 80 35 35
FU 80 38 47
FU 80 43 0
FU 80 44 0
FU 80 50 36
FU 80 51 0
FU 80 52 0
FU 80 54 112
FU 80 57 0
FU 80 60 0
FU 80 64 0
FU 80 71 6
FU 80 72 105
FU 80 75 0
FU 80 81 34
FU 80 82 0
FU 80 89 68
FU 80 94 99
FU 80 98 0
FU 80 99 89
FU 80 105 27
FU 80 109 0
FU 80 111 46
FU 80 113 56
FU 80 115 2
FU 80 119 0
FU 80 129 23
FU 80 130 9
FU 80 139 0
FU 80 142 34
FU 80 143 46
FU 80 146 0
FU 80 148 51
FU 80 149 0
FU 80 152 0
FU 80 155 97
FU 80 157 16
FU 80 158 0
FU 80 159 0
FU 80 161 7
FU 80 170 25
FU 80 174 0
FU 81 5 15
FU 81 12 39
FU 81 13 0
FU 81 17 7
FU 81 19 211
FU 81 21 56
FU 81 28 77
FU 81 41 45
FU 81 60 0
FU 81 67 0
FU 81 76 41
FU 81 80 0
FU 81 95 173
FU 81 96 250
FU 81 102 300
FU 81 123 0
FU 81 129 0
FU 81 137 122
FU 81 150 107
FU 81 173 32
FU 82 1 0
FU 82 5 11
FU 82 13 0
FU 82 16 0
FU 82 17 0
FU 82 18 0
FU 82 19 216
FU 82 20 36
FU 82 23 0
FU 82 36 29
FU 82 40 27
FU 82 41 26
FU 82 56 6
FU 82 59 0
FU 82 67 0
FU 82 69 58
FU 82 74 205
FU 82 76 40
FU 82 80 0
FU 82 84 0
FU 82 87 24
FU 82 91 0
FU 82 93 23
FU 82 95 0
FU 82 102 475
FU 82 106 34
FU 82 110 62
FU 82 111 0
FU 82 118 0
FU 82 121 56
FU 82 122 0
FU 82 124 0
FU 82 127 0
FU 82 129 122
FU 82 133 17
FU 82 136 0
FU 82 140 70
FU 82 150 22
FU 82 154 0
FU 82 173 23
FU 82 174 0
FU 83 3 0
FU 83 4 0
FU 83 17 0
FU 83 34 1
FU 83 53 1
FU 83 65 0
FU 83 66 0
FU 83 76 82
FU 83 86 0
FU 83 90 21
FU 83 100 16
FU 83 114 1144
FU 83 125 0
FU 83 128 26
FU 83 166 60
FU 83 174 0
FU 84 15 0
FU 84 16 0
FU 84 17 10
FU 84 20 41
FU 84 23 0
FU 84 37 54
FU 84 39 31
FU 84 40 17
FU 84 46 192
FU 84 55 78
FU 84 56 0
FU 84 59 0
FU 84 69 66
FU 84 76 57
FU 84 82 0
FU 84 87 0
FU 84 90 35
FU 84 91 0
FU 84 92 0
FU 84 93 60
FU 84 100 16
FU 84 106 34
FU 84 110 54
FU 84 114 0
FU 84 116 0
FU 84 118 0
FU 84 122 0
FU 84 124 0
FU 84 129 0
FU 84 133 30
FU 84 136 0
FU 84 140 61
FU 84 141 48
FU 84 142 0
FU 84 151 32
FU 84 160 0
FU 84 174 0
FU 86 3 0
FU 86 65 0
FU 86 83 0
FU 86 125 0
FU 86 128 59
FU 86 166 49
FU 87 5 5
FU 87 7 15
FU 87 11 37
FU 87 13 0
FU 87 22 64
FU 87 35 21
FU 87 38 6
FU 87 56 0
FU 87 57 30
FU 87 60 0
FU 87 67 0
FU 87 77 0
FU 87 82 0
FU 87 91 0
FU 87 92 0
FU 87 93 38
FU 87 95 0
FU 87 98 0
FU 87 108 39
FU 87 115 1
FU 87 116 159
FU 87 117 203
FU 87 121 46
FU 87 127 0
FU 87 132 62
FU 87 133 12
FU 87 136 0
FU 87 139 0
FU 87 142 0
FU 87 146 238
FU 87 150 68
FU 87 151 115
FU 87 156 0
FU 87 170 20
FU 87 173 83
FU 88 12 164
FU 88 18 0
FU 88 26 41
FU 88 32 117
FU 88 48 0
FU 88 50 24
FU 88 52 0
FU 88 72 109
FU 88 75 0
FU 88 81 44
FU 88 96 0
FU 88 99 80
FU 88 107 0
FU 88 109 0
FU 88 120 0
FU 88 123 0
FU 88 145 0
FU 88 147 0
FU 88 148 85
FU 88 149 0
FU 88 157 6
FU 88 165 0
FU 88 169 0
FU 89 6 28
FU 89 9 0
FU 89 15 0
FU 89 25 14
FU 89 35 76
FU 89 44 0
FU 89 53 19
FU 89 54 0
FU 89 57 50
FU 89 63 63
FU 89 64 0
FU 89 71 185
FU 89 72 76
FU 89 80 0
FU 89 94 0
FU 89 97 1
FU 89 111 41
FU 89 112 0
FU 89 119 0
FU 89 130 67
FU 89 139 0
FU 89 142 0
FU 89 155 105
FU 90 3 0
FU 90 4 18
FU 90 16 0
FU 90 34 18
FU 90 39 40
FU 90 40 7
FU 90 53 29
FU 90 54 263
FU 90 65 0
FU 90 66 2
FU 90 114 0
FU 90 160 4
FU 90 167 46
FU 91 1 0
FU 91 2 19
FU 91 4 0
FU 91 5 2
FU 91 6 184
FU 91 7 17
FU 91 11 14
FU 91 13 0
FU 91 15 0
FU 91 17 5
FU 91 20 0
FU 91 21 40
FU 91 23 0
FU 91 35 77
FU 91 36 58
FU 91 38 36
FU 91 39 36
FU 91 40 3
FU 91 41 27
FU 91 42 0
FU 91 46 0
FU 91 49 1146
FU 91 51 0
FU 91 52 0
FU 91 55 214
FU 91 56 0
FU 91 57 0
FU 91 58 1
FU 91 59 0
FU 91 60 0
FU 91 67 0
FU 91 69 34
FU 91 70 0
FU 91 76 57
FU 91 77 0
FU 91 82 0
FU 91 84 0
FU 91 87 0
FU 91 96 0
FU 91 98 0
FU 91 100 22
FU 91 101 18
FU 91 108 56
FU 91 111 0
FU 91 112 0
FU 91 115 1
FU 91 118 0
FU 91 119 0
FU 91 121 78
FU 91 122 0
FU 91 124 0
FU 91 127 0
FU 91 129 0
FU 91 133 30
FU 91 139 0
FU 91 140 51
FU 91 141 36
FU 91 142 0
FU 91 146 0
FU 91 150 53
FU 91 152 0
FU 91 156 0
FU 91 157 7
FU 91 158 0
FU 91 159 0
FU 91 161 1
FU 91 170 9
FU 92 3 370
FU 92 4 0
FU 92 16 0
FU 92 23 24
FU 92 37 72
FU 92 39 60
FU 92 40 11
FU 92 41 40
FU 92 56 275
FU 92 58 14
FU 92 59 70
FU 92 66 0
FU 92 69 17
FU 92 70 0
FU 92 76 68
FU 92 84 0
FU 92 87 1
FU 92 90 54
FU 92 93 5
FU 92 100 18
FU 92 103 101
FU 92 106 26
FU 92 110 50
FU 92 114 0
FU 92 116 20
FU 92 118 0
FU 92 122 0
FU 92 124 0
FU 92 127 13
FU 92 128 285
FU 92 129 291
FU 92 133 27
FU 92 136 0
FU 92 140 85
FU 92 141 45
FU 92 150 39
FU 92 151 36
FU 92 160 51
FU 92 167 24
FU 92 174 892
FU 93 4 0
FU 93 16 0
FU 93 17 46
FU 93 22 193
FU 93 59 0
FU 93 82 0
FU 93 114 0
FU 93 122 0
FU 94 6 73
FU 94 11 8
FU 94 29 0
FU 94 34 37
FU 94 53 77
FU 94 54 0
FU 94 57 36
FU 94 64 0
FU 94 65 0
FU 94 71 118
FU 94 72 66
FU 94 80 299
FU 94 89 57
FU 94 97 2
FU 94 105 31
FU 94 111 110
FU 94 112 0
FU 94 119 120
FU 94 130 31
FU 94 142 0
FU 94 155 42
FU 94 168 0
FU 94 172 1150
FU 95 4 0
FU 95 7 31
FU 95 12 34
FU 95 13 0
FU 95 16 0
FU 95 17 1
FU 95 21 34
FU 95 56 0
FU 95 76 74
FU 95 81 89
FU 95 82 0
FU 95 87 26
FU 95 93 36
FU 95 118 0
FU 95 127 0
FU 95 133 51
FU 95 141 58
FU 95 142 0
FU 95 144 69
FU 95 151 32
FU 95 154 0
FU 95 162 72
FU 96 1 0
FU 96 2 35
FU 96 5 3
FU 96 11 3
FU 96 12 92
FU 96 13 0
FU 96 15 0
FU 96 18 0
FU 96 20 1
FU 96 35 54
FU 96 36 44
FU 96 38 25
FU 96 48 0
FU 96 51 0
FU 96 52 0
FU 96 56 0
FU 96 57 0
FU 96 58 7
FU 96 60 0
FU 96 67 0
FU 96 70 0
FU 96 77 0
FU 96 81 13
FU 96 87 12
FU 96 88 1147
FU 96 91 0
FU 96 98 0
FU 96 108 56
FU 96 109 0
FU 96 119 0
FU 96 121 7
FU 96 124 142
FU 96 129 1
FU 96 139 0
FU 96 142 0
FU 96 146 0
FU 96 152 0
FU 96 154 0
FU 96 156 0
FU 96 157 12
FU 96 161 0
FU 96 170 30
FU 96 174 0
FU 97 4 0
FU 97 7 34
FU 97 15 0
FU 97 16 0
FU 97 24 0
FU 97 25 15
FU 97 26 47
FU 97 31 0
FU 97 34 16
FU 97 37 36
FU 97 39 89
FU 97 53 0
FU 97 54 0
FU 97 63 54
FU 97 66 0
FU 97 87 4
FU 97 89 12
FU 97 94 1
FU 97 100 10
FU 97 105 23
FU 97 111 1
FU 97 112 0
FU 97 116 0
FU 97 124 0
FU 97 126 20
FU 97 130 27
FU 97 134 0
FU 97 135 76
FU 97 136 0
FU 97 140 38
FU 97 163 0
FU 97 168 0
FU 98 1 0
FU 98 2 25
FU 98 5 10
FU 98 6 2
FU 98 9 0
FU 98 11 7
FU 98 13 0
FU 98 20 60
FU 98 24 0
FU 98 26 19
FU 98 35 10
FU 98 36 54
FU 98 38 85
FU 98 51 0
FU 98 54 0
FU 98 56 55
FU 98 57 33
FU 98 58 0
FU 98 60 0
FU 98 67 0
FU 98 70 0
FU 98 77 0
FU 98 80 0
FU 98 81 68
FU 98 87 0
FU 98 91 0
FU 98 96 0
FU 98 101 51
FU 98 108 15
FU 98 109 0
FU 98 111 211
FU 98 115 0
FU 98 119 0
FU 98 121 13
FU 98 129 18
FU 98 139 0
FU 98 142 138
FU 98 146 0
FU 98 152 0
FU 98 156 0
FU 98 157 14
FU 98 159 0
FU 98 161 3
FU 98 170 30
FU 98 174 44
FU 99 9 0
FU 99 25 9
FU 99 51 0
FU 99 54 2
FU 99 58 3
FU 99 115 4
FU 99 145 0
FU 100 7 37
FU 100 34 14
FU 100 37 15
FU 100 44 0
FU 100 65 468
FU 100 129 45
FU 100 135 295
FU 101 1 0
FU 101 18 0
FU 101 36 75
FU 101 57 0
FU 101 58 6
FU 101 70 110
FU 101 91 0
FU 101 137 139
FU 101 142 0
FU 101 154 0
FU 101 156 0
FU 102 82 0
FU 103 17 3
FU 103 92 3
FU 103 116 24
FU 103 118 383
FU 103 153 218
FU 105 6 13
FU 105 9 0
FU 105 29 0
FU 105 34 25
FU 105 80 0
FU 105 94 0
FU 105 97 4
FU 105 112 0
FU 105 142 5
FU 105 168 0
FU 105 172 0
FU 106 1 108
FU 106 17 8
FU 106 37 24
FU 106 129 3
FU 106 160 127
FU 106 167 73
FU 106 174 8
FU 107 18 0
FU 107 32 181
FU 107 48 0
FU 107 50 43
FU 107 88 0
FU 107 99 62
FU 107 120 0
FU 107 145 0
FU 107 148 66
FU 107 149 0
FU 108 11 26
FU 109 6 49
FU 109 9 1150
FU 109 26 17
FU 109 58 562
FU 109 96 2
FU 109 115 481
FU 109 119 502
FU 109 152 1
FU 109 169 0
FU 109 170 150
FU 110 112 0
FU 111 1 79
FU 111 2 60
FU 111 5 8
FU 111 6 39
FU 111 11 8
FU 111 13 0
FU 111 15 0
FU 111 17 6
FU 111 20 128
FU 111 23 0
FU 111 24 137
FU 111 25 12
FU 111 26 267
FU 111 35 63
FU 111 38 40
FU 111 39 27
FU 111 40 29
FU 111 44 0
FU 111 51 0
FU 111 53 18
FU 111 54 169
FU 111 56 9
FU 111 58 1
FU 111 64 0
FU 111 67 0
FU 111 70 56
FU 111 72 55
FU 111 77 265
FU 111 80 167
FU 111 82 140
FU 111 89 75
FU 111 94 1
FU 111 98 82
FU 111 112 0
FU 111 113 190
FU 111 120 0
FU 111 124 147
FU 111 133 187
FU 111 143 65
FU 111 148 70
FU 111 150 32
FU 111 152 0
FU 111 155 58
FU 111 161 5
FU 111 169 277
FU 111 174 19
FU 112 15 0
FU 112 17 1
FU 112 23 0
FU 112 24 0
FU 112 25 70
FU 112 26 10
FU 112 34 110
FU 112 43 0
FU 112 44 0
FU 112 53 9
FU 112 54 0
FU 112 58 0
FU 112 63 80
FU 112 64 0
FU 112 65 0
FU 112 72 52
FU 112 89 12
FU 112 91 0
FU 112 94 0
FU 112 97 0
FU 112 105 84
FU 112 110 61
FU 112 111 0
FU 112 113 62
FU 112 114 0
FU 112 124 0
FU 112 130 38
FU 112 134 0
FU 112 135 8
FU 112 142 0
FU 112 143 83
FU 112 155 41
FU 113 15 0
FU 113 25 53
FU 113 51 144
FU 113 53 52
FU 113 71 30
FU 113 80 23
FU 113 111 96
FU 113 112 0
FU 113 139 0
FU 113 142 1
FU 113 148 41
FU 114 3 0
FU 114 4 0
FU 114 15 0
FU 114 16 0
FU 114 24 0
FU 114 31 0
FU 114 37 59
FU 114 39 22
FU 114 40 6
FU 114 53 0
FU 114 54 0
FU 114 59 0
FU 114 65 0
FU 114 66 0
FU 114 69 47
FU 114 73 82
FU 114 83 0
FU 114 84 0
FU 114 90 11
FU 114 92 0
FU 114 93 49
FU 114 100 31
FU 114 112 0
FU 114 116 0
FU 114 118 0
FU 114 124 0
FU 114 126 25
FU 114 128 58
FU 114 133 12
FU 114 134 0
FU 114 135 62
FU 114 136 0
FU 114 140 38
FU 114 141 25
FU 114 151 73
FU 114 160 0
FU 114 163 0
FU 114 167 11
FU 115 5 16
FU 115 6 48
FU 115 11 44
FU 115 13 0
FU 115 36 28
FU 115 52 0
FU 115 58 4
FU 115 60 0
FU 115 70 12
FU 115 71 86
FU 115 77 0
FU 115 87 7
FU 115 98 0
FU 115 99 50
FU 115 109 0
FU 115 121 29
FU 115 130 76
FU 115 143 64
FU 115 152 0
FU 115 156 0
FU 115 161 14
FU 115 169 871
FU 115 174 5
FU 116 3 69
FU 116 4 0
FU 116 16 0
FU 116 37 31
FU 116 39 32
FU 116 40 19
FU 116 41 19
FU 116 47 204
FU 116 58 6
FU 116 59 0
FU 116 66 0
FU 116 69 22
FU 116 84 0
FU 116 87 240
FU 116 90 35
FU 116 92 7
FU 116 93 14
FU 116 97 928
FU 116 100 6
FU 116 103 105
FU 116 106 24
FU 116 110 39
FU 116 114 0
FU 116 118 0
FU 116 122 0
FU 116 124 0
FU 116 127 0
FU 116 128 139
FU 116 129 112
FU 116 133 35
FU 116 136 0
FU 116 140 55
FU 116 141 63
FU 116 150 79
FU 116 151 67
FU 116 160 63
FU 116 167 24
FU 116 174 7
FU 117 1 44
FU 117 18 156
FU 118 4 0
FU 118 7 21
FU 118 15 0
FU 118 16 0
FU 118 17 0
FU 118 23 0
FU 118 37 63
FU 118 39 10
FU 118 40 8
FU 118 53 3
FU 118 56 0
FU 118 59 0
FU 118 63 33
FU 118 66 0
FU 118 82 0
FU 118 84 0
FU 118 87 4
FU 118 90 76
FU 118 91 0
FU 118 92 0
FU 118 93 74
FU 118 95 0
FU 118 103 51
FU 118 106 38
FU 118 111 0
FU 118 114 0
FU 118 116 0
FU 118 122 0
FU 118 124 0
FU 118 126 22
FU 118 127 0
FU 118 129 0
FU 118 133 33
FU 118 136 0
FU 118 140 40
FU 118 141 73
FU 118 142 0
FU 118 144 202
FU 118 150 60
FU 118 151 85
FU 118 160 45
FU 118 174 0
FU 119 1 0
FU 119 4 11
FU 119 5 7
FU 119 13 0
FU 119 15 0
FU 119 16 0
FU 119 18 0
FU 119 25 5
FU 119 26 6
FU 119 51 0
FU 119 54 95
FU 119 56 0
FU 119 58 20
FU 119 60 0
FU 119 67 0
FU 119 70 0
FU 119 71 6
FU 119 77 0
FU 119 80 0
FU 119 89 8
FU 119 91 0
FU 119 94 437
FU 119 96 0
FU 119 98 0
FU 119 101 40
FU 119 108 50
FU 119 109 0
FU 119 111 0
FU 119 115 0
FU 119 130 89
FU 119 139 0
FU 119 142 0
FU 119 146 0
FU 119 149 0
FU 119 152 0
FU 120 9 0
FU 120 18 0
FU 120 25 4
FU 120 26 25
FU 120 32 66
FU 120 50 68
FU 120 75 0
FU 120 88 2
FU 120 107 0
FU 120 109 0
FU 120 111 0
FU 120 123 0
FU 120 139 0
FU 120 145 0
FU 120 148 55
FU 120 157 5
FU 120 165 0
FU 121 15 0
FU 121 56 4
FU 121 58 6
FU 121 82 0
FU 121 91 0
FU 121 108 40
FU 121 115 47
FU 121 137 7
FU 121 139 0
FU 121 142 29
FU 121 154 0
FU 121 157 128
FU 122 16 0
FU 122 17 3
FU 122 23 0
FU 122 37 37
FU 122 40 4
FU 122 44 0
FU 122 51 0
FU 122 53 7
FU 122 56 0
FU 122 58 8
FU 122 59 0
FU 122 63 58
FU 122 66 0
FU 122 69 48
FU 122 70 0
FU 122 76 103
FU 122 82 0
FU 122 84 0
FU 122 87 22
FU 122 90 16
FU 122 91 0
FU 122 92 0
FU 122 93 21
FU 122 106 19
FU 122 110 60
FU 122 111 0
FU 122 116 0
FU 122 118 0
FU 122 124 0
FU 122 126 22
FU 122 129 22
FU 122 133 22
FU 122 136 0
FU 122 140 58
FU 122 141 26
FU 122 150 42
FU 122 151 105
FU 122 160 0
FU 122 174 5
FU 123 12 116
FU 123 18 0
FU 123 20 13
FU 123 48 0
FU 123 49 0
FU 123 52 0
FU 123 60 0
FU 123 75 0
FU 123 81 94
FU 123 88 0
FU 123 101 7
FU 123 109 0
FU 123 120 0
FU 123 145 0
FU 123 147 0
FU 123 157 21
FU 123 158 0
FU 123 159 0
FU 123 165 0
FU 123 169 0
FU 124 3 0
FU 124 4 0
FU 124 5 32
FU 124 15 304
FU 124 16 0
FU 124 17 8
FU 124 20 135
FU 124 23 0
FU 124 36 16
FU 124 37 56
FU 124 39 10
FU 124 40 9
FU 124 41 7
FU 124 53 0
FU 124 56 0
FU 124 58 0
FU 124 59 0
FU 124 66 0
FU 124 69 89
FU 124 70 0
FU 124 76 41
FU 124 82 0
FU 124 84 0
FU 124 87 16
FU 124 91 0
FU 124 92 0
FU 124 93 27
FU 124 96 706
FU 124 97 0
FU 124 100 9
FU 124 106 47
FU 124 110 73
FU 124 111 19
FU 124 112 0
FU 124 114 0
FU 124 116 0
FU 124 118 0
FU 124 122 0
FU 124 129 0
FU 124 133 22
FU 124 136 0
FU 124 140 86
FU 124 141 90
FU 124 142 43
FU 124 150 91
FU 124 151 40
FU 124 156 471
FU 124 160 0
FU 124 174 0
FU 125 3 0
FU 125 17 362
FU 125 47 0
FU 125 83 1
FU 125 86 0
FU 125 128 54
FU 125 166 41
FU 126 24 216
FU 126 34 38
FU 126 37 69
FU 126 39 76
FU 126 59 227
FU 126 65 280
FU 126 66 0
FU 126 114 0
FU 126 118 1
FU 126 122 0
FU 126 128 25
FU 126 129 25
FU 126 135 62
FU 126 136 135
FU 127 4 669
FU 127 7 40
FU 127 21 20
FU 127 22 99
FU 127 23 0
FU 127 30 171
FU 127 33 112
FU 127 36 21
FU 127 37 15
FU 127 40 353
FU 127 41 44
FU 127 42 0
FU 127 53 285
FU 127 66 0
FU 127 82 210
FU 127 87 185
FU 127 91 0
FU 127 92 13
FU 127 93 43
FU 127 95 0
FU 127 103 180
FU 127 110 126
FU 127 116 0
FU 127 118 166
FU 127 133 81
FU 127 136 180
FU 127 141 47
FU 127 144 189
FU 127 150 92
FU 127 153 266
FU 127 160 293
FU 127 167 297
FU 128 4 0
FU 128 31 0
FU 128 65 0
FU 128 66 0
FU 128 79 0
FU 128 83 0
FU 128 86 0
FU 128 92 0
FU 128 114 0
FU 128 116 0
FU 128 125 0
FU 128 126 25
FU 128 138 338
FU 128 160 76
FU 128 166 52
FU 129 13 0
FU 129 15 0
FU 129 16 0
FU 129 17 36
FU 129 35 18
FU 129 38 33
FU 129 39 48
FU 129 40 42
FU 129 56 8
FU 129 57 0
FU 129 59 3
FU 129 66 0
FU 129 70 0
FU 129 81 20
FU 129 82 0
FU 129 84 9
FU 129 91 0
FU 129 92 54
FU 129 93 74
FU 129 96 3
FU 129 98 105
FU 129 100 36
FU 129 106 36
FU 129 110 46
FU 129 116 239
FU 129 118 0
FU 129 121 11
FU 129 122 0
FU 129 126 272
FU 129 139 227
FU 129 142 3
FU 129 156 0
FU 129 174 2
FU 132 1 80
FU 132 16 1
FU 132 18 251
FU 132 21 106
FU 132 142 1
FU 133 15 219
FU 133 17 46
FU 133 20 245
FU 133 41 77
FU 133 82 0
FU 133 87 17
FU 133 91 0
FU 133 111 15
FU 133 118 0
FU 133 136 0
FU 134 9 0
FU 134 11 2
FU 134 24 0
FU 134 31 0
FU 134 34 4
FU 134 43 0
FU 134 53 0
FU 134 54 0
FU 134 63 51
FU 134 65 0
FU 134 73 68
FU 134 94 0
FU 134 97 0
FU 134 105 47
FU 134 112 0
FU 134 114 0
FU 134 135 20
FU 134 163 0
FU 134 168 0
FU 134 172 0
FU 135 4 164
FU 135 5 16
FU 135 11 11
FU 135 66 253
FU 135 100 128
FU 135 126 41
FU 135 139 7
FU 136 4 0
FU 136 7 29
FU 136 13 0
FU 136 16 0
FU 136 22 86
FU 136 23 0
FU 136 36 50
FU 136 37 23
FU 136 39 47
FU 136 40 55
FU 136 41 17
FU 136 56 0
FU 136 59 0
FU 136 66 0
FU 136 69 22
FU 136 82 0
FU 136 84 0
FU 136 87 0
FU 136 90 22
FU 136 92 0
FU 136 93 13
FU 136 97 0
FU 136 100 12
FU 136 103 80
FU 136 106 42
FU 136 110 42
FU 136 114 0
FU 136 116 0
FU 136 118 0
FU 136 122 0
FU 136 124 0
FU 136 126 11
FU 136 127 0
FU 136 129 0
FU 136 133 2
FU 136 140 45
FU 136 141 67
FU 136 144 205
FU 136 151 65
FU 136 160 0
FU 136 167 8
FU 136 174 0
FU 137 1 25
FU 137 12 55
FU 137 17 0
FU 137 18 103
FU 137 19 134
FU 137 21 17
FU 137 28 41
FU 137 41 27
FU 137 57 40
FU 137 76 154
FU 137 81 24
FU 137 101 114
FU 137 106 53
FU 137 121 6
FU 137 142 182
FU 137 154 0
FU 138 3 0
FU 138 4 0
FU 138 42 0
FU 138 47 0
FU 138 66 1
FU 138 128 87
FU 139 1 0
FU 139 2 33
FU 139 5 12
FU 139 6 31
FU 139 11 7
FU 139 13 0
FU 139 15 0
FU 139 20 23
FU 139 24 0
FU 139 25 7
FU 139 26 36
FU 139 35 19
FU 139 36 113
FU 139 38 43
FU 139 43 0
FU 139 44 0
FU 139 49 0
FU 139 50 75
FU 139 51 0
FU 139 52 0
FU 139 53 0
FU 139 54 0
FU 139 57 0
FU 139 58 3
FU 139 60 0
FU 139 64 0
FU 139 67 0
FU 139 70 0
FU 139 72 65
FU 139 73 31
FU 139 77 0
FU 139 80 0
FU 139 87 3
FU 139 89 11
FU 139 91 0
FU 139 96 0
FU 139 98 0
FU 139 101 56
FU 139 108 56
FU 139 111 199
FU 139 113 42
FU 139 115 0
FU 139 119 0
FU 139 120 0
FU 139 121 31
FU 139 129 12
FU 139 130 38
FU 139 135 10
FU 139 142 0
FU 139 143 97
FU 139 146 0
FU 139 152 0
FU 139 155 20
FU 139 156 0
FU 139 157 22
FU 139 158 0
FU 139 159 0
FU 139 161 3
FU 139 169 0
FU 139 170 14
FU 139 174 0
FU 141 84 0
FU 141 124 19
FU 142 1 0
FU 142 2 150
FU 142 13 0
FU 142 18 305
FU 142 21 24
FU 142 25 54
FU 142 36 27
FU 142 40 47
FU 142 53 126
FU 142 54 16
FU 142 57 2
FU 142 72 72
FU 142 80 425
FU 142 87 35
FU 142 89 70
FU 142 94 9
FU 142 95 0
FU 142 98 147
FU 142 101 68
FU 142 105 48
FU 142 110 28
FU 142 112 352
FU 142 113 83
FU 142 117 82
FU 142 118 0
FU 142 119 23
FU 142 121 176
FU 142 124 341
FU 142 129 26
FU 142 132 133
FU 142 137 5
FU 142 143 49
FU 142 154 0
FU 142 155 45
FU 142 159 1147
FU 142 173 61
FU 142 174 0
FU 144 22 64
FU 144 154 0
FU 145 12 125
FU 145 18 0
FU 145 26 19
FU 145 32 75
FU 145 48 0
FU 145 50 63
FU 145 52 0
FU 145 81 58
FU 145 88 0
FU 145 99 46
FU 145 107 0
FU 145 109 0
FU 145 120 0
FU 145 123 0
FU 145 147 0
FU 145 148 57
FU 145 149 0
FU 145 165 0
FU 145 169 0
FU 146 1 0
FU 146 2 33
FU 146 4 0
FU 146 5 5
FU 146 11 15
FU 146 13 0
FU 146 18 0
FU 146 20 0
FU 146 25 33
FU 146 35 51
FU 146 36 69
FU 146 38 34
FU 146 39 49
FU 146 43 0
FU 146 48 0
FU 146 49 0
FU 146 51 0
FU 146 52 0
FU 146 56 0
FU 146 57 0
FU 146 58 0
FU 146 60 0
FU 146 67 0
FU 146 70 0
FU 146 75 0
FU 146 77 0
FU 146 80 0
FU 146 87 0
FU 146 91 0
FU 146 96 0
FU 146 98 0
FU 146 101 34
FU 146 108 16
FU 146 111 0
FU 146 115 0
FU 146 119 0
FU 146 121 23
FU 146 129 0
FU 146 130 56
FU 146 139 0
FU 146 142 0
FU 146 143 109
FU 146 152 0
FU 146 156 0
FU 146 157 10
FU 146 158 0
FU 146 159 0
FU 146 161 13
FU 146 170 18
FU 147 18 0
FU 147 26 13
FU 147 32 151
FU 147 50 34
FU 147 71 55
FU 147 75 0
FU 147 88 0
FU 147 109 0
FU 147 123 0
FU 147 145 0
FU 147 148 42
FU 147 149 0
FU 147 157 6
FU 147 165 0
FU 148 26 50
FU 148 64 0
FU 148 111 15
FU 148 113 79
FU 148 170 50
FU 149 6 106
FU 149 9 0
FU 149 18 0
FU 149 25 54
FU 149 26 18
FU 149 32 231
FU 149 44 0
FU 149 50 123
FU 149 51 0
FU 149 52 0
FU 149 57 0
FU 149 64 0
FU 149 71 20
FU 149 72 54
FU 149 80 0
FU 149 88 0
FU 149 99 99
FU 149 107 0
FU 149 109 0
FU 149 115 0
FU 149 119 0
FU 149 145 0
FU 149 147 0
FU 149 148 31
FU 149 152 2
FU 149 157 9
FU 149 158 0
FU 149 159 0
FU 149 161 27
FU 149 169 0
FU 149 170 12
FU 150 111 0
FU 152 4 62
FU 152 5 20
FU 152 11 33
FU 152 25 42
FU 152 50 33
FU 152 51 6
FU 152 56 53
FU 152 67 0
FU 152 109 1124
FU 152 111 31
FU 152 115 5
FU 152 130 74
FU 152 143 119
FU 152 146 0
FU 152 149 0
FU 152 158 0
FU 152 161 18
FU 152 174 35
FU 153 103 97
FU 154 5 21
FU 154 18 7
FU 154 60 1142
FU 155 51 0
FU 155 71 26
FU 155 73 49
FU 155 80 4
FU 155 112 11
FU 155 142 15
FU 156 1 0
FU 156 2 30
FU 156 5 3
FU 156 13 0
FU 156 15 0
FU 156 16 0
FU 156 17 31
FU 156 18 0
FU 156 20 8
FU 156 49 0
FU 156 56 0
FU 156 58 14
FU 156 60 0
FU 156 67 0
FU 156 70 0
FU 156 77 0
FU 156 87 13
FU 156 91 0
FU 156 96 0
FU 156 98 0
FU 156 101 22
FU 156 108 54
FU 156 115 0
FU 156 124 118
FU 156 129 4
FU 156 139 0
FU 156 142 0
FU 156 146 0
FU 156 152 0
FU 156 154 0
FU 156 157 28
FU 156 174 0
FU 157 51 2
FU 157 57 249
FU 157 58 6
FU 157 70 167
FU 157 121 52
FU 157 156 0
FU 158 1 0
FU 158 2 20
FU 158 5 36
FU 158 13 0
FU 158 18 0
FU 158 25 31
FU 158 26 67
FU 158 48 0
FU 158 49 0
FU 158 50 57
FU 158 51 0
FU 158 58 19
FU 158 60 0
FU 158 67 0
FU 158 75 0
FU 158 77 0
FU 158 80 0
FU 158 91 0
FU 158 101 5
FU 158 108 86
FU 158 109 0
FU 158 115 0
FU 158 123 0
FU 158 139 0
FU 158 146 0
FU 158 149 0
FU 158 152 1
FU 158 157 5
FU 158 165 0
FU 159 1 0
FU 159 2 43
FU 159 13 0
FU 159 18 0
FU 159 25 17
FU 159 26 20
FU 159 48 0
FU 159 49 0
FU 159 50 21
FU 159 51 0
FU 159 58 1
FU 159 60 0
FU 159 67 0
FU 159 75 0
FU 159 77 0
FU 159 80 0
FU 159 91 0
FU 159 98 0
FU 159 101 20
FU 159 108 31
FU 159 109 0
FU 159 115 0
FU 159 123 0
FU 159 130 92
FU 159 139 0
FU 159 142 0
FU 159 146 0
FU 159 149 0
FU 159 152 0
FU 159 157 29
FU 159 165 0
FU 160 3 264
FU 160 4 0
FU 160 16 0
FU 160 37 30
FU 160 39 25
FU 160 40 44
FU 160 41 15
FU 160 58 1
FU 160 59 0
FU 160 66 0
FU 160 69 133
FU 160 84 0
FU 160 90 14
FU 160 92 13
FU 160 93 21
FU 160 100 9
FU 160 103 92
FU 160 106 23
FU 160 114 0
FU 160 116 0
FU 160 118 60
FU 160 122 0
FU 160 124 0
FU 160 127 0
FU 160 128 73
FU 160 133 1
FU 160 136 0
FU 160 140 79
FU 160 141 65
FU 160 151 33
FU 160 153 222
FU 160 167 21
FU 161 1 0
FU 161 5 20
FU 161 13 0
FU 161 24 788
FU 161 26 82
FU 161 49 1
FU 161 50 27
FU 161 56 22
FU 161 58 50
FU 161 60 0
FU 161 70 4
FU 161 91 0
FU 161 98 4
FU 161 111 26
FU 161 115 29
FU 161 130 11
FU 161 146 2
FU 162 41 16
FU 162 95 462
FU 163 9 0
FU 163 11 11
FU 163 24 0
FU 163 29 0
FU 163 31 0
FU 163 34 7
FU 163 43 0
FU 163 53 10
FU 163 54 0
FU 163 63 52
FU 163 73 126
FU 163 79 0
FU 163 97 0
FU 163 105 70
FU 163 114 0
FU 163 134 0
FU 163 135 105
FU 163 155 56
FU 163 168 0
FU 163 172 0
FU 164 12 81
FU 164 19 206
FU 164 33 68
FU 164 46 6
FU 164 162 101
FU 165 12 40
FU 165 18 0
FU 165 20 1
FU 165 48 0
FU 165 49 0
FU 165 52 0
FU 165 60 0
FU 165 75 0
FU 165 81 63
FU 165 88 0
FU 165 101 10
FU 165 109 0
FU 165 120 0
FU 165 123 0
FU 165 145 0
FU 165 147 0
FU 165 157 4
FU 165 158 0
FU 165 159 0
FU 165 169 0
FU 166 17 453
FU 166 47 1
FU 166 83 0
FU 166 125 370
FU 167 37 35
FU 167 39 53
FU 167 40 70
FU 167 59 5
FU 167 66 2
FU 167 69 88
FU 167 90 87
FU 167 92 35
FU 167 103 139
FU 167 106 173
FU 167 116 55
FU 167 127 0
FU 167 136 0
FU 167 160 246
FU 168 9 0
FU 168 11 12
FU 168 24 0
FU 168 29 0
FU 168 31 0
FU 168 34 1
FU 168 43 0
FU 168 53 0
FU 168 54 0
FU 168 63 65
FU 168 65 0
FU 168 73 108
FU 168 79 0
FU 168 89 21
FU 168 94 0
FU 168 97 0
FU 168 105 78
FU 168 134 0
FU 168 135 5
FU 168 163 0
FU 168 172 0
FU 169 9 0
FU 169 18 0
FU 169 25 3
FU 169 26 21
FU 169 50 49
FU 169 51 798
FU 169 75 0
FU 169 88 0
FU 169 109 0
FU 169 111 10
FU 169 115 22
FU 169 123 0
FU 169 139 0
FU 169 145 0
FU 169 148 54
FU 169 149 0
FU 169 165 0
FU 170 4 17
FU 170 15 3
FU 170 25 71
FU 170 50 92
FU 170 51 2
FU 170 58 52
FU 170 70 8
FU 170 71 136
FU 170 87 43
FU 170 91 0
FU 170 98 8
FU 170 109 4
FU 170 148 45
FU 172 24 0
FU 172 31 0
FU 172 34 10
FU 172 63 35
FU 172 65 0
FU 172 73 111
FU 172 79 0
FU 172 94 0
FU 172 105 81
FU 172 134 0
FU 172 135 20
FU 172 163 0
FU 172 168 0
FU 173 1 346
FU 173 16 6
FU 173 18 8
FU 173 82 7
FU 174 2 40
FU 174 11 31
FU 174 13 0
FU 174 15 0
FU 174 16 123
FU 174 20 31
FU 174 23 0
FU 174 24 0
FU 174 35 35
FU 174 36 23
FU 174 38 66
FU 174 40 12
FU 174 53 12
FU 174 56 0
FU 174 59 0
FU 174 67 0
FU 174 69 31
FU 174 80 0
FU 174 82 0
FU 174 83 0
FU 174 84 0
FU 174 87 27
FU 174 92 7
FU 174 93 38
FU 174 96 0
FU 174 98 250
FU 174 106 21
FU 174 110 30
FU 174 111 79
FU 174 115 29
FU 174 116 8
FU 174 118 0
FU 174 121 62
FU 174 122 0
FU 174 124 3
FU 174 129 22
FU 174 130 24
FU 174 133 25
FU 174 136 0
FU 174 139 0
FU 174 140 42
FU 174 142 0
FU 174 151 42
FU 174 152 823
FU 174 156 0
FU 174 161 23
FU 174 170 41
