Nodes: 91
Arcs: 4218
Terminals_rem: 0
Nodes_rem: 14
Arcs_rem: 1633
First LB: 17
LB: 17
Iter. LB: 0
First UB: 49
UB: 35
Iter. UB: 1
gap: 51.4286
BM. Time: 0
Runtime: 1708
FL 0 40 23
FL 0 82 2459
FL 0 5 25
FL 0 62 20
FL 0 6 2465
FL 0 70 22
FL 0 41 2573
FL 0 64 2588
FL 0 52 2906
FL 0 68 3176
FL 0 67 2622
FL 0 44 28
FL 0 55 45
FL 0 42 0
FL 0 48 7
FL 0 81 3109
FL 0 54 2727
FL 0 60 27
FL 0 36 2
FL 0 1 23
FL 0 71 23
FL 0 21 10
FL 0 34 5
FL 0 86 2108
FL 0 50 23
FL 0 32 22
FL 0 69 26
FL 0 10 2534
FL 0 16 21
FL 0 38 51
FL 0 8 2950
FL 0 15 2668
FL 0 14 16
FL 0 33 15
FL 0 2 2407
FL 0 49 0
FL 0 56 0
FL 0 65 23
FL 0 35 26
FL 0 73 41
FL 0 7 3634
FL 0 78 0
FL 0 31 2683
FL 0 17 0
FL 0 12 24
FL 0 9 3
FL 0 7 3634
FL 0 11 2569
FL 0 4 2443
FL 0 79 34
FL 0 23 28
FL 0 3 2000
FL 0 18 78
FL 0 19 69
FL 0 20 41
FL 0 22 49
FL 0 24 63
FL 0 25 45
FL 0 26 52
FL 0 27 129
FL 0 28 2000
FL 0 29 2000
FL 0 30 63
FL 0 37 35
FL 0 39 2
FL 0 43 61
FL 0 45 2000
FL 0 46 112
FL 0 47 84
FL 0 51 2000
FL 0 53 83
FL 0 57 43
FL 0 58 165
FL 0 59 2000
FL 0 61 96
FL 0 63 2000
FL 0 66 18
FL 0 72 87
FL 0 74 5
FL 0 75 2000
FL 0 76 131
FL 0 77 52
FL 0 80 414
FL 0 83 187
FL 0 84 2000
FL 0 85 2000
FL 0 87 2000
FL 0 88 2000
FL 0 89 2000
FL 0 90 2000
FL 1 4 66
FL 1 5 46
FL 1 6 37
FL 1 7 30
FL 1 8 40
FL 1 9 5
FL 1 11 45
FL 1 12 31
FL 1 13 0
FL 1 14 25
FL 1 16 25
FL 1 17 0
FL 1 18 156
FL 1 19 91
FL 1 20 46
FL 1 21 12
FL 1 22 96
FL 1 23 45
FL 1 24 103
FL 1 25 51
FL 1 26 89
FL 1 27 202
FL 1 30 58
FL 1 31 34
FL 1 33 18
FL 1 34 11
FL 1 35 87
FL 1 36 4
FL 1 37 111
FL 1 38 162
FL 1 39 1
FL 1 40 43
FL 1 41 33
FL 1 42 0
FL 1 43 110
FL 1 44 33
FL 1 46 102
FL 1 47 169
FL 1 48 714
FL 1 49 0
FL 1 50 40
FL 1 52 47
FL 1 53 99
FL 1 54 46
FL 1 55 119
FL 1 56 0
FL 1 57 54
FL 1 61 81
FL 1 64 24
FL 1 65 36
FL 1 66 80
FL 1 67 44
FL 1 68 38
FL 1 69 41
FL 1 70 38
FL 1 71 38
FL 1 72 96
FL 1 73 75
FL 1 74 4
FL 1 77 60
FL 1 79 52
FL 1 81 50
FL 1 86 54
FL 2 6 5
FL 2 10 1
FL 2 11 4
FL 2 12 16
FL 2 13 0
FL 2 14 7
FL 2 15 5
FL 2 16 9
FL 2 17 0
FL 2 23 21
FL 2 27 46
FL 2 30 42
FL 2 31 4
FL 2 32 13
FL 2 37 36
FL 2 40 16
FL 2 41 1
FL 2 44 10
FL 2 48 3
FL 2 50 13
FL 2 52 7
FL 2 57 41
FL 2 58 79
FL 2 60 6
FL 2 62 7
FL 2 64 5
FL 2 65 15
FL 2 68 11
FL 2 69 12
FL 2 70 12
FL 2 71 13
FL 2 76 46
FL 2 77 52
FL 2 78 0
FL 2 79 17
FL 2 81 2
FL 2 82 3
FL 4 1 7
FL 4 5 16
FL 4 6 1
FL 4 7 1
FL 4 8 2
FL 4 9 1
FL 4 17 0
FL 4 18 48
FL 4 21 6
FL 4 22 17
FL 4 24 50
FL 4 31 2
FL 4 33 9
FL 4 35 10
FL 4 36 1
FL 4 38 14
FL 4 39 0
FL 4 40 20
FL 4 42 0
FL 4 43 15
FL 4 46 129
FL 4 49 0
FL 4 52 1
FL 4 53 24
FL 4 54 1
FL 4 56 0
FL 4 61 46
FL 4 66 41
FL 4 67 1
FL 4 68 2
FL 4 72 31
FL 4 74 2
FL 4 77 33
FL 4 81 2
FL 5 1 3
FL 5 4 0
FL 5 6 1
FL 5 7 2
FL 5 8 1
FL 5 9 0
FL 5 10 1
FL 5 11 2
FL 5 12 14
FL 5 13 0
FL 5 14 1
FL 5 16 2
FL 5 17 0
FL 5 18 41
FL 5 19 23
FL 5 20 34
FL 5 21 0
FL 5 22 26
FL 5 23 12
FL 5 24 40
FL 5 25 5
FL 5 26 27
FL 5 27 26
FL 5 30 25
FL 5 31 0
FL 5 33 1
FL 5 34 0
FL 5 35 10
FL 5 36 0
FL 5 37 59
FL 5 38 12
FL 5 39 0
FL 5 40 15
FL 5 42 0
FL 5 43 64
FL 5 44 4
FL 5 46 98
FL 5 47 53
FL 5 49 0
FL 5 50 5
FL 5 52 3
FL 5 53 36
FL 5 54 2
FL 5 55 4
FL 5 56 0
FL 5 57 30
FL 5 61 41
FL 5 64 4
FL 5 65 7
FL 5 66 54
FL 5 67 4
FL 5 68 2
FL 5 69 2
FL 5 70 0
FL 5 71 7
FL 5 72 10
FL 5 73 4
FL 5 74 1
FL 5 77 35
FL 5 79 8
FL 5 81 4
FL 6 1 5
FL 6 2 1
FL 6 4 1
FL 6 5 13
FL 6 7 0
FL 6 8 1
FL 6 9 0
FL 6 10 1
FL 6 11 1
FL 6 12 16
FL 6 13 0
FL 6 14 1
FL 6 15 1
FL 6 17 0
FL 6 18 31
FL 6 19 18
FL 6 20 56
FL 6 21 3
FL 6 22 27
FL 6 23 11
FL 6 24 54
FL 6 25 17
FL 6 26 38
FL 6 27 62
FL 6 30 7
FL 6 33 2
FL 6 34 0
FL 6 35 9
FL 6 36 0
FL 6 37 25
FL 6 38 13
FL 6 39 0
FL 6 42 0
FL 6 43 35
FL 6 44 4
FL 6 48 2
FL 6 50 6
FL 6 52 0
FL 6 53 31
FL 6 54 1
FL 6 56 0
FL 6 57 31
FL 6 64 1
FL 6 65 8
FL 6 66 8
FL 6 67 2
FL 6 68 2
FL 6 69 5
FL 6 70 4
FL 6 71 9
FL 6 72 24
FL 6 73 3
FL 6 74 1
FL 6 77 53
FL 6 79 11
FL 6 81 2
FL 7 1 6
FL 7 4 1
FL 7 5 18
FL 7 6 1
FL 7 8 2
FL 7 9 1
FL 7 11 1
FL 7 12 18
FL 7 13 0
FL 7 14 14
FL 7 16 13
FL 7 17 0
FL 7 18 45
FL 7 19 35
FL 7 20 38
FL 7 21 5
FL 7 22 20
FL 7 23 17
FL 7 24 48
FL 7 25 45
FL 7 26 37
FL 7 27 23
FL 7 30 54
FL 7 31 1
FL 7 33 11
FL 7 34 5
FL 7 35 14
FL 7 36 1
FL 7 38 14
FL 7 39 0
FL 7 40 19
FL 7 41 1
FL 7 42 0
FL 7 43 85
FL 7 44 1876
FL 7 46 58
FL 7 47 187
FL 7 49 0
FL 7 52 3
FL 7 53 55
FL 7 54 1
FL 7 55 20
FL 7 56 0
FL 7 61 48
FL 7 66 85
FL 7 67 1
FL 7 68 2
FL 7 69 902
FL 7 70 18
FL 7 71 14
FL 7 72 15
FL 7 73 21
FL 7 74 1
FL 7 77 29
FL 7 79 21
FL 7 81 3
FL 8 1 9
FL 8 4 1
FL 8 5 14
FL 8 6 2
FL 8 7 1
FL 8 9 1
FL 8 10 1
FL 8 11 1
FL 8 12 17
FL 8 13 0
FL 8 14 12
FL 8 15 1
FL 8 16 16
FL 8 17 0
FL 8 18 56
FL 8 19 24
FL 8 20 54
FL 8 21 5
FL 8 22 13
FL 8 23 22
FL 8 24 74
FL 8 25 33
FL 8 26 28
FL 8 27 51
FL 8 30 38
FL 8 31 1
FL 8 32 7
FL 8 33 8
FL 8 34 2
FL 8 35 12
FL 8 36 0
FL 8 37 61
FL 8 38 14
FL 8 39 0
FL 8 40 14
FL 8 41 1
FL 8 42 0
FL 8 43 30
FL 8 44 13
FL 8 46 108
FL 8 47 68
FL 8 49 0
FL 8 50 14
FL 8 52 2
FL 8 53 19
FL 8 54 1
FL 8 55 20
FL 8 56 0
FL 8 57 62
FL 8 61 100
FL 8 64 1
FL 8 65 13
FL 8 66 33
FL 8 67 2
FL 8 68 3
FL 8 69 11
FL 8 70 14
FL 8 71 16
FL 8 72 79
FL 8 74 3
FL 8 77 42
FL 8 79 21
FL 8 81 1
FL 8 82 1
FL 8 86 0
FL 9 1 18
FL 9 4 14
FL 9 5 21
FL 9 6 15
FL 9 7 9
FL 9 8 17
FL 9 10 12
FL 9 11 7
FL 9 12 20
FL 9 13 0
FL 9 17 0
FL 9 18 61
FL 9 20 127
FL 9 21 9
FL 9 22 67
FL 9 23 20
FL 9 24 81
FL 9 25 34
FL 9 26 19
FL 9 27 69
FL 9 30 48
FL 9 31 19
FL 9 33 14
FL 9 34 7
FL 9 35 21
FL 9 36 1
FL 9 38 28
FL 9 39 0
FL 9 40 23
FL 9 41 11
FL 9 42 0
FL 9 43 41
FL 9 44 20
FL 9 46 82
FL 9 49 0
FL 9 52 11
FL 9 53 16
FL 9 54 10
FL 9 56 0
FL 9 57 59
FL 9 61 64
FL 9 66 106
FL 9 67 10
FL 9 68 15
FL 9 69 19
FL 9 71 21
FL 9 72 31
FL 9 74 1
FL 9 77 36
FL 9 79 29
FL 9 81 14
FL 9 86 14
FL 10 2 0
FL 10 5 5
FL 10 6 1
FL 10 8 1
FL 10 9 1
FL 10 12 16
FL 10 13 0
FL 10 14 2
FL 10 15 0
FL 10 18 68
FL 10 22 45
FL 10 26 35
FL 10 27 52
FL 10 30 30
FL 10 31 0
FL 10 32 2
FL 10 33 0
FL 10 37 44
FL 10 40 2
FL 10 41 1
FL 10 44 0
FL 10 48 2
FL 10 50 4
FL 10 52 1
FL 10 53 34
FL 10 54 1
FL 10 56 0
FL 10 57 45
FL 10 58 85
FL 10 60 1
FL 10 61 73
FL 10 62 1
FL 10 64 2
FL 10 65 7
FL 10 67 1
FL 10 68 1
FL 10 69 1
FL 10 70 0
FL 10 74 1
FL 10 76 33
FL 10 77 43
FL 10 79 6
FL 10 81 1
FL 10 82 2
FL 11 1 0
FL 11 2 1
FL 11 5 7
FL 11 6 1
FL 11 7 0
FL 11 8 1
FL 11 9 1
FL 11 12 15
FL 11 13 0
FL 11 14 1
FL 11 16 1
FL 11 17 0
FL 11 19 19
FL 11 20 97
FL 11 21 0
FL 11 23 12
FL 11 25 20
FL 11 26 28
FL 11 27 17
FL 11 30 47
FL 11 32 2
FL 11 34 0
FL 11 37 33
FL 11 40 16
FL 11 41 0
FL 11 42 0
FL 11 47 143
FL 11 52 0
FL 11 54 1
FL 11 55 4
FL 11 61 103
FL 11 65 6
FL 11 66 88
FL 11 67 0
FL 11 68 0
FL 11 70 1
FL 11 71 5
FL 11 72 6
FL 11 73 2
FL 11 74 1
FL 11 77 31
FL 11 79 10
FL 11 81 1
FL 11 86 0
FL 12 1 0
FL 12 2 1
FL 12 5 6
FL 12 6 1
FL 12 7 1
FL 12 8 1
FL 12 9 1
FL 12 10 2
FL 12 11 1
FL 12 13 0
FL 12 14 2
FL 12 15 1
FL 12 16 1
FL 12 17 0
FL 12 18 40
FL 12 19 21
FL 12 22 48
FL 12 23 9
FL 12 24 118
FL 12 25 13
FL 12 26 64
FL 12 27 59
FL 12 30 41
FL 12 31 1
FL 12 32 0
FL 12 33 0
FL 12 34 1
FL 12 35 6
FL 12 36 0
FL 12 37 67
FL 12 38 8
FL 12 39 0
FL 12 40 10
FL 12 41 1
FL 12 42 0
FL 12 43 77
FL 12 44 2
FL 12 48 0
FL 12 50 1
FL 12 52 1
FL 12 53 17
FL 12 54 1
FL 12 56 0
FL 12 57 48
FL 12 58 22
FL 12 60 0
FL 12 61 38
FL 12 62 1
FL 12 64 2
FL 12 65 4
FL 12 66 71
FL 12 67 1
FL 12 68 2
FL 12 69 2
FL 12 70 1
FL 12 72 44
FL 12 74 1
FL 12 76 185
FL 12 77 36
FL 12 79 6
FL 12 81 1
FL 12 82 1
FL 12 83 163
FL 13 1 4933
FL 13 2 158
FL 13 5 138
FL 13 6 95
FL 13 7 111
FL 13 8 214
FL 13 9 3106
FL 13 10 67
FL 13 11 65
FL 13 12 92
FL 13 14 63
FL 13 15 49
FL 13 16 89
FL 13 17 2805
FL 13 18 1288
FL 13 19 299
FL 13 20 95
FL 13 21 1505
FL 13 22 2350
FL 13 23 105
FL 13 25 2034
FL 13 26 45
FL 13 27 511
FL 13 30 498
FL 13 31 67
FL 13 32 43
FL 13 33 3548
FL 13 34 2361
FL 13 36 2568
FL 13 37 131
FL 13 39 9342
FL 13 40 124
FL 13 41 88
FL 13 42 6430
FL 13 43 136
FL 13 44 95
FL 13 46 106
FL 13 48 31
FL 13 49 2552
FL 13 50 71
FL 13 52 140
FL 13 53 1221
FL 13 54 116
FL 13 56 2635
FL 13 57 124
FL 13 58 111
FL 13 60 60
FL 13 61 1184
FL 13 62 47
FL 13 64 75
FL 13 65 75
FL 13 66 54
FL 13 67 109
FL 13 68 152
FL 13 69 79
FL 13 70 92
FL 13 71 97
FL 13 72 2036
FL 13 74 8401
FL 13 76 98
FL 13 77 102
FL 13 78 36642
FL 13 79 149
FL 13 81 148
FL 13 82 64
FL 13 0 77581
FL 14 1 0
FL 14 2 0
FL 14 5 4
FL 14 6 1
FL 14 7 5959
FL 14 8 1
FL 14 10 1
FL 14 11 1
FL 14 12 9
FL 14 13 0
FL 14 15 0
FL 14 16 1
FL 14 17 0
FL 14 19 18
FL 14 20 75
FL 14 21 0
FL 14 22 14
FL 14 23 6
FL 14 25 11
FL 14 26 26
FL 14 27 43
FL 14 30 11
FL 14 31 0
FL 14 32 0
FL 14 34 0
FL 14 37 31
FL 14 40 9
FL 14 41 1
FL 14 44 3
FL 14 48 0
FL 14 50 2
FL 14 52 1
FL 14 54 1
FL 14 55 1
FL 14 57 52
FL 14 58 82
FL 14 60 1
FL 14 62 0
FL 14 64 2
FL 14 65 7
FL 14 68 2
FL 14 69 336
FL 14 70 0
FL 14 71 9
FL 14 72 30
FL 14 74 1
FL 14 76 33
FL 14 77 28
FL 14 78 0
FL 14 79 6
FL 14 81 1
FL 14 82 1
FL 15 2 0
FL 15 6 1
FL 15 8 1
FL 15 10 1
FL 15 12 12
FL 15 13 0
FL 15 14 1
FL 15 16 3
FL 15 23 9
FL 15 26 53
FL 15 27 15
FL 15 30 21
FL 15 31 0
FL 15 32 0
FL 15 37 32
FL 15 40 11
FL 15 41 1
FL 15 44 3
FL 15 48 1
FL 15 50 2
FL 15 52 1
FL 15 54 1
FL 15 57 51
FL 15 58 72
FL 15 60 4
FL 15 62 2
FL 15 64 2
FL 15 65 7
FL 15 68 2
FL 15 69 3
FL 15 70 0
FL 15 71 9
FL 15 76 91
FL 15 77 34
FL 15 78 0
FL 15 79 7
FL 15 80 205
FL 15 81 1
FL 15 82 1
FL 15 83 80
FL 16 1 1
FL 16 2 0
FL 16 5 9
FL 16 7 1
FL 16 8 1
FL 16 11 1
FL 16 12 13
FL 16 13 0
FL 16 14 1
FL 16 15 0
FL 16 17 0
FL 16 19 24
FL 16 20 15
FL 16 21 0
FL 16 23 11
FL 16 25 24
FL 16 26 43
FL 16 27 62
FL 16 30 21
FL 16 32 0
FL 16 34 0
FL 16 37 31
FL 16 40 12
FL 16 41 1
FL 16 42 0
FL 16 44 4
FL 16 47 56
FL 16 48 1
FL 16 50 4
FL 16 52 1
FL 16 54 1
FL 16 55 0
FL 16 58 132
FL 16 60 4
FL 16 62 1
FL 16 64 2
FL 16 65 8
FL 16 66 51
FL 16 67 1
FL 16 68 1
FL 16 70 1
FL 16 71 9
FL 16 72 43
FL 16 73 0
FL 16 74 1
FL 16 76 102
FL 16 77 35
FL 16 78 0
FL 16 79 7
FL 16 80 212
FL 16 81 1
FL 16 82 1
FL 16 83 44
FL 17 1 1
FL 17 2 0
FL 17 4 0
FL 17 5 0
FL 17 6 0
FL 17 7 0
FL 17 8 0
FL 17 9 0
FL 17 11 0
FL 17 12 0
FL 17 13 0
FL 17 14 1
FL 17 16 0
FL 17 18 19
FL 17 19 13
FL 17 20 22
FL 17 21 0
FL 17 22 6
FL 17 23 0
FL 17 24 110
FL 17 25 21
FL 17 26 45
FL 17 30 5
FL 17 31 0
FL 17 33 0
FL 17 34 0
FL 17 35 0
FL 17 36 0
FL 17 37 79
FL 17 38 0
FL 17 39 0
FL 17 40 0
FL 17 42 0
FL 17 43 26
FL 17 44 0
FL 17 46 142
FL 17 47 67
FL 17 49 0
FL 17 52 0
FL 17 53 49
FL 17 54 0
FL 17 55 2
FL 17 56 0
FL 17 57 50
FL 17 61 51
FL 17 65 1
FL 17 66 19
FL 17 67 0
FL 17 68 0
FL 17 69 1
FL 17 70 0
FL 17 71 0
FL 17 72 46
FL 17 74 1
FL 17 77 26
FL 17 79 0
FL 17 81 2
FL 18 4 0
FL 18 10 0
FL 18 21 230
FL 18 22 45
FL 18 24 40
FL 18 25 27
FL 18 26 37
FL 18 30 20
FL 18 35 1
FL 18 36 0
FL 18 40 2
FL 18 41 0
FL 18 53 24
FL 18 61 41
FL 18 69 487
FL 19 1 2
FL 19 12 12
FL 19 17 0
FL 19 21 0
FL 19 25 14
FL 19 26 35
FL 19 27 19
FL 19 37 30
FL 19 42 0
FL 19 47 71
FL 19 55 6
FL 19 70 5
FL 19 72 53
FL 19 78 0
FL 19 79 978
FL 20 37 26
FL 20 44 1
FL 20 70 0
FL 20 79 2
FL 21 1 0
FL 21 4 0
FL 21 5 2
FL 21 6 0
FL 21 7 0
FL 21 8 0
FL 21 9 0
FL 21 11 1
FL 21 13 0
FL 21 14 1
FL 21 16 1
FL 21 17 0
FL 21 18 297
FL 21 19 15
FL 21 20 32
FL 21 22 21
FL 21 23 1
FL 21 25 7
FL 21 26 27
FL 21 27 27
FL 21 30 4
FL 21 31 0
FL 21 33 0
FL 21 34 0
FL 21 36 0
FL 21 37 56
FL 21 40 2
FL 21 41 0
FL 21 42 0
FL 21 44 0
FL 21 47 65
FL 21 50 2
FL 21 52 0
FL 21 53 61
FL 21 54 0
FL 21 55 1
FL 21 64 0
FL 21 65 0
FL 21 66 64
FL 21 67 0
FL 21 68 0
FL 21 70 0
FL 21 71 2
FL 21 72 22
FL 21 73 2
FL 21 74 1
FL 21 76 90
FL 21 77 36
FL 21 79 2
FL 21 81 1
FL 21 83 77
FL 22 4 0
FL 22 9 0
FL 22 10 1
FL 22 13 0
FL 22 14 0
FL 22 17 0
FL 22 18 42
FL 22 21 0
FL 22 24 205
FL 22 26 54
FL 22 30 71
FL 22 35 1
FL 22 36 0
FL 22 38 5
FL 22 39 0
FL 22 40 2
FL 22 41 1
FL 22 42 0
FL 22 50 1439
FL 22 52 1
FL 22 53 25
FL 22 56 0
FL 22 57 47
FL 22 61 83
FL 22 69 0
FL 22 70 0
FL 22 72 23
FL 22 74 1
FL 22 79 5
FL 23 1 0
FL 23 2 0
FL 23 5 4
FL 23 6 1
FL 23 7 0
FL 23 8 1
FL 23 9 0
FL 23 11 1
FL 23 12 14
FL 23 13 0
FL 23 14 2
FL 23 15 0
FL 23 16 5
FL 23 17 0
FL 23 18 43
FL 23 19 10
FL 23 20 96
FL 23 21 1
FL 23 22 9
FL 23 25 42
FL 23 26 44
FL 23 27 52
FL 23 30 46
FL 23 31 0
FL 23 32 1
FL 23 33 0
FL 23 34 0
FL 23 37 45
FL 23 40 8
FL 23 41 1
FL 23 42 0
FL 23 43 109
FL 23 44 2
FL 23 47 55
FL 23 48 1
FL 23 50 3
FL 23 52 1
FL 23 53 20
FL 23 54 1
FL 23 55 5
FL 23 56 0
FL 23 58 82
FL 23 60 3
FL 23 61 43
FL 23 62 1
FL 23 64 2
FL 23 65 4
FL 23 66 74
FL 23 67 1
FL 23 68 1
FL 23 70 0
FL 23 71 6
FL 23 72 46
FL 23 73 0
FL 23 74 1
FL 23 76 37
FL 23 77 35
FL 23 78 0
FL 23 79 7
FL 23 80 105
FL 23 81 1
FL 23 82 1
FL 23 83 113
FL 23 86 0
FL 24 77 46
FL 25 32 0
FL 25 43 755
FL 25 60 672
FL 25 61 50
FL 25 69 454
FL 27 9 1
FL 27 36 0
FL 27 50 19
FL 27 53 30
FL 27 62 12
FL 27 76 57
FL 27 78 0
FL 27 80 303
FL 27 83 135
FL 30 35 11
FL 30 38 14
FL 30 47 125
FL 30 48 242
FL 30 57 46
FL 30 69 13
FL 30 73 21
FL 31 1 10
FL 31 2 1
FL 31 4 0
FL 31 5 16
FL 31 7 1
FL 31 8 2
FL 31 9 0
FL 31 10 2
FL 31 12 19
FL 31 13 0
FL 31 14 10
FL 31 15 0
FL 31 17 0
FL 31 18 42
FL 31 21 6
FL 31 22 38
FL 31 23 19
FL 31 24 25
FL 31 25 24
FL 31 26 38
FL 31 27 63
FL 31 30 25
FL 31 33 7
FL 31 35 10
FL 31 36 0
FL 31 37 28
FL 31 38 13
FL 31 39 0
FL 31 42 0
FL 31 43 64
FL 31 44 8
FL 31 48 4
FL 31 50 14
FL 31 52 1
FL 31 53 53
FL 31 54 1
FL 31 56 0
FL 31 57 38
FL 31 64 2
FL 31 65 14
FL 31 66 100
FL 31 67 1
FL 31 68 1
FL 31 69 11
FL 31 70 16
FL 31 72 38
FL 31 74 1
FL 31 77 37
FL 31 79 21
FL 31 81 2
FL 31 82 2
FL 32 2 1
FL 32 8 1
FL 32 10 2
FL 32 11 1
FL 32 12 12
FL 32 13 0
FL 32 14 0
FL 32 15 1
FL 32 16 1
FL 32 23 7
FL 32 25 16
FL 32 26 34
FL 32 27 32
FL 32 30 11
FL 32 37 22
FL 32 44 2
FL 32 48 1
FL 32 50 0
FL 32 52 1
FL 32 54 1
FL 32 57 59
FL 32 60 1
FL 32 62 0
FL 32 64 2
FL 32 65 3
FL 32 68 1
FL 32 69 1
FL 32 70 1
FL 32 71 4
FL 32 76 65
FL 32 77 39
FL 32 78 0
FL 32 79 8
FL 32 81 1
FL 32 82 2
FL 32 83 138
FL 33 1 7
FL 33 4 2
FL 33 5 13
FL 33 6 2
FL 33 7 2
FL 33 8 2
FL 33 9 0
FL 33 10 2
FL 33 12 19
FL 33 13 0
FL 33 17 0
FL 33 18 35
FL 33 21 7
FL 33 22 7
FL 33 23 15
FL 33 24 42
FL 33 25 13
FL 33 26 68
FL 33 27 81
FL 33 30 11
FL 33 31 2
FL 33 35 12
FL 33 36 0
FL 33 37 30
FL 33 38 13
FL 33 39 0
FL 33 40 17
FL 33 41 2
FL 33 42 0
FL 33 43 48
FL 33 44 4
FL 33 46 40
FL 33 48 773
FL 33 49 0
FL 33 50 864
FL 33 52 2
FL 33 53 47
FL 33 54 2
FL 33 56 0
FL 33 57 51
FL 33 61 38
FL 33 64 2
FL 33 65 2694
FL 33 66 89
FL 33 67 2
FL 33 68 2
FL 33 69 6
FL 33 70 1045
FL 33 72 41
FL 33 74 1
FL 33 77 35
FL 33 79 13
FL 33 81 2
FL 34 1 2
FL 34 5 6
FL 34 6 2
FL 34 7 2
FL 34 8 2
FL 34 9 0
FL 34 11 2
FL 34 12 16
FL 34 13 0
FL 34 14 5
FL 34 16 5
FL 34 17 0
FL 34 19 49
FL 34 20 69
FL 34 21 3
FL 34 23 12
FL 34 25 12
FL 34 26 21
FL 34 27 49
FL 34 30 11
FL 34 40 8
FL 34 41 2
FL 34 42 0
FL 34 44 775
FL 34 47 75
FL 34 52 2
FL 34 54 1
FL 34 55 5
FL 34 66 82
FL 34 68 2
FL 34 70 5
FL 34 71 9
FL 34 72 15
FL 34 73 6
FL 34 74 1
FL 34 77 52
FL 34 79 9
FL 34 81 2
FL 35 1 3
FL 35 4 0
FL 35 5 12
FL 35 6 2
FL 35 7 1
FL 35 8 2
FL 35 9 1
FL 35 12 15
FL 35 17 0
FL 35 18 33
FL 35 22 19
FL 35 24 103
FL 35 26 37
FL 35 30 51
FL 35 31 2
FL 35 33 7
FL 35 36 0
FL 35 38 11
FL 35 39 0
FL 35 40 16
FL 35 41 1
FL 35 42 0
FL 35 43 42
FL 35 46 104
FL 35 49 0
FL 35 52 1
FL 35 53 68
FL 35 54 1
FL 35 56 0
FL 35 61 102
FL 35 66 57
FL 35 67 1
FL 35 68 2
FL 35 74 2
FL 35 79 20
FL 35 81 2
FL 36 1 2
FL 36 4 2
FL 36 5 4
FL 36 6 2
FL 36 7 2
FL 36 8 2
FL 36 9 0
FL 36 12 15
FL 36 13 0
FL 36 17 0
FL 36 18 30
FL 36 21 2
FL 36 22 23
FL 36 24 45
FL 36 25 13
FL 36 26 82
FL 36 27 64
FL 36 30 15
FL 36 31 2
FL 36 33 1
FL 36 35 11
FL 36 38 12
FL 36 39 0
FL 36 40 2
FL 36 41 2
FL 36 42 0
FL 36 43 73
FL 36 44 1
FL 36 46 160
FL 36 49 0
FL 36 52 2
FL 36 53 47
FL 36 54 1
FL 36 56 0
FL 36 57 56
FL 36 61 13
FL 36 64 2
FL 36 66 96
FL 36 67 1
FL 36 68 2
FL 36 69 2
FL 36 74 1
FL 36 77 39
FL 36 79 8
FL 36 81 2
FL 37 19 10
FL 37 20 120
FL 37 33 0
FL 38 1 6
FL 38 4 1
FL 38 5 11
FL 38 6 2
FL 38 7 1
FL 38 8 2
FL 38 9 0
FL 38 12 17
FL 38 17 0
FL 38 18 34
FL 38 22 31
FL 38 24 58
FL 38 26 31
FL 38 30 7
FL 38 31 2
FL 38 33 5
FL 38 35 13
FL 38 36 0
FL 38 39 0
FL 38 40 19
FL 38 42 0
FL 38 43 53
FL 38 46 147
FL 38 49 0
FL 38 52 2
FL 38 53 73
FL 38 54 1
FL 38 56 0
FL 38 61 49
FL 38 66 37
FL 38 67 1
FL 38 68 2
FL 38 74 1
FL 38 77 1951
FL 38 79 18
FL 39 40 7347
FL 39 42 0
FL 40 1 2
FL 40 2 2
FL 40 4 1
FL 40 5 4
FL 40 7 1
FL 40 8 2
FL 40 9 0
FL 40 10 2
FL 40 11 1
FL 40 12 14
FL 40 13 0
FL 40 14 1
FL 40 15 2
FL 40 16 1
FL 40 17 0
FL 40 18 42
FL 40 19 42
FL 40 20 70
FL 40 21 0
FL 40 22 17
FL 40 23 9
FL 40 24 56
FL 40 25 24
FL 40 26 22
FL 40 27 40
FL 40 30 11
FL 40 33 0
FL 40 34 1
FL 40 35 2379
FL 40 36 0
FL 40 37 49
FL 40 38 2839
FL 40 39 0
FL 40 42 0
FL 40 43 8
FL 40 44 1
FL 40 48 0
FL 40 50 2
FL 40 52 2
FL 40 53 23
FL 40 54 1
FL 40 56 0
FL 40 57 57
FL 40 60 3
FL 40 64 2
FL 40 65 7
FL 40 66 94
FL 40 67 1
FL 40 68 2
FL 40 69 2
FL 40 70 1
FL 40 71 4
FL 40 72 9
FL 40 74 1
FL 40 76 14
FL 40 77 54
FL 40 79 7
FL 40 81 2
FL 40 82 2
FL 40 83 113
FL 41 1 0
FL 41 2 0
FL 41 7 0
FL 41 8 1
FL 41 9 0
FL 41 10 1
FL 41 11 1
FL 41 12 15
FL 41 13 0
FL 41 14 0
FL 41 15 0
FL 41 16 0
FL 41 18 55
FL 41 19 30
FL 41 20 51
FL 41 21 0
FL 41 22 12
FL 41 23 10
FL 41 24 29
FL 41 25 9
FL 41 26 41
FL 41 27 29
FL 41 30 4
FL 41 33 0
FL 41 34 0
FL 41 35 10
FL 41 36 0
FL 41 37 48
FL 41 39 0
FL 41 42 0
FL 41 43 44
FL 41 44 0
FL 41 48 0
FL 41 50 2
FL 41 52 1
FL 41 53 16
FL 41 54 1
FL 41 56 0
FL 41 57 53
FL 41 60 1
FL 41 62 0
FL 41 64 1
FL 41 65 6
FL 41 68 1
FL 41 69 1
FL 41 70 0
FL 41 71 2
FL 41 72 13
FL 41 74 1
FL 41 76 128
FL 41 77 42
FL 41 78 0
FL 41 79 6
FL 41 81 1
FL 41 82 1
FL 41 83 75
FL 42 1 2
FL 42 4 1
FL 42 5 2
FL 42 6 2
FL 42 7 2
FL 42 8 2
FL 42 9 0
FL 42 11 2
FL 42 12 2474
FL 42 13 0
FL 42 16 1
FL 42 17 0
FL 42 18 36
FL 42 19 59
FL 42 20 41
FL 42 21 1
FL 42 22 15
FL 42 23 2
FL 42 24 30
FL 42 25 16
FL 42 26 34
FL 42 30 13
FL 42 31 2
FL 42 33 0
FL 42 34 1
FL 42 35 2
FL 42 36 0
FL 42 38 1234
FL 42 39 2
FL 42 40 0
FL 42 41 2
FL 42 43 84
FL 42 46 40
FL 42 47 105
FL 42 49 0
FL 42 52 2
FL 42 53 20
FL 42 54 1
FL 42 55 2
FL 42 56 0
FL 42 61 44
FL 42 66 65
FL 42 67 1
FL 42 68 2
FL 42 71 2
FL 42 72 25
FL 42 73 2
FL 42 74 1
FL 42 77 51
FL 42 79 3
FL 42 81 2
FL 42 86 0
FL 43 25 63
FL 43 69 410
FL 44 1 0
FL 44 2 0
FL 44 5 7
FL 44 6 1
FL 44 7 1
FL 44 8 1
FL 44 9 0
FL 44 10 1
FL 44 12 15
FL 44 13 0
FL 44 14 0
FL 44 15 0
FL 44 16 0
FL 44 17 0
FL 44 18 46
FL 44 20 52
FL 44 21 0
FL 44 22 22
FL 44 23 10
FL 44 25 27
FL 44 26 86
FL 44 27 32
FL 44 30 32
FL 44 31 0
FL 44 32 0
FL 44 33 0
FL 44 34 911
FL 44 36 0
FL 44 37 42
FL 44 40 16
FL 44 41 1
FL 44 43 44
FL 44 48 0
FL 44 50 3
FL 44 52 1
FL 44 53 29
FL 44 54 1
FL 44 55 1147
FL 44 57 55
FL 44 58 50
FL 44 60 1
FL 44 61 34
FL 44 62 1
FL 44 64 2
FL 44 65 7
FL 44 68 1
FL 44 69 1
FL 44 70 0
FL 44 71 3
FL 44 72 52
FL 44 74 2
FL 44 76 88
FL 44 77 33
FL 44 79 8
FL 44 81 1
FL 44 82 1
FL 48 1 492
FL 48 2 0
FL 48 6 1
FL 48 10 0
FL 48 12 11
FL 48 13 0
FL 48 14 0
FL 48 15 0
FL 48 16 0
FL 48 23 3
FL 48 27 29
FL 48 30 70
FL 48 31 0
FL 48 32 0
FL 48 33 0
FL 48 37 57
FL 48 40 5
FL 48 41 1
FL 48 44 0
FL 48 50 1
FL 48 52 1
FL 48 54 1
FL 48 57 51
FL 48 58 141
FL 48 60 1
FL 48 62 1
FL 48 64 2
FL 48 65 5
FL 48 68 1
FL 48 69 1
FL 48 70 0
FL 48 71 1
FL 48 76 36
FL 48 78 0
FL 48 79 5
FL 48 80 128
FL 48 81 1
FL 48 82 0
FL 49 1 0
FL 49 4 0
FL 49 5 5
FL 49 7 0
FL 49 8 1
FL 49 9 0
FL 49 13 0
FL 49 17 0
FL 49 18 77
FL 49 22 22
FL 49 24 183
FL 49 26 9
FL 49 30 36
FL 49 33 0
FL 49 35 5
FL 49 36 0
FL 49 38 10
FL 49 39 0
FL 49 42 0
FL 49 43 44
FL 49 52 1
FL 49 53 45
FL 49 54 1
FL 49 56 0
FL 49 66 79
FL 49 67 1
FL 49 68 1
FL 49 74 1
FL 49 77 27
FL 49 79 4
FL 50 1 225
FL 50 2 0
FL 50 5 10
FL 50 6 1
FL 50 8 1
FL 50 10 1
FL 50 12 15
FL 50 13 0
FL 50 14 0
FL 50 15 0
FL 50 16 1021
FL 50 21 0
FL 50 22 28
FL 50 23 12
FL 50 25 11
FL 50 26 60
FL 50 27 26
FL 50 30 68
FL 50 31 0
FL 50 32 0
FL 50 33 3705
FL 50 37 32
FL 50 40 16
FL 50 41 1
FL 50 44 3
FL 50 48 198
FL 50 52 1
FL 50 54 1
FL 50 57 50
FL 50 58 30
FL 50 60 740
FL 50 62 461
FL 50 64 2
FL 50 65 7
FL 50 68 2
FL 50 69 2
FL 50 70 0
FL 50 71 2541
FL 50 72 14
FL 50 76 80
FL 50 77 45
FL 50 78 6
FL 50 79 9
FL 50 81 1
FL 50 82 1
FL 50 83 90
FL 52 1 0
FL 52 2 0
FL 52 4 0
FL 52 5 10
FL 52 6 1
FL 52 7 0
FL 52 8 1
FL 52 9 0
FL 52 10 1
FL 52 11 1
FL 52 12 15
FL 52 13 0
FL 52 14 0
FL 52 15 0
FL 52 16 4
FL 52 17 0
FL 52 18 26
FL 52 19 46
FL 52 20 85
FL 52 21 0
FL 52 22 42
FL 52 23 12
FL 52 24 22
FL 52 25 19
FL 52 26 26
FL 52 27 16
FL 52 30 34
FL 52 31 0
FL 52 32 0
FL 52 33 1
FL 52 34 0
FL 52 35 10
FL 52 36 0
FL 52 37 73
FL 52 38 12
FL 52 39 0
FL 52 40 17
FL 52 41 1
FL 52 42 0
FL 52 43 22
FL 52 44 3
FL 52 46 104
FL 52 47 115
FL 52 48 0
FL 52 49 0
FL 52 50 3
FL 52 53 26
FL 52 54 1
FL 52 55 1
FL 52 56 0
FL 52 57 58
FL 52 58 74
FL 52 60 2
FL 52 61 54
FL 52 64 2
FL 52 65 7
FL 52 66 45
FL 52 67 1
FL 52 68 2
FL 52 69 3
FL 52 70 0
FL 52 71 12
FL 52 72 15
FL 52 73 0
FL 52 74 2
FL 52 77 33
FL 52 79 9
FL 52 81 1
FL 52 83 98
FL 53 21 550
FL 53 27 58
FL 53 57 57
FL 54 1 0
FL 54 4 0
FL 54 5 12
FL 54 6 1
FL 54 7 1
FL 54 8 1
FL 54 9 0
FL 54 10 1
FL 54 11 1
FL 54 12 16
FL 54 13 0
FL 54 14 1
FL 54 15 0
FL 54 16 4
FL 54 17 0
FL 54 18 17
FL 54 19 41
FL 54 20 52
FL 54 21 0
FL 54 22 6
FL 54 23 13
FL 54 24 61
FL 54 25 27
FL 54 26 53
FL 54 27 69
FL 54 30 63
FL 54 31 0
FL 54 32 0
FL 54 33 1
FL 54 34 1
FL 54 35 10
FL 54 36 0
FL 54 37 32
FL 54 38 12
FL 54 39 0
FL 54 40 17
FL 54 41 1
FL 54 42 0
FL 54 43 9
FL 54 44 3
FL 54 46 38
FL 54 47 71
FL 54 48 1
FL 54 49 0
FL 54 50 3
FL 54 52 1
FL 54 53 13
FL 54 55 2
FL 54 56 0
FL 54 57 49
FL 54 58 51
FL 54 60 3
FL 54 61 27
FL 54 64 2
FL 54 65 8
FL 54 66 44
FL 54 67 1
FL 54 68 2
FL 54 69 4
FL 54 70 1
FL 54 71 12
FL 54 72 25
FL 54 74 2
FL 54 77 44
FL 54 79 9
FL 54 81 1
FL 55 1 2
FL 55 5 16
FL 55 7 1
FL 55 8 1
FL 55 11 1
FL 55 14 5
FL 55 16 6
FL 55 17 0
FL 55 19 40
FL 55 20 75
FL 55 21 3
FL 55 23 17
FL 55 25 26
FL 55 26 40
FL 55 27 34
FL 55 30 49
FL 55 34 1
FL 55 37 32
FL 55 42 0
FL 55 44 1893
FL 55 52 1
FL 55 54 1
FL 55 62 693
FL 55 64 2
FL 55 65 12
FL 55 66 33
FL 55 67 1
FL 55 68 2
FL 55 70 6
FL 55 71 11
FL 55 72 16
FL 55 73 9
FL 55 74 1
FL 55 76 30
FL 55 77 41
FL 55 78 0
FL 55 79 1412
FL 55 81 2
FL 56 1 0
FL 56 4 0
FL 56 5 12
FL 56 6 1
FL 56 7 1
FL 56 8 1
FL 56 9 0
FL 56 10 1
FL 56 12 17
FL 56 13 0
FL 56 17 0
FL 56 18 21
FL 56 22 48
FL 56 23 13
FL 56 24 43
FL 56 26 23
FL 56 30 71
FL 56 31 1
FL 56 33 1
FL 56 35 9
FL 56 36 0
FL 56 38 12
FL 56 39 0
FL 56 40 16
FL 56 41 1
FL 56 42 0
FL 56 43 5
FL 56 46 129
FL 56 49 0
FL 56 52 1
FL 56 53 50
FL 56 54 1
FL 56 61 71
FL 56 66 71
FL 56 67 1
FL 56 68 2
FL 56 74 1
FL 56 79 10
FL 56 81 1
FL 57 9 265
FL 57 17 0
FL 57 36 262
FL 57 53 25
FL 57 62 157
FL 57 69 4
FL 57 74 1065
FL 57 77 101
FL 60 2 0
FL 60 10 2
FL 60 12 18
FL 60 13 0
FL 60 14 2
FL 60 15 1
FL 60 16 6
FL 60 23 15
FL 60 25 25
FL 60 27 8
FL 60 32 0
FL 60 37 29
FL 60 40 18
FL 60 41 1
FL 60 44 4
FL 60 48 1
FL 60 50 4
FL 60 52 2
FL 60 54 1
FL 60 57 59
FL 60 58 28
FL 60 62 3
FL 60 64 2
FL 60 65 8
FL 60 68 2
FL 60 69 5
FL 60 70 2
FL 60 71 12
FL 60 76 39
FL 60 78 0
FL 60 80 235
FL 60 81 1
FL 60 82 1
FL 60 83 26
FL 61 25 764
FL 62 2 0
FL 62 10 2
FL 62 12 18
FL 62 13 0
FL 62 14 1
FL 62 15 1
FL 62 16 5
FL 62 23 15
FL 62 27 37
FL 62 32 0
FL 62 37 63
FL 62 41 1
FL 62 44 4
FL 62 48 1
FL 62 50 5
FL 62 55 2
FL 62 57 52
FL 62 58 51
FL 62 60 4
FL 62 64 2
FL 62 65 10
FL 62 69 5
FL 62 70 2
FL 62 71 12
FL 62 76 91
FL 62 78 0
FL 62 80 348
FL 62 82 1
FL 64 1 1
FL 64 2 0
FL 64 5 13
FL 64 6 1
FL 64 8 1
FL 64 10 0
FL 64 12 17
FL 64 13 0
FL 64 14 1
FL 64 15 0
FL 64 16 7
FL 64 20 26
FL 64 21 0
FL 64 22 29
FL 64 23 15
FL 64 25 38
FL 64 26 25
FL 64 27 36
FL 64 30 29
FL 64 31 0
FL 64 32 0
FL 64 33 1
FL 64 36 0
FL 64 37 93
FL 64 40 15
FL 64 41 1
FL 64 44 3
FL 64 48 1
FL 64 50 5
FL 64 52 1
FL 64 54 1
FL 64 55 2
FL 64 57 63
FL 64 58 105
FL 64 60 5
FL 64 62 4
FL 64 65 10
FL 64 68 1
FL 64 69 5
FL 64 70 2
FL 64 71 10
FL 64 72 10
FL 64 74 1
FL 64 76 56
FL 64 77 36
FL 64 79 11
FL 64 81 1
FL 64 82 1
FL 64 83 70
FL 65 1 347
FL 65 2 0
FL 65 5 15
FL 65 6 1
FL 65 8 1
FL 65 10 2
FL 65 11 1
FL 65 12 17
FL 65 13 0
FL 65 14 2
FL 65 15 0
FL 65 16 5
FL 65 17 0
FL 65 21 0
FL 65 22 15
FL 65 23 15
FL 65 25 22
FL 65 26 51
FL 65 27 30
FL 65 30 38
FL 65 31 0
FL 65 32 0
FL 65 33 0
FL 65 37 15
FL 65 40 16
FL 65 41 1
FL 65 44 3
FL 65 48 0
FL 65 50 3
FL 65 52 2
FL 65 54 1
FL 65 55 2
FL 65 57 31
FL 65 58 76
FL 65 60 1
FL 65 62 3
FL 65 64 2
FL 65 68 2
FL 65 69 4
FL 65 70 1
FL 65 71 10
FL 65 72 54
FL 65 74 1
FL 65 76 67
FL 65 77 59
FL 65 78 0
FL 65 79 12
FL 65 81 1
FL 65 82 1
FL 65 83 202
FL 67 1 4
FL 67 4 0
FL 67 5 15
FL 67 6 1
FL 67 7 1
FL 67 8 1
FL 67 9 0
FL 67 10 1
FL 67 11 1
FL 67 12 18
FL 67 13 0
FL 67 16 10
FL 67 17 0
FL 67 18 45
FL 67 19 40
FL 67 20 27
FL 67 21 1
FL 67 22 23
FL 67 23 18
FL 67 24 34
FL 67 25 19
FL 67 26 37
FL 67 30 31
FL 67 31 0
FL 67 33 1
FL 67 35 10
FL 67 36 0
FL 67 38 12
FL 67 39 0
FL 67 40 18
FL 67 42 0
FL 67 43 76
FL 67 46 96
FL 67 47 40
FL 67 49 0
FL 67 52 2
FL 67 53 83
FL 67 54 1
FL 67 55 4
FL 67 56 0
FL 67 61 37
FL 67 66 18
FL 67 68 1
FL 67 72 21
FL 67 73 0
FL 67 74 2
FL 67 77 51
FL 67 79 14
FL 67 81 1
FL 68 1 3
FL 68 2 0
FL 68 4 0
FL 68 5 16
FL 68 6 1
FL 68 7 0
FL 68 8 1
FL 68 9 0
FL 68 10 1
FL 68 11 1
FL 68 12 19
FL 68 13 0
FL 68 14 5
FL 68 15 0
FL 68 16 10
FL 68 17 0
FL 68 18 34
FL 68 19 79
FL 68 20 57
FL 68 21 2
FL 68 22 23
FL 68 23 18
FL 68 24 95
FL 68 25 24
FL 68 26 42
FL 68 27 17
FL 68 30 42
FL 68 31 0
FL 68 32 1
FL 68 33 2
FL 68 34 2
FL 68 35 10
FL 68 36 0
FL 68 37 63
FL 68 38 13
FL 68 39 0
FL 68 40 18
FL 68 41 1
FL 68 42 0
FL 68 43 67
FL 68 44 6
FL 68 46 185
FL 68 47 147
FL 68 48 3
FL 68 49 0
FL 68 50 6
FL 68 52 1
FL 68 53 58
FL 68 54 1
FL 68 55 6
FL 68 56 0
FL 68 57 29
FL 68 58 84
FL 68 60 6
FL 68 61 58
FL 68 64 1
FL 68 65 10
FL 68 66 55
FL 68 67 1
FL 68 69 6
FL 68 70 5
FL 68 71 12
FL 68 72 31
FL 68 74 1
FL 68 77 58
FL 68 79 16
FL 68 81 1
FL 69 1 1
FL 69 2 1
FL 69 5 13
FL 69 6 1
FL 69 7 2
FL 69 8 1
FL 69 9 0
FL 69 10 2
FL 69 12 16
FL 69 13 0
FL 69 14 3
FL 69 15 1
FL 69 17 0
FL 69 18 35
FL 69 22 74
FL 69 25 125
FL 69 26 64
FL 69 27 56
FL 69 30 44
FL 69 31 1
FL 69 32 1
FL 69 33 1
FL 69 36 0
FL 69 37 161
FL 69 40 15
FL 69 41 1
FL 69 43 67
FL 69 44 5
FL 69 48 1
FL 69 50 5
FL 69 52 2
FL 69 53 23
FL 69 54 1
FL 69 57 70
FL 69 58 33
FL 69 60 6
FL 69 62 5
FL 69 64 2
FL 69 65 11
FL 69 68 2
FL 69 70 5
FL 69 74 1
FL 69 77 50
FL 69 79 12
FL 69 81 1
FL 69 82 2
FL 70 1 5
FL 70 2 1
FL 70 5 15
FL 70 6 1
FL 70 7 1
FL 70 8 1
FL 70 10 2
FL 70 11 1
FL 70 12 16
FL 70 13 0
FL 70 14 2
FL 70 15 1
FL 70 16 11
FL 70 17 0
FL 70 19 23
FL 70 20 114
FL 70 21 4
FL 70 22 17
FL 70 23 17
FL 70 25 22
FL 70 26 70
FL 70 27 52
FL 70 30 49
FL 70 31 1
FL 70 32 2
FL 70 33 830
FL 70 34 2
FL 70 37 55
FL 70 40 17
FL 70 41 1
FL 70 44 6
FL 70 48 3
FL 70 50 9
FL 70 52 1
FL 70 54 1
FL 70 55 3
FL 70 57 57
FL 70 58 75
FL 70 60 8
FL 70 62 6
FL 70 64 1
FL 70 65 12
FL 70 68 1
FL 70 69 6
FL 70 71 12
FL 70 72 16
FL 70 74 1
FL 70 76 113
FL 70 77 39
FL 70 78 0
FL 70 79 17
FL 70 81 1
FL 70 82 0
FL 71 1 2
FL 71 2 1
FL 71 5 8
FL 71 6 1
FL 71 7 0
FL 71 8 1
FL 71 9 0
FL 71 11 1
FL 71 13 0
FL 71 14 1
FL 71 15 1
FL 71 16 4
FL 71 17 0
FL 71 19 32
FL 71 20 35
FL 71 21 2
FL 71 23 12
FL 71 25 14
FL 71 26 30
FL 71 27 38
FL 71 30 8
FL 71 32 1
FL 71 34 1
FL 71 37 96
FL 71 40 14
FL 71 41 1
FL 71 42 0
FL 71 44 3
FL 71 47 146
FL 71 48 2
FL 71 50 1
FL 71 52 1
FL 71 54 1
FL 71 55 2
FL 71 58 166
FL 71 60 2
FL 71 62 5
FL 71 64 2
FL 71 65 7
FL 71 66 60
FL 71 68 2
FL 71 70 0
FL 71 72 71
FL 71 73 0
FL 71 74 2
FL 71 76 71
FL 71 77 35
FL 71 78 0
FL 71 79 11
FL 71 81 2
FL 71 83 107
FL 72 9 0
FL 72 12 17
FL 72 13 0
FL 72 14 4
FL 72 21 535
FL 72 22 608
FL 72 25 37
FL 72 31 2
FL 72 33 6
FL 72 34 2
FL 72 41 1
FL 72 42 0
FL 72 44 9
FL 72 47 55
FL 72 50 13
FL 72 55 9
FL 72 70 9
FL 72 73 0
FL 72 76 65
FL 72 79 16
FL 72 86 0
FL 73 1 2
FL 73 5 2277
FL 73 6 1
FL 73 7 1
FL 73 11 2
FL 73 16 10
FL 73 19 19
FL 73 20 85
FL 73 21 0
FL 73 23 2481
FL 73 25 28
FL 73 26 43
FL 73 30 400
FL 73 34 1
FL 73 42 0
FL 73 47 103
FL 73 52 2
FL 73 55 12
FL 73 67 1
FL 73 71 13
FL 73 72 68
FL 73 74 1
FL 73 77 67
FL 74 57 67
FL 74 64 2
FL 74 65 14
FL 74 69 10
FL 74 73 7431
FL 76 77 60
FL 77 15 2
FL 77 24 31
FL 77 38 34
FL 77 57 1910
FL 77 69 9
FL 77 76 59
FL 78 2 2
FL 78 13 0
FL 78 14 8591
FL 78 15 2
FL 78 16 1640
FL 78 19 1944
FL 78 23 18
FL 78 27 64
FL 78 32 2350
FL 78 41 1
FL 78 48 1035
FL 78 50 8882
FL 78 55 5059
FL 78 58 62
FL 78 60 955
FL 78 62 1278
FL 78 65 12
FL 78 70 2366
FL 78 71 15
FL 78 76 64
FL 78 80 243
FL 78 83 65
FL 79 1 2
FL 79 2 1
FL 79 5 9
FL 79 6 1
FL 79 7 0
FL 79 8 1
FL 79 9 1
FL 79 10 1
FL 79 11 1
FL 79 12 15
FL 79 13 0
FL 79 14 8
FL 79 15 2
FL 79 16 8
FL 79 17 0
FL 79 18 12
FL 79 19 17
FL 79 20 73
FL 79 21 4
FL 79 22 16
FL 79 23 12
FL 79 24 104
FL 79 25 10
FL 79 26 76
FL 79 27 60
FL 79 30 46
FL 79 31 1
FL 79 32 7
FL 79 33 1
FL 79 34 1
FL 79 35 9
FL 79 36 0
FL 79 37 41
FL 79 38 13
FL 79 39 0
FL 79 40 9
FL 79 41 1
FL 79 42 0
FL 79 43 100
FL 79 44 6
FL 79 46 20
FL 79 48 5
FL 79 49 0
FL 79 50 10
FL 79 52 2
FL 79 53 99
FL 79 54 1
FL 79 55 11
FL 79 56 0
FL 79 57 36
FL 79 61 48
FL 79 64 2
FL 79 65 11
FL 79 66 65
FL 79 67 1
FL 79 68 1
FL 79 69 6
FL 79 70 9
FL 79 71 12
FL 79 72 26
FL 79 74 1
FL 79 77 50
FL 79 81 2
FL 80 16 19
FL 80 27 19
FL 80 60 20
FL 80 62 14
FL 80 76 32
FL 80 78 0
FL 80 83 89
FL 81 1 7
FL 81 2 1
FL 81 4 0
FL 81 5 16
FL 81 6 2
FL 81 7 0
FL 81 8 1
FL 81 9 1
FL 81 10 1
FL 81 11 1
FL 81 12 19
FL 81 13 0
FL 81 14 14
FL 81 15 1
FL 81 16 14
FL 81 17 0
FL 81 18 21
FL 81 19 75
FL 81 20 169
FL 81 21 5
FL 81 22 18
FL 81 23 19
FL 81 24 99
FL 81 25 34
FL 81 26 19
FL 81 27 53
FL 81 30 53
FL 81 31 0
FL 81 32 10
FL 81 33 9
FL 81 34 3
FL 81 35 10
FL 81 36 0
FL 81 37 67
FL 81 40 19
FL 81 41 0
FL 81 42 0
FL 81 43 79
FL 81 44 14
FL 81 48 6
FL 81 50 16
FL 81 52 0
FL 81 53 23
FL 81 54 1
FL 81 55 19
FL 81 56 0
FL 81 57 51
FL 81 58 115
FL 81 60 10
FL 81 61 47
FL 81 64 2
FL 81 65 17
FL 81 66 64
FL 81 67 0
FL 81 68 0
FL 81 69 12
FL 81 70 18
FL 81 71 16
FL 81 72 53
FL 81 74 1
FL 81 77 34
FL 81 79 21
FL 81 82 1
FL 82 2 1
FL 82 8 1
FL 82 10 0
FL 82 12 19
FL 82 13 0
FL 82 14 15
FL 82 15 0
FL 82 16 15
FL 82 23 19
FL 82 31 0
FL 82 32 9
FL 82 37 70
FL 82 40 20
FL 82 41 1
FL 82 44 14
FL 82 48 7
FL 82 50 18
FL 82 57 37
FL 82 58 29
FL 82 60 13
FL 82 62 10
FL 82 64 2
FL 82 65 19
FL 82 69 13
FL 82 70 19
FL 82 76 59
FL 82 81 1
FL 82 83 139
FL 83 21 9
FL 83 52 2
FL 86 1 12
FL 86 8 2
FL 86 9 2
FL 86 11 2
FL 86 23 29
FL 86 25 26
FL 86 26 12
FL 86 42 0
FL 86 72 53
FL 86 77 38
FU 0 40 1
FU 0 82 1998
FU 0 5 1
FU 0 62 3
FU 0 6 1993
FU 0 70 1
FU 0 41 1990
FU 0 64 1995
FU 0 52 1984
FU 0 68 1986
FU 0 67 1991
FU 0 44 6
FU 0 55 5
FU 0 42 1
FU 0 48 1
FU 0 81 1991
FU 0 54 1998
FU 0 60 3
FU 0 36 1
FU 0 1 5
FU 0 71 2
FU 0 21 1
FU 0 34 1
FU 0 86 1997
FU 0 50 11
FU 0 32 2
FU 0 69 5
FU 0 10 1995
FU 0 16 1
FU 0 38 3
FU 0 8 1979
FU 0 15 1994
FU 0 14 1
FU 0 33 1
FU 0 2 1992
FU 0 49 1
FU 0 56 1
FU 0 65 1
FU 0 35 2
FU 0 73 1
FU 0 7 2
FU 0 78 1
FU 0 31 1999
FU 0 17 1
FU 0 12 1
FU 0 9 1
FU 0 7 2
FU 0 11 1994
FU 0 4 1995
FU 0 79 4
FU 0 23 2
FU 0 3 2000
FU 0 18 66
FU 0 19 61
FU 0 20 45
FU 0 22 37
FU 0 24 43
FU 0 25 31
FU 0 26 57
FU 0 27 111
FU 0 28 2000
FU 0 29 2000
FU 0 30 57
FU 0 37 39
FU 0 39 1
FU 0 43 47
FU 0 45 2000
FU 0 46 109
FU 0 47 87
FU 0 51 2000
FU 0 53 69
FU 0 57 6
FU 0 58 163
FU 0 59 2000
FU 0 61 67
FU 0 63 2000
FU 0 66 29
FU 0 72 66
FU 0 74 1
FU 0 75 2000
FU 0 76 124
FU 0 77 41
FU 0 80 272
FU 0 83 180
FU 0 84 2000
FU 0 85 2000
FU 0 87 2000
FU 0 88 2000
FU 0 89 2000
FU 0 90 2000
FU 1 4 5
FU 1 5 1
FU 1 6 0
FU 1 7 0
FU 1 8 2
FU 1 9 0
FU 1 11 1
FU 1 12 0
FU 1 13 0
FU 1 14 0
FU 1 16 2
FU 1 17 0
FU 1 18 125
FU 1 19 39
FU 1 20 45
FU 1 21 0
FU 1 22 46
FU 1 23 1
FU 1 24 74
FU 1 25 23
FU 1 26 86
FU 1 27 122
FU 1 30 35
FU 1 31 0
FU 1 33 2
FU 1 34 1
FU 1 35 4
FU 1 36 0
FU 1 37 101
FU 1 38 11
FU 1 39 0
FU 1 40 2
FU 1 41 1
FU 1 42 0
FU 1 43 97
FU 1 44 2
FU 1 46 100
FU 1 47 162
FU 1 48 380
FU 1 49 0
FU 1 50 9
FU 1 52 2
FU 1 53 78
FU 1 54 0
FU 1 55 10
FU 1 56 0
FU 1 57 3
FU 1 61 60
FU 1 64 0
FU 1 65 3
FU 1 66 75
FU 1 67 1
FU 1 68 0
FU 1 69 12
FU 1 70 7
FU 1 71 1
FU 1 72 58
FU 1 73 0
FU 1 74 0
FU 1 77 8
FU 1 79 6
FU 1 81 0
FU 1 86 3
FU 2 6 0
FU 2 10 0
FU 2 11 0
FU 2 12 0
FU 2 13 0
FU 2 14 0
FU 2 15 0
FU 2 16 0
FU 2 17 0
FU 2 23 0
FU 2 27 45
FU 2 30 44
FU 2 31 0
FU 2 32 0
FU 2 37 31
FU 2 40 0
FU 2 41 0
FU 2 44 0
FU 2 48 0
FU 2 50 3
FU 2 52 0
FU 2 57 22
FU 2 58 76
FU 2 60 1
FU 2 62 0
FU 2 64 0
FU 2 65 0
FU 2 68 1
FU 2 69 1
FU 2 70 0
FU 2 71 0
FU 2 76 48
FU 2 77 49
FU 2 78 0
FU 2 79 0
FU 2 81 0
FU 2 82 0
FU 4 1 0
FU 4 5 0
FU 4 6 0
FU 4 7 0
FU 4 8 0
FU 4 9 0
FU 4 17 0
FU 4 18 40
FU 4 21 0
FU 4 22 12
FU 4 24 47
FU 4 31 0
FU 4 33 0
FU 4 35 0
FU 4 36 0
FU 4 38 0
FU 4 39 0
FU 4 40 0
FU 4 42 0
FU 4 43 18
FU 4 46 120
FU 4 49 0
FU 4 52 0
FU 4 53 22
FU 4 54 0
FU 4 56 0
FU 4 61 48
FU 4 66 40
FU 4 67 0
FU 4 68 0
FU 4 72 35
FU 4 74 0
FU 4 77 2
FU 4 81 0
FU 5 1 0
FU 5 4 0
FU 5 6 0
FU 5 7 0
FU 5 8 0
FU 5 9 0
FU 5 10 0
FU 5 11 0
FU 5 12 0
FU 5 13 0
FU 5 14 0
FU 5 16 0
FU 5 17 0
FU 5 18 52
FU 5 19 43
FU 5 20 37
FU 5 21 0
FU 5 22 31
FU 5 23 0
FU 5 24 48
FU 5 25 2
FU 5 26 31
FU 5 27 20
FU 5 30 27
FU 5 31 0
FU 5 33 0
FU 5 34 0
FU 5 35 0
FU 5 36 0
FU 5 37 56
FU 5 38 0
FU 5 39 0
FU 5 40 0
FU 5 42 0
FU 5 43 60
FU 5 44 0
FU 5 46 100
FU 5 47 58
FU 5 49 0
FU 5 50 0
FU 5 52 0
FU 5 53 33
FU 5 54 0
FU 5 55 0
FU 5 56 0
FU 5 57 1
FU 5 61 46
FU 5 64 0
FU 5 65 0
FU 5 66 54
FU 5 67 0
FU 5 68 0
FU 5 69 0
FU 5 70 0
FU 5 71 0
FU 5 72 9
FU 5 73 0
FU 5 74 0
FU 5 77 2
FU 5 79 0
FU 5 81 0
FU 6 1 0
FU 6 2 0
FU 6 4 0
FU 6 5 0
FU 6 7 0
FU 6 8 0
FU 6 9 0
FU 6 10 0
FU 6 11 0
FU 6 12 0
FU 6 13 0
FU 6 14 0
FU 6 15 0
FU 6 17 0
FU 6 18 28
FU 6 19 15
FU 6 20 54
FU 6 21 0
FU 6 22 19
FU 6 23 0
FU 6 24 46
FU 6 25 14
FU 6 26 31
FU 6 27 50
FU 6 30 7
FU 6 33 0
FU 6 34 0
FU 6 35 0
FU 6 36 0
FU 6 37 24
FU 6 38 0
FU 6 39 0
FU 6 42 0
FU 6 43 33
FU 6 44 0
FU 6 48 0
FU 6 50 0
FU 6 52 0
FU 6 53 33
FU 6 54 0
FU 6 56 0
FU 6 57 0
FU 6 64 0
FU 6 65 0
FU 6 66 12
FU 6 67 0
FU 6 68 0
FU 6 69 0
FU 6 70 0
FU 6 71 0
FU 6 72 16
FU 6 73 0
FU 6 74 0
FU 6 77 81
FU 6 79 0
FU 6 81 0
FU 7 1 0
FU 7 4 0
FU 7 5 0
FU 7 6 0
FU 7 8 0
FU 7 9 0
FU 7 11 0
FU 7 12 0
FU 7 13 0
FU 7 14 0
FU 7 16 0
FU 7 17 0
FU 7 18 43
FU 7 19 25
FU 7 20 34
FU 7 21 0
FU 7 22 13
FU 7 23 0
FU 7 24 49
FU 7 25 33
FU 7 26 30
FU 7 27 25
FU 7 30 37
FU 7 31 0
FU 7 33 0
FU 7 34 0
FU 7 35 0
FU 7 36 0
FU 7 38 0
FU 7 39 0
FU 7 40 0
FU 7 41 0
FU 7 42 0
FU 7 43 71
FU 7 44 749
FU 7 46 51
FU 7 47 180
FU 7 49 0
FU 7 52 0
FU 7 53 49
FU 7 54 0
FU 7 55 0
FU 7 56 0
FU 7 61 38
FU 7 66 88
FU 7 67 0
FU 7 68 0
FU 7 69 535
FU 7 70 0
FU 7 71 0
FU 7 72 9
FU 7 73 0
FU 7 74 0
FU 7 77 0
FU 7 79 0
FU 7 81 0
FU 8 1 0
FU 8 4 0
FU 8 5 0
FU 8 6 0
FU 8 7 0
FU 8 9 0
FU 8 10 0
FU 8 11 0
FU 8 12 0
FU 8 13 0
FU 8 14 0
FU 8 15 0
FU 8 16 0
FU 8 17 0
FU 8 18 44
FU 8 19 21
FU 8 20 52
FU 8 21 0
FU 8 22 14
FU 8 23 0
FU 8 24 68
FU 8 25 24
FU 8 26 34
FU 8 27 59
FU 8 30 43
FU 8 31 0
FU 8 32 0
FU 8 33 0
FU 8 34 0
FU 8 35 0
FU 8 36 0
FU 8 37 60
FU 8 38 1
FU 8 39 0
FU 8 40 0
FU 8 41 0
FU 8 42 0
FU 8 43 28
FU 8 44 0
FU 8 46 115
FU 8 47 66
FU 8 49 0
FU 8 50 0
FU 8 52 0
FU 8 53 18
FU 8 54 0
FU 8 55 0
FU 8 56 0
FU 8 57 53
FU 8 61 80
FU 8 64 0
FU 8 65 0
FU 8 66 30
FU 8 67 0
FU 8 68 0
FU 8 69 0
FU 8 70 0
FU 8 71 0
FU 8 72 73
FU 8 74 0
FU 8 77 31
FU 8 79 0
FU 8 81 0
FU 8 82 0
FU 8 86 0
FU 9 1 0
FU 9 4 0
FU 9 5 0
FU 9 6 0
FU 9 7 0
FU 9 8 0
FU 9 10 0
FU 9 11 0
FU 9 12 0
FU 9 13 0
FU 9 17 0
FU 9 18 49
FU 9 20 113
FU 9 21 0
FU 9 22 56
FU 9 23 0
FU 9 24 84
FU 9 25 16
FU 9 26 23
FU 9 27 44
FU 9 30 36
FU 9 31 0
FU 9 33 0
FU 9 34 0
FU 9 35 0
FU 9 36 0
FU 9 38 11
FU 9 39 0
FU 9 40 0
FU 9 41 0
FU 9 42 0
FU 9 43 53
FU 9 44 0
FU 9 46 82
FU 9 49 0
FU 9 52 0
FU 9 53 16
FU 9 54 0
FU 9 56 0
FU 9 57 27
FU 9 61 61
FU 9 66 111
FU 9 67 0
FU 9 68 0
FU 9 69 0
FU 9 71 0
FU 9 72 25
FU 9 74 0
FU 9 77 12
FU 9 79 1
FU 9 81 0
FU 9 86 0
FU 10 2 0
FU 10 5 0
FU 10 6 0
FU 10 8 0
FU 10 9 0
FU 10 12 0
FU 10 13 0
FU 10 14 0
FU 10 15 0
FU 10 18 73
FU 10 22 43
FU 10 26 33
FU 10 27 49
FU 10 30 23
FU 10 31 0
FU 10 32 0
FU 10 33 0
FU 10 37 48
FU 10 40 0
FU 10 41 0
FU 10 44 0
FU 10 48 0
FU 10 50 0
FU 10 52 0
FU 10 53 35
FU 10 54 0
FU 10 56 0
FU 10 57 61
FU 10 58 80
FU 10 60 0
FU 10 61 76
FU 10 62 0
FU 10 64 0
FU 10 65 0
FU 10 67 0
FU 10 68 0
FU 10 69 0
FU 10 70 0
FU 10 74 0
FU 10 76 38
FU 10 77 71
FU 10 79 0
FU 10 81 0
FU 10 82 0
FU 11 1 0
FU 11 2 0
FU 11 5 0
FU 11 6 0
FU 11 7 0
FU 11 8 0
FU 11 9 0
FU 11 12 0
FU 11 13 0
FU 11 14 0
FU 11 16 0
FU 11 17 0
FU 11 19 19
FU 11 20 96
FU 11 21 0
FU 11 23 0
FU 11 25 32
FU 11 26 27
FU 11 27 32
FU 11 30 45
FU 11 32 0
FU 11 34 0
FU 11 37 30
FU 11 40 0
FU 11 41 0
FU 11 42 0
FU 11 47 139
FU 11 52 0
FU 11 54 0
FU 11 55 0
FU 11 61 106
FU 11 65 0
FU 11 66 85
FU 11 67 0
FU 11 68 0
FU 11 70 0
FU 11 71 0
FU 11 72 11
FU 11 73 0
FU 11 74 0
FU 11 77 0
FU 11 79 0
FU 11 81 0
FU 11 86 0
FU 12 1 0
FU 12 2 0
FU 12 5 0
FU 12 6 0
FU 12 7 0
FU 12 8 0
FU 12 9 0
FU 12 10 0
FU 12 11 0
FU 12 13 0
FU 12 14 0
FU 12 15 0
FU 12 16 0
FU 12 17 0
FU 12 18 39
FU 12 19 30
FU 12 22 46
FU 12 23 0
FU 12 24 131
FU 12 25 8
FU 12 26 60
FU 12 27 53
FU 12 30 40
FU 12 31 0
FU 12 32 0
FU 12 33 0
FU 12 34 0
FU 12 35 0
FU 12 36 0
FU 12 37 65
FU 12 38 0
FU 12 39 0
FU 12 40 0
FU 12 41 0
FU 12 42 0
FU 12 43 71
FU 12 44 0
FU 12 48 0
FU 12 50 0
FU 12 52 0
FU 12 53 20
FU 12 54 0
FU 12 56 0
FU 12 57 61
FU 12 58 20
FU 12 60 0
FU 12 61 41
FU 12 62 0
FU 12 64 0
FU 12 65 0
FU 12 66 72
FU 12 67 0
FU 12 68 0
FU 12 69 0
FU 12 70 0
FU 12 72 47
FU 12 74 0
FU 12 76 183
FU 12 77 11
FU 12 79 0
FU 12 81 0
FU 12 82 0
FU 12 83 160
FU 13 1 1001
FU 13 2 8
FU 13 5 5
FU 13 6 7
FU 13 7 0
FU 13 8 19
FU 13 9 1737
FU 13 10 5
FU 13 11 5
FU 13 12 6
FU 13 14 0
FU 13 15 6
FU 13 16 13
FU 13 17 1999
FU 13 18 524
FU 13 19 132
FU 13 20 100
FU 13 21 751
FU 13 22 754
FU 13 23 9
FU 13 25 651
FU 13 26 42
FU 13 27 257
FU 13 30 281
FU 13 31 1
FU 13 32 4
FU 13 33 802
FU 13 34 1117
FU 13 36 1737
FU 13 37 94
FU 13 39 1999
FU 13 40 8
FU 13 41 9
FU 13 42 1999
FU 13 43 78
FU 13 44 16
FU 13 46 108
FU 13 48 7
FU 13 49 1999
FU 13 50 18
FU 13 52 14
FU 13 53 596
FU 13 54 2
FU 13 56 1999
FU 13 57 24
FU 13 58 108
FU 13 60 8
FU 13 61 512
FU 13 62 8
FU 13 64 5
FU 13 65 7
FU 13 66 51
FU 13 67 8
FU 13 68 13
FU 13 69 15
FU 13 70 12
FU 13 71 2
FU 13 72 706
FU 13 74 1809
FU 13 76 65
FU 13 77 28
FU 13 78 1999
FU 13 79 13
FU 13 81 9
FU 13 82 2
FU 13 0 2000
FU 14 1 0
FU 14 2 0
FU 14 5 0
FU 14 6 0
FU 14 7 1999
FU 14 8 0
FU 14 10 0
FU 14 11 0
FU 14 12 0
FU 14 13 0
FU 14 15 0
FU 14 16 0
FU 14 17 0
FU 14 19 26
FU 14 20 73
FU 14 21 0
FU 14 22 9
FU 14 23 0
FU 14 25 15
FU 14 26 27
FU 14 27 38
FU 14 30 14
FU 14 31 0
FU 14 32 0
FU 14 34 0
FU 14 37 27
FU 14 40 0
FU 14 41 0
FU 14 44 0
FU 14 48 0
FU 14 50 0
FU 14 52 0
FU 14 54 0
FU 14 55 0
FU 14 57 25
FU 14 58 86
FU 14 60 0
FU 14 62 0
FU 14 64 0
FU 14 65 0
FU 14 68 0
FU 14 69 271
FU 14 70 0
FU 14 71 0
FU 14 72 31
FU 14 74 0
FU 14 76 30
FU 14 77 1
FU 14 78 0
FU 14 79 0
FU 14 81 0
FU 14 82 0
FU 15 2 0
FU 15 6 0
FU 15 8 0
FU 15 10 0
FU 15 12 0
FU 15 13 0
FU 15 14 0
FU 15 16 0
FU 15 23 0
FU 15 26 55
FU 15 27 16
FU 15 30 15
FU 15 31 0
FU 15 32 0
FU 15 37 29
FU 15 40 0
FU 15 41 0
FU 15 44 0
FU 15 48 0
FU 15 50 0
FU 15 52 0
FU 15 54 0
FU 15 57 75
FU 15 58 72
FU 15 60 0
FU 15 62 0
FU 15 64 0
FU 15 65 0
FU 15 68 0
FU 15 69 0
FU 15 70 0
FU 15 71 0
FU 15 76 84
FU 15 77 43
FU 15 78 0
FU 15 79 0
FU 15 80 190
FU 15 81 0
FU 15 82 0
FU 15 83 83
FU 16 1 0
FU 16 2 0
FU 16 5 0
FU 16 7 0
FU 16 8 0
FU 16 11 0
FU 16 12 0
FU 16 13 0
FU 16 14 0
FU 16 15 0
FU 16 17 0
FU 16 19 17
FU 16 20 25
FU 16 21 0
FU 16 23 0
FU 16 25 17
FU 16 26 34
FU 16 27 46
FU 16 30 25
FU 16 32 0
FU 16 34 0
FU 16 37 28
FU 16 40 0
FU 16 41 0
FU 16 42 0
FU 16 44 0
FU 16 47 57
FU 16 48 0
FU 16 50 0
FU 16 52 0
FU 16 54 0
FU 16 55 0
FU 16 58 122
FU 16 60 0
FU 16 62 0
FU 16 64 0
FU 16 65 0
FU 16 66 43
FU 16 67 0
FU 16 68 0
FU 16 70 0
FU 16 71 0
FU 16 72 40
FU 16 73 0
FU 16 74 0
FU 16 76 90
FU 16 77 36
FU 16 78 0
FU 16 79 0
FU 16 80 225
FU 16 81 0
FU 16 82 0
FU 16 83 48
FU 17 1 0
FU 17 2 0
FU 17 4 0
FU 17 5 0
FU 17 6 0
FU 17 7 0
FU 17 8 0
FU 17 9 0
FU 17 11 0
FU 17 12 0
FU 17 13 0
FU 17 14 0
FU 17 16 0
FU 17 18 29
FU 17 19 13
FU 17 20 23
FU 17 21 0
FU 17 22 12
FU 17 23 0
FU 17 24 121
FU 17 25 16
FU 17 26 54
FU 17 30 18
FU 17 31 0
FU 17 33 0
FU 17 34 0
FU 17 35 0
FU 17 36 0
FU 17 37 78
FU 17 38 0
FU 17 39 0
FU 17 40 0
FU 17 42 0
FU 17 43 21
FU 17 44 0
FU 17 46 138
FU 17 47 66
FU 17 49 0
FU 17 52 0
FU 17 53 68
FU 17 54 0
FU 17 55 0
FU 17 56 0
FU 17 57 80
FU 17 61 58
FU 17 65 0
FU 17 66 21
FU 17 67 0
FU 17 68 0
FU 17 69 0
FU 17 70 0
FU 17 71 0
FU 17 72 41
FU 17 74 0
FU 17 77 0
FU 17 79 0
FU 17 81 0
FU 18 4 0
FU 18 10 0
FU 18 21 241
FU 18 22 47
FU 18 24 42
FU 18 25 28
FU 18 26 42
FU 18 30 14
FU 18 35 0
FU 18 36 0
FU 18 40 0
FU 18 41 0
FU 18 53 23
FU 18 61 35
FU 18 69 369
FU 19 1 0
FU 19 12 0
FU 19 17 0
FU 19 21 0
FU 19 25 7
FU 19 26 27
FU 19 27 13
FU 19 37 30
FU 19 42 0
FU 19 47 75
FU 19 55 0
FU 19 70 0
FU 19 72 60
FU 19 78 0
FU 19 79 943
FU 20 37 25
FU 20 44 0
FU 20 70 0
FU 20 79 0
FU 21 1 0
FU 21 4 0
FU 21 5 0
FU 21 6 0
FU 21 7 0
FU 21 8 0
FU 21 9 0
FU 21 11 0
FU 21 13 0
FU 21 14 0
FU 21 16 0
FU 21 17 0
FU 21 18 171
FU 21 19 19
FU 21 20 30
FU 21 22 22
FU 21 23 0
FU 21 25 7
FU 21 26 35
FU 21 27 22
FU 21 30 10
FU 21 31 0
FU 21 33 0
FU 21 34 0
FU 21 36 0
FU 21 37 51
FU 21 40 0
FU 21 41 0
FU 21 42 0
FU 21 44 0
FU 21 47 69
FU 21 50 0
FU 21 52 0
FU 21 53 54
FU 21 54 0
FU 21 55 0
FU 21 64 0
FU 21 65 0
FU 21 66 63
FU 21 67 0
FU 21 68 0
FU 21 70 0
FU 21 71 0
FU 21 72 32
FU 21 73 0
FU 21 74 0
FU 21 76 92
FU 21 77 28
FU 21 79 0
FU 21 81 0
FU 21 83 78
FU 22 4 0
FU 22 9 0
FU 22 10 0
FU 22 13 0
FU 22 14 0
FU 22 17 0
FU 22 18 44
FU 22 21 0
FU 22 24 192
FU 22 26 52
FU 22 30 70
FU 22 35 0
FU 22 36 0
FU 22 38 0
FU 22 39 0
FU 22 40 0
FU 22 41 0
FU 22 42 0
FU 22 50 712
FU 22 52 0
FU 22 53 33
FU 22 56 0
FU 22 57 44
FU 22 61 82
FU 22 69 0
FU 22 70 0
FU 22 72 15
FU 22 74 0
FU 22 79 0
FU 23 1 0
FU 23 2 0
FU 23 5 0
FU 23 6 0
FU 23 7 0
FU 23 8 0
FU 23 9 0
FU 23 11 0
FU 23 12 0
FU 23 13 0
FU 23 14 0
FU 23 15 0
FU 23 16 0
FU 23 17 0
FU 23 18 33
FU 23 19 6
FU 23 20 98
FU 23 21 0
FU 23 22 9
FU 23 25 39
FU 23 26 45
FU 23 27 48
FU 23 30 45
FU 23 31 0
FU 23 32 0
FU 23 33 0
FU 23 34 0
FU 23 37 55
FU 23 40 0
FU 23 41 0
FU 23 42 0
FU 23 43 104
FU 23 44 0
FU 23 47 53
FU 23 48 0
FU 23 50 0
FU 23 52 0
FU 23 53 19
FU 23 54 0
FU 23 55 0
FU 23 56 0
FU 23 58 84
FU 23 60 0
FU 23 61 47
FU 23 62 0
FU 23 64 0
FU 23 65 0
FU 23 66 78
FU 23 67 0
FU 23 68 0
FU 23 70 0
FU 23 71 0
FU 23 72 42
FU 23 73 0
FU 23 74 0
FU 23 76 37
FU 23 77 7
FU 23 78 0
FU 23 79 0
FU 23 80 100
FU 23 81 0
FU 23 82 0
FU 23 83 107
FU 23 86 0
FU 24 77 35
FU 25 32 0
FU 25 43 391
FU 25 60 626
FU 25 61 51
FU 25 69 417
FU 27 9 0
FU 27 36 0
FU 27 50 0
FU 27 53 27
FU 27 62 0
FU 27 76 53
FU 27 78 0
FU 27 80 263
FU 27 83 133
FU 30 35 0
FU 30 38 0
FU 30 47 128
FU 30 48 226
FU 30 57 11
FU 30 69 0
FU 30 73 0
FU 31 1 0
FU 31 2 0
FU 31 4 0
FU 31 5 0
FU 31 7 0
FU 31 8 0
FU 31 9 0
FU 31 10 0
FU 31 12 0
FU 31 13 0
FU 31 14 0
FU 31 15 0
FU 31 17 0
FU 31 18 37
FU 31 21 0
FU 31 22 46
FU 31 23 0
FU 31 24 24
FU 31 25 13
FU 31 26 40
FU 31 27 58
FU 31 30 23
FU 31 33 0
FU 31 35 0
FU 31 36 0
FU 31 37 21
FU 31 38 0
FU 31 39 0
FU 31 42 0
FU 31 43 64
FU 31 44 0
FU 31 48 0
FU 31 50 0
FU 31 52 0
FU 31 53 52
FU 31 54 0
FU 31 56 0
FU 31 57 9
FU 31 64 0
FU 31 65 0
FU 31 66 96
FU 31 67 0
FU 31 68 0
FU 31 69 0
FU 31 70 0
FU 31 72 32
FU 31 74 0
FU 31 77 9
FU 31 79 0
FU 31 81 0
FU 31 82 0
FU 32 2 0
FU 32 8 0
FU 32 10 0
FU 32 11 0
FU 32 12 0
FU 32 13 0
FU 32 14 0
FU 32 15 0
FU 32 16 0
FU 32 23 0
FU 32 25 10
FU 32 26 42
FU 32 27 28
FU 32 30 20
FU 32 37 19
FU 32 44 0
FU 32 48 0
FU 32 50 0
FU 32 52 0
FU 32 54 0
FU 32 57 63
FU 32 60 0
FU 32 62 0
FU 32 64 0
FU 32 65 0
FU 32 68 0
FU 32 69 0
FU 32 70 0
FU 32 71 0
FU 32 76 63
FU 32 77 115
FU 32 78 0
FU 32 79 0
FU 32 81 0
FU 32 82 0
FU 32 83 132
FU 33 1 0
FU 33 4 0
FU 33 5 0
FU 33 6 0
FU 33 7 0
FU 33 8 0
FU 33 9 0
FU 33 10 0
FU 33 12 0
FU 33 13 0
FU 33 17 0
FU 33 18 32
FU 33 21 0
FU 33 22 11
FU 33 23 0
FU 33 24 47
FU 33 25 15
FU 33 26 67
FU 33 27 53
FU 33 30 17
FU 33 31 0
FU 33 35 0
FU 33 36 0
FU 33 37 26
FU 33 38 0
FU 33 39 0
FU 33 40 0
FU 33 41 0
FU 33 42 0
FU 33 43 73
FU 33 44 0
FU 33 46 51
FU 33 48 521
FU 33 49 0
FU 33 50 239
FU 33 52 0
FU 33 53 37
FU 33 54 0
FU 33 56 0
FU 33 57 24
FU 33 61 38
FU 33 64 0
FU 33 65 1989
FU 33 66 84
FU 33 67 0
FU 33 68 0
FU 33 69 0
FU 33 70 849
FU 33 72 44
FU 33 74 0
FU 33 77 1
FU 33 79 0
FU 33 81 0
FU 34 1 0
FU 34 5 0
FU 34 6 0
FU 34 7 0
FU 34 8 0
FU 34 9 0
FU 34 11 0
FU 34 12 0
FU 34 13 0
FU 34 14 0
FU 34 16 0
FU 34 17 0
FU 34 19 41
FU 34 20 66
FU 34 21 0
FU 34 23 0
FU 34 25 12
FU 34 26 19
FU 34 27 37
FU 34 30 8
FU 34 40 0
FU 34 41 0
FU 34 42 0
FU 34 44 381
FU 34 47 71
FU 34 52 0
FU 34 54 0
FU 34 55 0
FU 34 66 84
FU 34 68 0
FU 34 70 0
FU 34 71 0
FU 34 72 25
FU 34 73 0
FU 34 74 0
FU 34 77 109
FU 34 79 0
FU 34 81 0
FU 35 1 0
FU 35 4 0
FU 35 5 0
FU 35 6 0
FU 35 7 0
FU 35 8 0
FU 35 9 0
FU 35 12 0
FU 35 17 0
FU 35 18 29
FU 35 22 17
FU 35 24 106
FU 35 26 33
FU 35 30 51
FU 35 31 0
FU 35 33 0
FU 35 36 0
FU 35 38 0
FU 35 39 0
FU 35 40 0
FU 35 41 0
FU 35 42 0
FU 35 43 68
FU 35 46 102
FU 35 49 0
FU 35 52 0
FU 35 53 61
FU 35 54 0
FU 35 56 0
FU 35 61 94
FU 35 66 50
FU 35 67 0
FU 35 68 0
FU 35 74 0
FU 35 79 0
FU 35 81 0
FU 36 1 0
FU 36 4 0
FU 36 5 0
FU 36 6 0
FU 36 7 0
FU 36 8 0
FU 36 9 0
FU 36 12 0
FU 36 13 0
FU 36 17 0
FU 36 18 36
FU 36 21 0
FU 36 22 23
FU 36 24 46
FU 36 25 11
FU 36 26 80
FU 36 27 52
FU 36 30 23
FU 36 31 0
FU 36 33 0
FU 36 35 0
FU 36 38 0
FU 36 39 0
FU 36 40 0
FU 36 41 0
FU 36 42 0
FU 36 43 79
FU 36 44 0
FU 36 46 161
FU 36 49 0
FU 36 52 0
FU 36 53 54
FU 36 54 0
FU 36 56 0
FU 36 57 89
FU 36 61 16
FU 36 64 0
FU 36 66 90
FU 36 67 0
FU 36 68 0
FU 36 69 0
FU 36 74 0
FU 36 77 12
FU 36 79 0
FU 36 81 0
FU 37 19 12
FU 37 20 119
FU 37 33 0
FU 38 1 0
FU 38 4 0
FU 38 5 0
FU 38 6 0
FU 38 7 0
FU 38 8 0
FU 38 9 0
FU 38 12 0
FU 38 17 0
FU 38 18 29
FU 38 22 43
FU 38 24 57
FU 38 26 26
FU 38 30 13
FU 38 31 0
FU 38 33 0
FU 38 35 0
FU 38 36 0
FU 38 39 0
FU 38 40 0
FU 38 42 0
FU 38 43 46
FU 38 46 144
FU 38 49 0
FU 38 52 0
FU 38 53 65
FU 38 54 0
FU 38 56 0
FU 38 61 37
FU 38 66 39
FU 38 67 0
FU 38 68 0
FU 38 74 0
FU 38 77 259
FU 38 79 0
FU 39 40 1989
FU 39 42 0
FU 40 1 0
FU 40 2 0
FU 40 4 0
FU 40 5 0
FU 40 7 0
FU 40 8 0
FU 40 9 0
FU 40 10 0
FU 40 11 0
FU 40 12 0
FU 40 13 0
FU 40 14 0
FU 40 15 0
FU 40 16 0
FU 40 17 0
FU 40 18 47
FU 40 19 63
FU 40 20 66
FU 40 21 0
FU 40 22 32
FU 40 23 0
FU 40 24 58
FU 40 25 14
FU 40 26 26
FU 40 27 35
FU 40 30 9
FU 40 33 0
FU 40 34 0
FU 40 35 1994
FU 40 36 0
FU 40 37 44
FU 40 38 1001
FU 40 39 0
FU 40 42 0
FU 40 43 10
FU 40 44 0
FU 40 48 0
FU 40 50 0
FU 40 52 0
FU 40 53 13
FU 40 54 0
FU 40 56 0
FU 40 57 89
FU 40 60 0
FU 40 64 0
FU 40 65 0
FU 40 66 90
FU 40 67 0
FU 40 68 0
FU 40 69 0
FU 40 70 0
FU 40 71 0
FU 40 72 16
FU 40 74 0
FU 40 76 25
FU 40 77 27
FU 40 79 0
FU 40 81 0
FU 40 82 0
FU 40 83 112
FU 41 1 0
FU 41 2 0
FU 41 7 0
FU 41 8 0
FU 41 9 0
FU 41 10 0
FU 41 11 0
FU 41 12 0
FU 41 13 0
FU 41 14 0
FU 41 15 0
FU 41 16 0
FU 41 18 53
FU 41 19 24
FU 41 20 45
FU 41 21 0
FU 41 22 5
FU 41 23 0
FU 41 24 31
FU 41 25 7
FU 41 26 42
FU 41 27 20
FU 41 30 6
FU 41 33 0
FU 41 34 0
FU 41 35 0
FU 41 36 0
FU 41 37 49
FU 41 39 0
FU 41 42 0
FU 41 43 39
FU 41 44 0
FU 41 48 0
FU 41 50 0
FU 41 52 0
FU 41 53 15
FU 41 54 0
FU 41 56 0
FU 41 57 68
FU 41 60 0
FU 41 62 0
FU 41 64 0
FU 41 65 0
FU 41 68 0
FU 41 69 0
FU 41 70 0
FU 41 71 0
FU 41 72 15
FU 41 74 0
FU 41 76 122
FU 41 77 32
FU 41 78 0
FU 41 79 0
FU 41 81 0
FU 41 82 0
FU 41 83 72
FU 42 1 0
FU 42 4 0
FU 42 5 0
FU 42 6 0
FU 42 7 0
FU 42 8 0
FU 42 9 0
FU 42 11 0
FU 42 12 1993
FU 42 13 0
FU 42 16 0
FU 42 17 0
FU 42 18 40
FU 42 19 50
FU 42 20 35
FU 42 21 0
FU 42 22 23
FU 42 23 0
FU 42 24 30
FU 42 25 16
FU 42 26 28
FU 42 30 16
FU 42 31 0
FU 42 33 0
FU 42 34 0
FU 42 35 0
FU 42 36 0
FU 42 38 948
FU 42 39 0
FU 42 40 0
FU 42 41 0
FU 42 43 79
FU 42 46 36
FU 42 47 94
FU 42 49 0
FU 42 52 0
FU 42 53 15
FU 42 54 0
FU 42 55 0
FU 42 56 0
FU 42 61 44
FU 42 66 70
FU 42 67 0
FU 42 68 0
FU 42 71 0
FU 42 72 22
FU 42 73 0
FU 42 74 0
FU 42 77 84
FU 42 79 0
FU 42 81 0
FU 42 86 0
FU 43 25 30
FU 43 69 371
FU 44 1 0
FU 44 2 0
FU 44 5 0
FU 44 6 0
FU 44 7 0
FU 44 8 0
FU 44 9 0
FU 44 10 0
FU 44 12 0
FU 44 13 0
FU 44 14 0
FU 44 15 0
FU 44 16 0
FU 44 17 0
FU 44 18 46
FU 44 20 51
FU 44 21 0
FU 44 22 31
FU 44 23 0
FU 44 25 27
FU 44 26 92
FU 44 27 26
FU 44 30 34
FU 44 31 0
FU 44 32 0
FU 44 33 0
FU 44 34 881
FU 44 36 0
FU 44 37 49
FU 44 40 0
FU 44 41 0
FU 44 43 38
FU 44 48 0
FU 44 50 0
FU 44 52 0
FU 44 53 30
FU 44 54 0
FU 44 55 895
FU 44 57 87
FU 44 58 51
FU 44 60 0
FU 44 61 38
FU 44 62 0
FU 44 64 0
FU 44 65 0
FU 44 68 0
FU 44 69 0
FU 44 70 0
FU 44 71 0
FU 44 72 57
FU 44 74 0
FU 44 76 92
FU 44 77 2
FU 44 79 0
FU 44 81 0
FU 44 82 0
FU 48 1 422
FU 48 2 0
FU 48 6 0
FU 48 10 0
FU 48 12 0
FU 48 13 0
FU 48 14 0
FU 48 15 0
FU 48 16 0
FU 48 23 0
FU 48 27 22
FU 48 30 60
FU 48 31 0
FU 48 32 0
FU 48 33 0
FU 48 37 50
FU 48 40 0
FU 48 41 0
FU 48 44 0
FU 48 50 0
FU 48 52 0
FU 48 54 0
FU 48 57 22
FU 48 58 146
FU 48 60 0
FU 48 62 0
FU 48 64 0
FU 48 65 0
FU 48 68 0
FU 48 69 0
FU 48 70 0
FU 48 71 0
FU 48 76 38
FU 48 78 0
FU 48 79 0
FU 48 80 143
FU 48 81 0
FU 48 82 0
FU 49 1 0
FU 49 4 0
FU 49 5 0
FU 49 7 0
FU 49 8 0
FU 49 9 0
FU 49 13 0
FU 49 17 0
FU 49 18 76
FU 49 22 24
FU 49 24 170
FU 49 26 7
FU 49 30 43
FU 49 33 0
FU 49 35 0
FU 49 36 0
FU 49 38 0
FU 49 39 0
FU 49 42 0
FU 49 43 37
FU 49 52 0
FU 49 53 48
FU 49 54 0
FU 49 56 0
FU 49 66 78
FU 49 67 0
FU 49 68 0
FU 49 74 0
FU 49 77 1
FU 49 79 0
FU 50 1 226
FU 50 2 0
FU 50 5 0
FU 50 6 0
FU 50 8 0
FU 50 10 0
FU 50 12 0
FU 50 13 0
FU 50 14 0
FU 50 15 0
FU 50 16 978
FU 50 21 0
FU 50 22 24
FU 50 23 0
FU 50 25 10
FU 50 26 63
FU 50 27 28
FU 50 30 61
FU 50 31 0
FU 50 32 0
FU 50 33 928
FU 50 37 38
FU 50 40 0
FU 50 41 0
FU 50 44 0
FU 50 48 229
FU 50 52 0
FU 50 54 0
FU 50 57 54
FU 50 58 31
FU 50 60 647
FU 50 62 415
FU 50 64 0
FU 50 65 0
FU 50 68 0
FU 50 69 0
FU 50 70 0
FU 50 71 1993
FU 50 72 14
FU 50 76 82
FU 50 77 26
FU 50 78 0
FU 50 79 0
FU 50 81 0
FU 50 82 0
FU 50 83 94
FU 52 1 0
FU 52 2 0
FU 52 4 0
FU 52 5 0
FU 52 6 0
FU 52 7 0
FU 52 8 0
FU 52 9 0
FU 52 10 0
FU 52 11 0
FU 52 12 0
FU 52 13 0
FU 52 14 0
FU 52 15 0
FU 52 16 0
FU 52 17 0
FU 52 18 28
FU 52 19 54
FU 52 20 83
FU 52 21 0
FU 52 22 41
FU 52 23 0
FU 52 24 21
FU 52 25 16
FU 52 26 26
FU 52 27 20
FU 52 30 28
FU 52 31 0
FU 52 32 0
FU 52 33 0
FU 52 34 0
FU 52 35 0
FU 52 36 0
FU 52 37 69
FU 52 38 0
FU 52 39 0
FU 52 40 0
FU 52 41 0
FU 52 42 0
FU 52 43 19
FU 52 44 0
FU 52 46 106
FU 52 47 113
FU 52 48 0
FU 52 49 0
FU 52 50 0
FU 52 53 25
FU 52 54 0
FU 52 55 0
FU 52 56 0
FU 52 57 79
FU 52 58 67
FU 52 60 0
FU 52 61 52
FU 52 64 0
FU 52 65 0
FU 52 66 53
FU 52 67 0
FU 52 68 0
FU 52 69 0
FU 52 70 0
FU 52 71 0
FU 52 72 15
FU 52 73 0
FU 52 74 0
FU 52 77 0
FU 52 79 0
FU 52 81 0
FU 52 83 100
FU 53 21 532
FU 53 27 52
FU 53 57 107
FU 54 1 0
FU 54 4 0
FU 54 5 0
FU 54 6 0
FU 54 7 0
FU 54 8 0
FU 54 9 0
FU 54 10 0
FU 54 11 0
FU 54 12 0
FU 54 13 0
FU 54 14 0
FU 54 15 0
FU 54 16 0
FU 54 17 0
FU 54 18 25
FU 54 19 64
FU 54 20 55
FU 54 21 0
FU 54 22 12
FU 54 23 0
FU 54 24 57
FU 54 25 22
FU 54 26 47
FU 54 27 59
FU 54 30 68
FU 54 31 0
FU 54 32 0
FU 54 33 0
FU 54 34 0
FU 54 35 0
FU 54 36 0
FU 54 37 33
FU 54 38 0
FU 54 39 0
FU 54 40 0
FU 54 41 0
FU 54 42 0
FU 54 43 14
FU 54 44 0
FU 54 46 38
FU 54 47 68
FU 54 48 0
FU 54 49 0
FU 54 50 0
FU 54 52 0
FU 54 53 9
FU 54 55 0
FU 54 56 0
FU 54 57 52
FU 54 58 58
FU 54 60 0
FU 54 61 20
FU 54 64 0
FU 54 65 0
FU 54 66 37
FU 54 67 0
FU 54 68 0
FU 54 69 0
FU 54 70 0
FU 54 71 0
FU 54 72 24
FU 54 74 0
FU 54 77 17
FU 54 79 0
FU 54 81 0
FU 55 1 0
FU 55 5 0
FU 55 7 0
FU 55 8 0
FU 55 11 0
FU 55 14 0
FU 55 16 0
FU 55 17 0
FU 55 19 40
FU 55 20 69
FU 55 21 0
FU 55 23 0
FU 55 25 45
FU 55 26 49
FU 55 27 28
FU 55 30 37
FU 55 34 0
FU 55 37 37
FU 55 42 0
FU 55 44 846
FU 55 52 0
FU 55 54 0
FU 55 62 623
FU 55 64 0
FU 55 65 0
FU 55 66 25
FU 55 67 0
FU 55 68 0
FU 55 70 0
FU 55 71 0
FU 55 72 15
FU 55 73 0
FU 55 74 0
FU 55 76 28
FU 55 77 4
FU 55 78 0
FU 55 79 1033
FU 55 81 0
FU 56 1 0
FU 56 4 0
FU 56 5 0
FU 56 6 0
FU 56 7 0
FU 56 8 0
FU 56 9 0
FU 56 10 0
FU 56 12 0
FU 56 13 0
FU 56 17 0
FU 56 18 24
FU 56 22 48
FU 56 23 0
FU 56 24 39
FU 56 26 21
FU 56 30 69
FU 56 31 0
FU 56 33 0
FU 56 35 0
FU 56 36 0
FU 56 38 0
FU 56 39 0
FU 56 40 0
FU 56 41 0
FU 56 42 0
FU 56 43 10
FU 56 46 133
FU 56 49 0
FU 56 52 0
FU 56 53 57
FU 56 54 0
FU 56 61 62
FU 56 66 72
FU 56 67 0
FU 56 68 0
FU 56 74 0
FU 56 79 0
FU 56 81 0
FU 57 9 262
FU 57 17 0
FU 57 36 262
FU 57 53 21
FU 57 62 141
FU 57 69 0
FU 57 74 190
FU 57 77 173
FU 60 2 0
FU 60 10 0
FU 60 12 0
FU 60 13 0
FU 60 14 0
FU 60 15 0
FU 60 16 0
FU 60 23 0
FU 60 25 19
FU 60 27 11
FU 60 32 0
FU 60 37 27
FU 60 40 0
FU 60 41 0
FU 60 44 0
FU 60 48 0
FU 60 50 0
FU 60 52 0
FU 60 54 0
FU 60 57 77
FU 60 58 32
FU 60 62 0
FU 60 64 0
FU 60 65 0
FU 60 68 0
FU 60 69 0
FU 60 70 0
FU 60 71 0
FU 60 76 35
FU 60 78 0
FU 60 80 225
FU 60 81 0
FU 60 82 0
FU 60 83 37
FU 61 25 407
FU 62 2 0
FU 62 10 0
FU 62 12 0
FU 62 13 0
FU 62 14 0
FU 62 15 0
FU 62 16 0
FU 62 23 0
FU 62 27 48
FU 62 32 0
FU 62 37 61
FU 62 41 0
FU 62 44 0
FU 62 48 0
FU 62 50 0
FU 62 55 0
FU 62 57 57
FU 62 58 57
FU 62 60 0
FU 62 64 0
FU 62 65 0
FU 62 69 0
FU 62 70 0
FU 62 71 0
FU 62 76 89
FU 62 78 0
FU 62 80 345
FU 62 82 0
FU 64 1 0
FU 64 2 0
FU 64 5 0
FU 64 6 0
FU 64 8 0
FU 64 10 0
FU 64 12 0
FU 64 13 0
FU 64 14 0
FU 64 15 0
FU 64 16 0
FU 64 20 26
FU 64 21 0
FU 64 22 26
FU 64 23 0
FU 64 25 35
FU 64 26 25
FU 64 27 43
FU 64 30 28
FU 64 31 0
FU 64 32 0
FU 64 33 0
FU 64 36 0
FU 64 37 96
FU 64 40 0
FU 64 41 0
FU 64 44 0
FU 64 48 0
FU 64 50 0
FU 64 52 0
FU 64 54 0
FU 64 55 0
FU 64 57 78
FU 64 58 108
FU 64 60 0
FU 64 62 0
FU 64 65 0
FU 64 68 0
FU 64 69 0
FU 64 70 0
FU 64 71 0
FU 64 72 7
FU 64 74 0
FU 64 76 57
FU 64 77 27
FU 64 79 0
FU 64 81 0
FU 64 82 0
FU 64 83 67
FU 65 1 346
FU 65 2 0
FU 65 5 0
FU 65 6 0
FU 65 8 0
FU 65 10 0
FU 65 11 0
FU 65 12 0
FU 65 13 0
FU 65 14 0
FU 65 15 0
FU 65 16 0
FU 65 17 0
FU 65 21 0
FU 65 22 13
FU 65 23 0
FU 65 25 44
FU 65 26 51
FU 65 27 34
FU 65 30 35
FU 65 31 0
FU 65 32 0
FU 65 33 0
FU 65 37 13
FU 65 40 0
FU 65 41 0
FU 65 44 0
FU 65 48 0
FU 65 50 0
FU 65 52 0
FU 65 54 0
FU 65 55 0
FU 65 57 1
FU 65 58 83
FU 65 60 0
FU 65 62 0
FU 65 64 0
FU 65 68 0
FU 65 69 0
FU 65 70 0
FU 65 71 0
FU 65 72 67
FU 65 74 0
FU 65 76 67
FU 65 77 80
FU 65 78 0
FU 65 79 0
FU 65 81 0
FU 65 82 0
FU 65 83 202
FU 67 1 0
FU 67 4 0
FU 67 5 0
FU 67 6 0
FU 67 7 0
FU 67 8 0
FU 67 9 0
FU 67 10 0
FU 67 11 0
FU 67 12 0
FU 67 13 0
FU 67 16 0
FU 67 17 0
FU 67 18 36
FU 67 19 40
FU 67 20 34
FU 67 21 0
FU 67 22 35
FU 67 23 0
FU 67 24 33
FU 67 25 15
FU 67 26 38
FU 67 30 34
FU 67 31 0
FU 67 33 0
FU 67 35 0
FU 67 36 0
FU 67 38 0
FU 67 39 0
FU 67 40 0
FU 67 42 0
FU 67 43 71
FU 67 46 96
FU 67 47 47
FU 67 49 0
FU 67 52 0
FU 67 53 76
FU 67 54 0
FU 67 55 0
FU 67 56 0
FU 67 61 46
FU 67 66 17
FU 67 68 0
FU 67 72 23
FU 67 73 0
FU 67 74 0
FU 67 77 53
FU 67 79 0
FU 67 81 0
FU 68 1 0
FU 68 2 0
FU 68 4 0
FU 68 5 0
FU 68 6 0
FU 68 7 0
FU 68 8 0
FU 68 9 0
FU 68 10 0
FU 68 11 0
FU 68 12 0
FU 68 13 0
FU 68 14 0
FU 68 15 0
FU 68 16 0
FU 68 17 0
FU 68 18 34
FU 68 19 61
FU 68 20 55
FU 68 21 0
FU 68 22 30
FU 68 23 0
FU 68 24 88
FU 68 25 32
FU 68 26 38
FU 68 27 25
FU 68 30 39
FU 68 31 0
FU 68 32 0
FU 68 33 0
FU 68 34 0
FU 68 35 0
FU 68 36 0
FU 68 37 59
FU 68 38 1
FU 68 39 0
FU 68 40 0
FU 68 41 0
FU 68 42 0
FU 68 43 64
FU 68 44 0
FU 68 46 181
FU 68 47 141
FU 68 48 0
FU 68 49 0
FU 68 50 0
FU 68 52 0
FU 68 53 73
FU 68 54 0
FU 68 55 0
FU 68 56 0
FU 68 57 1
FU 68 58 84
FU 68 60 0
FU 68 61 51
FU 68 64 0
FU 68 65 0
FU 68 66 56
FU 68 67 0
FU 68 69 0
FU 68 70 0
FU 68 71 0
FU 68 72 29
FU 68 74 0
FU 68 77 104
FU 68 79 0
FU 68 81 0
FU 69 1 0
FU 69 2 0
FU 69 5 0
FU 69 6 0
FU 69 7 0
FU 69 8 0
FU 69 9 0
FU 69 10 0
FU 69 12 0
FU 69 13 0
FU 69 14 0
FU 69 15 0
FU 69 17 0
FU 69 18 36
FU 69 22 82
FU 69 25 60
FU 69 26 67
FU 69 27 42
FU 69 30 39
FU 69 31 0
FU 69 32 0
FU 69 33 0
FU 69 36 0
FU 69 37 129
FU 69 40 0
FU 69 41 0
FU 69 43 38
FU 69 44 0
FU 69 48 0
FU 69 50 0
FU 69 52 0
FU 69 53 25
FU 69 54 0
FU 69 57 62
FU 69 58 32
FU 69 60 0
FU 69 62 0
FU 69 64 0
FU 69 65 0
FU 69 68 0
FU 69 70 0
FU 69 74 0
FU 69 77 18
FU 69 79 0
FU 69 81 0
FU 69 82 0
FU 70 1 0
FU 70 2 0
FU 70 5 0
FU 70 6 0
FU 70 7 0
FU 70 8 0
FU 70 10 0
FU 70 11 0
FU 70 12 0
FU 70 13 0
FU 70 14 0
FU 70 15 0
FU 70 16 0
FU 70 17 0
FU 70 19 19
FU 70 20 120
FU 70 21 0
FU 70 22 17
FU 70 23 0
FU 70 25 15
FU 70 26 64
FU 70 27 34
FU 70 30 46
FU 70 31 0
FU 70 32 0
FU 70 33 267
FU 70 34 0
FU 70 37 52
FU 70 40 0
FU 70 41 0
FU 70 44 0
FU 70 48 0
FU 70 50 0
FU 70 52 0
FU 70 54 0
FU 70 55 0
FU 70 57 37
FU 70 58 77
FU 70 60 0
FU 70 62 0
FU 70 64 0
FU 70 65 0
FU 70 68 0
FU 70 69 0
FU 70 71 0
FU 70 72 16
FU 70 74 0
FU 70 76 115
FU 70 77 104
FU 70 78 0
FU 70 79 0
FU 70 81 0
FU 70 82 0
FU 71 1 0
FU 71 2 0
FU 71 5 0
FU 71 6 0
FU 71 7 0
FU 71 8 0
FU 71 9 0
FU 71 11 0
FU 71 13 0
FU 71 14 0
FU 71 15 0
FU 71 16 0
FU 71 17 0
FU 71 19 30
FU 71 20 38
FU 71 21 0
FU 71 23 0
FU 71 25 31
FU 71 26 30
FU 71 27 43
FU 71 30 8
FU 71 32 0
FU 71 34 0
FU 71 37 95
FU 71 40 0
FU 71 41 0
FU 71 42 0
FU 71 44 0
FU 71 47 159
FU 71 48 0
FU 71 50 0
FU 71 52 0
FU 71 54 0
FU 71 55 0
FU 71 58 168
FU 71 60 0
FU 71 62 0
FU 71 64 0
FU 71 65 0
FU 71 66 64
FU 71 68 0
FU 71 70 0
FU 71 72 71
FU 71 73 0
FU 71 74 0
FU 71 76 65
FU 71 77 3
FU 71 78 0
FU 71 79 0
FU 71 81 0
FU 71 83 105
FU 72 9 0
FU 72 12 0
FU 72 13 0
FU 72 14 0
FU 72 21 475
FU 72 22 224
FU 72 25 52
FU 72 31 0
FU 72 33 0
FU 72 34 0
FU 72 41 0
FU 72 42 0
FU 72 44 0
FU 72 47 61
FU 72 50 0
FU 72 55 0
FU 72 70 0
FU 72 73 0
FU 72 76 68
FU 72 79 0
FU 72 86 0
FU 73 1 0
FU 73 5 1993
FU 73 6 0
FU 73 7 0
FU 73 11 0
FU 73 16 0
FU 73 19 21
FU 73 20 88
FU 73 21 0
FU 73 23 1988
FU 73 25 34
FU 73 26 38
FU 73 30 205
FU 73 34 0
FU 73 42 0
FU 73 47 106
FU 73 52 0
FU 73 55 3
FU 73 67 0
FU 73 71 1
FU 73 72 56
FU 73 74 0
FU 73 77 97
FU 74 57 30
FU 74 64 0
FU 74 65 0
FU 74 69 0
FU 74 73 1999
FU 76 77 120
FU 77 15 0
FU 77 24 46
FU 77 38 16
FU 77 57 266
FU 77 69 0
FU 77 76 55
FU 78 2 0
FU 78 13 0
FU 78 14 1999
FU 78 15 0
FU 78 16 1006
FU 78 19 962
FU 78 23 0
FU 78 27 49
FU 78 32 1994
FU 78 41 0
FU 78 48 636
FU 78 50 1004
FU 78 55 1087
FU 78 58 57
FU 78 60 710
FU 78 62 810
FU 78 65 0
FU 78 70 1131
FU 78 71 0
FU 78 76 61
FU 78 80 237
FU 78 83 65
FU 79 1 0
FU 79 2 0
FU 79 5 0
FU 79 6 0
FU 79 7 0
FU 79 8 0
FU 79 9 0
FU 79 10 0
FU 79 11 0
FU 79 12 0
FU 79 13 0
FU 79 14 0
FU 79 15 0
FU 79 16 0
FU 79 17 0
FU 79 18 15
FU 79 19 12
FU 79 20 65
FU 79 21 0
FU 79 22 13
FU 79 23 0
FU 79 24 109
FU 79 25 5
FU 79 26 81
FU 79 27 56
FU 79 30 44
FU 79 31 0
FU 79 32 0
FU 79 33 0
FU 79 34 0
FU 79 35 0
FU 79 36 0
FU 79 37 32
FU 79 38 8
FU 79 39 0
FU 79 40 0
FU 79 41 0
FU 79 42 0
FU 79 43 106
FU 79 44 0
FU 79 46 29
FU 79 48 0
FU 79 49 0
FU 79 50 0
FU 79 52 0
FU 79 53 101
FU 79 54 0
FU 79 55 0
FU 79 56 0
FU 79 57 16
FU 79 61 37
FU 79 64 0
FU 79 65 0
FU 79 66 61
FU 79 67 0
FU 79 68 0
FU 79 69 1
FU 79 70 0
FU 79 71 0
FU 79 72 26
FU 79 74 0
FU 79 77 33
FU 79 81 0
FU 80 16 0
FU 80 27 8
FU 80 60 5
FU 80 62 0
FU 80 76 34
FU 80 78 0
FU 80 83 91
FU 81 1 0
FU 81 2 0
FU 81 4 0
FU 81 5 0
FU 81 6 0
FU 81 7 0
FU 81 8 0
FU 81 9 0
FU 81 10 0
FU 81 11 0
FU 81 12 0
FU 81 13 0
FU 81 14 0
FU 81 15 0
FU 81 16 0
FU 81 17 0
FU 81 18 17
FU 81 19 41
FU 81 20 160
FU 81 21 0
FU 81 22 10
FU 81 23 0
FU 81 24 93
FU 81 25 29
FU 81 26 22
FU 81 27 39
FU 81 30 50
FU 81 31 0
FU 81 32 0
FU 81 33 0
FU 81 34 0
FU 81 35 0
FU 81 36 0
FU 81 37 64
FU 81 40 0
FU 81 41 0
FU 81 42 0
FU 81 43 73
FU 81 44 0
FU 81 48 0
FU 81 50 0
FU 81 52 0
FU 81 53 30
FU 81 54 0
FU 81 55 0
FU 81 56 0
FU 81 57 75
FU 81 58 107
FU 81 60 0
FU 81 61 57
FU 81 64 0
FU 81 65 0
FU 81 66 82
FU 81 67 0
FU 81 68 0
FU 81 69 0
FU 81 70 0
FU 81 71 1
FU 81 72 55
FU 81 74 0
FU 81 77 1
FU 81 79 0
FU 81 82 0
FU 82 2 0
FU 82 8 0
FU 82 10 0
FU 82 12 0
FU 82 13 0
FU 82 14 0
FU 82 15 0
FU 82 16 0
FU 82 23 0
FU 82 31 0
FU 82 32 0
FU 82 37 66
FU 82 40 0
FU 82 41 0
FU 82 44 0
FU 82 48 0
FU 82 50 4
FU 82 57 64
FU 82 58 31
FU 82 60 0
FU 82 62 0
FU 82 64 0
FU 82 65 0
FU 82 69 3
FU 82 70 0
FU 82 76 60
FU 82 81 0
FU 82 83 134
FU 83 21 0
FU 83 52 0
FU 86 1 0
FU 86 8 0
FU 86 9 0
FU 86 11 0
FU 86 23 0
FU 86 25 11
FU 86 26 13
FU 86 42 0
FU 86 72 55
FU 86 77 3
