Nodes: 101
Arcs: 3792
Terminals_rem: 0
Nodes_rem: 4
Arcs_rem: 1412
First LB: 9
LB: 9
Iter. LB: 0
First UB: 32
UB: 27
Iter. UB: 112
gap: 66.6667
BM. Time: 0
Runtime: 1867
FL 0 74 13
FL 0 88 53
FL 0 21 88
FL 0 20 13
FL 0 6 12
FL 0 81 0
FL 0 94 10
FL 0 72 0
FL 0 56 11
FL 0 69 295
FL 0 87 2913
FL 0 8 34
FL 0 10 8
FL 0 58 92
FL 0 15 102
FL 0 28 14
FL 0 95 2708
FL 0 35 20
FL 0 49 13
FL 0 38 109
FL 0 86 2590
FL 0 36 54
FL 0 62 160
FL 0 42 17
FL 0 44 46
FL 0 90 0
FL 0 97 30
FL 0 99 2584
FL 0 53 3322
FL 0 92 14
FL 0 12 2978
FL 0 33 13
FL 0 11 132
FL 0 83 191
FL 0 23 13
FL 0 1 0
FL 0 100 31
FL 0 7 13
FL 0 37 17
FL 0 50 36
FL 0 34 3073
FL 0 41 3244
FL 0 30 15
FL 0 75 0
FL 0 63 4
FL 0 47 0
FL 0 79 7
FL 0 71 41
FL 0 77 13
FL 0 16 12
FL 0 19 16
FL 0 14 2906
FL 0 2 24
FL 0 3 1726
FL 0 4 168
FL 0 5 118
FL 0 9 44
FL 0 13 202
FL 0 17 2000
FL 0 22 282
FL 0 24 110
FL 0 25 61
FL 0 26 11
FL 0 27 200
FL 0 29 0
FL 0 31 1930
FL 0 32 106
FL 0 39 136
FL 0 40 2000
FL 0 43 124
FL 0 45 149
FL 0 46 137
FL 0 48 131
FL 0 51 137
FL 0 52 71
FL 0 54 131
FL 0 55 148
FL 0 57 70
FL 0 59 109
FL 0 60 90
FL 0 61 121
FL 0 64 21
FL 0 65 77
FL 0 66 65
FL 0 67 57
FL 0 68 146
FL 0 70 402
FL 0 73 131
FL 0 76 182
FL 0 78 2572
FL 0 80 2000
FL 0 82 137
FL 0 84 227
FL 0 85 215
FL 0 89 203
FL 0 91 204
FL 0 93 99
FL 0 96 3303
FL 0 98 2000
FL 1 2 37
FL 1 4 482
FL 1 5 67
FL 1 6 14
FL 1 7 15
FL 1 8 81
FL 1 9 169
FL 1 10 15
FL 1 13 163
FL 1 18 0
FL 1 19 19
FL 1 20 15
FL 1 23 14
FL 1 24 182
FL 1 26 15
FL 1 29 1
FL 1 30 17
FL 1 33 12
FL 1 34 30
FL 1 35 24
FL 1 36 123
FL 1 37 19
FL 1 39 196
FL 1 41 170
FL 1 42 21
FL 1 44 119
FL 1 45 209
FL 1 46 140
FL 1 47 0
FL 1 48 180
FL 1 49 14
FL 1 50 126
FL 1 51 153
FL 1 52 103
FL 1 54 149
FL 1 57 136
FL 1 58 177
FL 1 59 61
FL 1 60 165
FL 1 61 81
FL 1 64 21
FL 1 65 115
FL 1 66 156
FL 1 67 140
FL 1 68 75
FL 1 71 100
FL 1 73 117
FL 1 74 20
FL 1 75 0
FL 1 76 665
FL 1 77 16
FL 1 79 9
FL 1 82 159
FL 1 85 186
FL 1 88 81
FL 1 90 0
FL 1 92 24
FL 1 94 19
FL 1 95 35
FL 1 97 68
FL 1 100 145
FL 2 4 304
FL 2 6 12
FL 2 7 12
FL 2 19 16
FL 2 20 11
FL 2 22 52
FL 2 23 13
FL 2 24 190
FL 2 26 9
FL 2 29 0
FL 2 30 14
FL 2 34 0
FL 2 39 62
FL 2 42 18
FL 2 45 152
FL 2 46 107
FL 2 47 0
FL 2 48 62
FL 2 50 3019
FL 2 52 222
FL 2 54 67
FL 2 57 31
FL 2 60 73
FL 2 61 80
FL 2 68 72
FL 2 74 89
FL 2 75 0
FL 2 77 13
FL 2 82 110
FL 2 90 0
FL 2 92 12
FL 2 94 6
FL 3 4 189
FL 3 16 265
FL 3 26 288
FL 3 27 29
FL 3 28 192
FL 3 33 236
FL 3 62 1370
FL 3 63 4
FL 3 71 26
FL 3 72 0
FL 3 78 402
FL 3 83 12
FL 3 89 158
FL 3 96 71
FL 4 2 318
FL 4 3 45
FL 4 10 73
FL 4 11 10
FL 4 16 5
FL 4 19 63
FL 4 25 26
FL 4 26 1
FL 4 27 22
FL 4 29 0
FL 4 30 1
FL 4 31 58
FL 4 33 2
FL 4 37 139
FL 4 43 94
FL 4 44 5
FL 4 48 123
FL 4 49 0
FL 4 51 41
FL 4 52 56
FL 4 54 43
FL 4 56 3
FL 4 57 169
FL 4 60 248
FL 4 62 14
FL 4 69 19
FL 4 71 11
FL 4 72 0
FL 4 76 56
FL 4 78 34
FL 4 79 4
FL 4 81 0
FL 4 83 3
FL 4 87 0
FL 4 89 73
FL 4 95 0
FL 5 23 148
FL 5 30 0
FL 5 61 4
FL 5 77 0
FL 6 1 0
FL 6 2 1
FL 6 7 0
FL 6 9 46
FL 6 10 0
FL 6 18 0
FL 6 19 0
FL 6 20 0
FL 6 23 0
FL 6 24 11
FL 6 26 1
FL 6 29 0
FL 6 30 1
FL 6 34 0
FL 6 35 1
FL 6 37 0
FL 6 39 5
FL 6 42 1
FL 6 45 46
FL 6 46 2
FL 6 47 0
FL 6 48 63
FL 6 51 17
FL 6 52 39
FL 6 54 36
FL 6 57 14
FL 6 60 18
FL 6 61 54
FL 6 65 45
FL 6 66 102
FL 6 68 32
FL 6 73 83
FL 6 77 0
FL 6 82 34
FL 6 90 0
FL 6 92 1
FL 6 94 0
FL 6 97 2
FL 6 100 2
FL 7 1 0
FL 7 2 1
FL 7 6 0
FL 7 8 0
FL 7 9 44
FL 7 10 0
FL 7 13 48
FL 7 18 0
FL 7 19 0
FL 7 20 0
FL 7 22 1
FL 7 23 0
FL 7 24 36
FL 7 30 0
FL 7 32 122
FL 7 34 0
FL 7 36 1
FL 7 37 0
FL 7 38 1
FL 7 39 10
FL 7 41 0
FL 7 42 0
FL 7 44 0
FL 7 45 35
FL 7 46 4
FL 7 47 0
FL 7 48 34
FL 7 50 0
FL 7 51 38
FL 7 52 86
FL 7 54 45
FL 7 57 7
FL 7 58 2
FL 7 59 37
FL 7 60 8
FL 7 61 31
FL 7 64 1
FL 7 65 143
FL 7 66 5
FL 7 68 89
FL 7 73 60
FL 7 75 0
FL 7 76 66
FL 7 77 0
FL 7 82 47
FL 7 85 258
FL 7 88 2
FL 7 90 0
FL 7 92 1
FL 7 94 0
FL 7 97 0
FL 8 1 0
FL 8 7 1
FL 8 9 39
FL 8 20 3
FL 8 24 32
FL 8 32 82
FL 8 37 2
FL 8 38 9
FL 8 41 0
FL 8 45 25
FL 8 47 0
FL 8 48 37
FL 8 50 3
FL 8 51 61
FL 8 52 20
FL 8 53 0
FL 8 57 28
FL 8 58 12
FL 8 59 23
FL 8 60 14
FL 8 61 82
FL 8 69 14
FL 8 70 145
FL 8 75 0
FL 8 84 67
FL 8 88 7
FL 8 91 149
FL 8 94 0
FL 8 99 0
FL 9 86 0
FL 9 91 148
FL 10 1 0
FL 10 2 5
FL 10 4 49
FL 10 6 3
FL 10 7 3
FL 10 9 155
FL 10 18 0
FL 10 20 1
FL 10 24 33
FL 10 26 2
FL 10 29 0
FL 10 32 85
FL 10 34 0
FL 10 37 6
FL 10 38 10
FL 10 41 0
FL 10 42 45
FL 10 45 41
FL 10 46 18
FL 10 47 0
FL 10 48 14
FL 10 50 4
FL 10 51 23
FL 10 52 9
FL 10 53 0
FL 10 54 38
FL 10 57 20
FL 10 58 18
FL 10 59 51
FL 10 60 14
FL 10 61 44
FL 10 65 74
FL 10 69 21
FL 10 70 67
FL 10 75 0
FL 10 84 125
FL 10 88 9
FL 10 91 65
FL 10 94 0
FL 10 99 0
FL 11 3 25
FL 11 4 72
FL 11 5 42
FL 11 15 15
FL 11 16 2
FL 11 22 26
FL 11 25 46
FL 11 26 4
FL 11 27 88
FL 11 28 3
FL 11 31 44
FL 11 33 4
FL 11 43 81
FL 11 45 51
FL 11 49 1
FL 11 55 48
FL 11 56 1
FL 11 62 7
FL 11 63 0
FL 11 67 97
FL 11 71 14
FL 11 72 0
FL 11 74 7
FL 11 78 18
FL 11 79 2
FL 11 81 0
FL 11 83 3
FL 11 87 0
FL 12 24 80
FL 12 32 160
FL 12 36 26
FL 12 38 25
FL 12 41 0
FL 12 47 0
FL 12 50 9
FL 12 51 136
FL 12 53 0
FL 12 57 33
FL 12 58 32
FL 12 59 113
FL 12 60 47
FL 12 69 39
FL 12 70 87
FL 12 75 0
FL 12 84 86
FL 12 86 0
FL 12 88 18
FL 12 91 87
FL 12 99 0
FL 13 20 3
FL 14 24 26
FL 14 32 100
FL 14 36 33
FL 14 38 32
FL 14 41 0
FL 14 47 0
FL 14 50 15
FL 14 51 30
FL 14 53 0
FL 14 57 30
FL 14 58 40
FL 14 59 19
FL 14 60 59
FL 14 69 63
FL 14 70 158
FL 14 75 0
FL 14 84 153
FL 14 86 0
FL 14 88 23
FL 14 91 125
FL 14 99 0
FL 15 3 31
FL 15 11 9
FL 15 16 2
FL 15 22 20
FL 15 25 26
FL 15 27 20
FL 15 28 3
FL 15 31 47
FL 15 33 3
FL 15 36 16
FL 15 43 87
FL 15 45 43
FL 15 49 0
FL 15 51 70
FL 15 57 15
FL 15 67 79
FL 15 71 11
FL 15 74 4
FL 15 75 0
FL 15 78 10
FL 15 81 0
FL 15 83 1
FL 15 87 0
FL 15 89 90
FL 16 3 29
FL 16 4 57
FL 16 5 226
FL 16 11 1
FL 16 15 0
FL 16 18 0
FL 16 25 30
FL 16 26 378
FL 16 27 8
FL 16 31 5
FL 16 33 63
FL 16 35 132
FL 16 36 10
FL 16 43 86
FL 16 44 2
FL 16 45 67
FL 16 49 66
FL 16 56 96
FL 16 62 134
FL 16 63 0
FL 16 67 119
FL 16 69 3
FL 16 71 5
FL 16 74 1
FL 16 78 12
FL 16 79 139
FL 16 81 1
FL 16 83 0
FL 16 87 0
FL 16 89 227
FL 16 93 150
FL 16 95 0
FL 18 1 7865
FL 18 2 4459
FL 18 5 161
FL 18 6 934
FL 18 7 2152
FL 18 9 166
FL 18 10 1967
FL 18 16 2718
FL 18 19 1703
FL 18 20 985
FL 18 23 939
FL 18 25 1918
FL 18 26 3352
FL 18 27 5150
FL 18 28 3131
FL 18 29 23247
FL 18 30 2044
FL 18 33 2475
FL 18 34 62
FL 18 35 1897
FL 18 37 2345
FL 18 39 1128
FL 18 42 2558
FL 18 43 968
FL 18 45 81
FL 18 46 464
FL 18 47 7244
FL 18 48 750
FL 18 49 4249
FL 18 51 491
FL 18 52 363
FL 18 54 1307
FL 18 55 2632
FL 18 56 2764
FL 18 57 1724
FL 18 59 215
FL 18 60 896
FL 18 61 143
FL 18 63 1560
FL 18 65 75
FL 18 66 130
FL 18 67 355
FL 18 68 292
FL 18 72 20476
FL 18 73 229
FL 18 74 2678
FL 18 75 3298
FL 18 77 1341
FL 18 79 4248
FL 18 81 6067
FL 18 82 791
FL 18 90 2526
FL 18 92 3566
FL 18 94 1961
FL 18 95 103
FL 18 0 50657
FL 19 1 0
FL 19 2 1
FL 19 4 79
FL 19 6 180
FL 19 7 0
FL 19 9 56
FL 19 18 0
FL 19 20 0
FL 19 22 0
FL 19 23 0
FL 19 24 33
FL 19 26 1
FL 19 29 0
FL 19 30 0
FL 19 34 0
FL 19 35 0
FL 19 37 0
FL 19 39 27
FL 19 41 0
FL 19 42 29
FL 19 45 89
FL 19 46 48
FL 19 47 0
FL 19 48 55
FL 19 51 34
FL 19 52 78
FL 19 54 54
FL 19 57 40
FL 19 59 35
FL 19 60 26
FL 19 61 46
FL 19 65 46
FL 19 66 63
FL 19 68 45
FL 19 73 24
FL 19 77 1
FL 19 82 35
FL 19 90 0
FL 19 92 0
FL 19 94 0
FL 19 97 3
FL 19 100 4
FL 20 1 0
FL 20 2 1
FL 20 6 0
FL 20 7 0
FL 20 8 4
FL 20 10 0
FL 20 13 60
FL 20 18 0
FL 20 19 0
FL 20 23 0
FL 20 30 0
FL 20 34 0
FL 20 35 0
FL 20 37 0
FL 20 39 18
FL 20 41 0
FL 20 42 1
FL 20 45 30
FL 20 46 12
FL 20 47 0
FL 20 48 13
FL 20 50 0
FL 20 51 65
FL 20 54 42
FL 20 60 13
FL 20 61 38
FL 20 64 2
FL 20 65 22
FL 20 66 43
FL 20 68 64
FL 20 73 86
FL 20 75 0
FL 20 77 0
FL 20 82 34
FL 20 90 0
FL 20 92 0
FL 20 94 0
FL 20 97 1
FL 21 24 76
FL 21 32 33
FL 21 36 16
FL 21 38 10
FL 21 41 0
FL 21 47 0
FL 21 50 3
FL 21 51 16
FL 21 53 0
FL 21 57 34
FL 21 58 19
FL 21 59 89
FL 21 60 24
FL 21 69 29
FL 21 70 110
FL 21 75 0
FL 21 84 134
FL 21 86 0
FL 21 88 9
FL 21 91 115
FL 21 99 0
FL 22 2 5
FL 22 5 56
FL 22 7 5
FL 22 23 3
FL 22 25 92
FL 22 26 4
FL 22 27 74
FL 22 29 0
FL 22 30 2
FL 22 33 3
FL 22 39 24
FL 22 41 0
FL 22 42 6
FL 22 43 59
FL 22 50 6
FL 22 56 1
FL 22 58 1619
FL 22 60 48
FL 22 62 12
FL 22 63 999
FL 22 69 9006
FL 22 72 2
FL 22 77 2
FL 22 79 3
FL 22 82 52
FL 22 83 434
FL 22 87 0
FL 23 1 0
FL 23 2 1
FL 23 5 78
FL 23 6 0
FL 23 7 0
FL 23 18 0
FL 23 19 0
FL 23 20 0
FL 23 22 0
FL 23 24 30
FL 23 26 1
FL 23 29 0
FL 23 30 0
FL 23 34 0
FL 23 35 0
FL 23 37 0
FL 23 39 5
FL 23 42 1
FL 23 45 30
FL 23 46 7
FL 23 47 0
FL 23 48 26
FL 23 51 22
FL 23 52 81
FL 23 54 96
FL 23 57 45
FL 23 59 89
FL 23 60 7
FL 23 61 21
FL 23 65 48
FL 23 66 7
FL 23 68 69
FL 23 73 51
FL 23 77 0
FL 23 82 21
FL 23 90 0
FL 23 94 0
FL 24 42 6
FL 24 46 75
FL 24 82 29
FL 25 16 75
FL 25 27 11
FL 25 28 17
FL 25 33 51
FL 25 35 202
FL 25 36 739
FL 25 49 41
FL 25 55 32
FL 25 56 170
FL 25 72 0
FL 25 79 79
FL 25 81 0
FL 25 96 10
FL 26 19 75
FL 26 23 246
FL 26 47 0
FL 26 48 23
FL 26 60 9
FL 26 65 193
FL 26 77 382
FL 26 97 522
FL 26 100 2376
FL 27 3 2541
FL 27 4 49
FL 27 11 451
FL 27 16 217
FL 27 18 0
FL 27 22 0
FL 27 25 68
FL 27 28 84
FL 27 29 0
FL 27 35 166
FL 27 49 89
FL 27 55 36
FL 27 56 88
FL 27 62 209
FL 27 72 0
FL 27 78 193
FL 27 79 129
FL 27 81 0
FL 28 3 31
FL 28 5 108
FL 28 11 534
FL 28 15 1
FL 28 18 0
FL 28 22 2
FL 28 25 84
FL 28 26 1
FL 28 27 75
FL 28 31 38
FL 28 33 0
FL 28 35 162
FL 28 36 527
FL 28 43 42
FL 28 49 16
FL 28 55 54
FL 28 56 108
FL 28 62 41
FL 28 63 0
FL 28 67 11
FL 28 72 0
FL 28 74 2
FL 28 78 13
FL 28 79 73
FL 28 81 0
FL 28 83 0
FL 28 87 0
FL 28 89 362
FL 28 93 134
FL 28 95 0
FL 28 96 56
FL 29 2 1
FL 29 4 46
FL 29 6 0
FL 29 18 0
FL 29 19 0
FL 29 23 0
FL 29 27 84
FL 29 33 65
FL 29 34 0
FL 29 35 95
FL 29 39 2954
FL 29 42 4224
FL 29 46 3348
FL 29 47 0
FL 29 48 38
FL 29 49 40
FL 29 56 212
FL 29 58 1062
FL 29 61 54
FL 29 62 23
FL 29 64 5769
FL 29 65 115
FL 29 68 36
FL 29 71 2205
FL 29 72 0
FL 29 77 1
FL 29 78 84
FL 29 79 97
FL 29 81 0
FL 29 82 695
FL 29 92 0
FL 30 1 0
FL 30 2 1
FL 30 4 48
FL 30 5 49
FL 30 6 274
FL 30 7 0
FL 30 9 37
FL 30 18 0
FL 30 19 237
FL 30 20 1
FL 30 22 8
FL 30 23 0
FL 30 24 3
FL 30 26 1
FL 30 29 0
FL 30 34 0
FL 30 35 2
FL 30 37 0
FL 30 39 11
FL 30 45 13
FL 30 46 32
FL 30 48 47
FL 30 51 29
FL 30 52 42
FL 30 54 63
FL 30 57 12
FL 30 60 29
FL 30 61 102
FL 30 65 55
FL 30 66 85
FL 30 68 58
FL 30 73 27
FL 30 74 1
FL 30 77 1
FL 30 79 0
FL 30 82 60
FL 30 90 0
FL 30 92 1
FL 30 94 0
FL 30 95 0
FL 30 97 3
FL 30 100 11
FL 31 3 87
FL 31 4 81
FL 31 5 211
FL 31 11 19
FL 31 16 9
FL 31 25 78
FL 31 26 513
FL 31 28 7
FL 31 33 178
FL 31 43 22
FL 31 49 5
FL 31 55 55
FL 31 56 6
FL 31 62 21
FL 31 63 4
FL 31 71 26
FL 31 72 0
FL 31 74 11
FL 31 78 403
FL 31 89 134
FL 31 95 0
FL 31 96 1338
FL 32 68 64
FL 33 1 0
FL 33 3 18
FL 33 4 47
FL 33 5 104
FL 33 9 67
FL 33 11 4
FL 33 13 59
FL 33 15 2
FL 33 16 1
FL 33 18 0
FL 33 22 4
FL 33 25 93
FL 33 26 1
FL 33 27 33
FL 33 28 1
FL 33 29 0
FL 33 31 9
FL 33 35 0
FL 33 36 616
FL 33 43 173
FL 33 44 0
FL 33 45 71
FL 33 49 0
FL 33 51 5
FL 33 52 73
FL 33 55 68
FL 33 56 0
FL 33 62 7
FL 33 63 0
FL 33 67 34
FL 33 69 4
FL 33 71 9
FL 33 74 1
FL 33 78 13
FL 33 79 90
FL 33 81 0
FL 33 83 0
FL 33 87 0
FL 33 89 211
FL 33 93 89
FL 33 95 0
FL 34 1 0
FL 34 2 8
FL 34 6 6
FL 34 7 11
FL 34 9 21
FL 34 10 2
FL 34 18 0
FL 34 19 11
FL 34 20 6
FL 34 23 6
FL 34 24 52
FL 34 29 0
FL 34 30 8
FL 34 32 153
FL 34 35 9
FL 34 37 10
FL 34 38 12
FL 34 39 24
FL 34 41 0
FL 34 42 12
FL 34 45 21
FL 34 46 27
FL 34 47 0
FL 34 48 55
FL 34 52 151
FL 34 54 39
FL 34 57 20
FL 34 59 93
FL 34 60 32
FL 34 61 44
FL 34 65 63
FL 34 66 50
FL 34 68 48
FL 34 73 95
FL 34 77 5
FL 34 82 33
FL 34 88 9
FL 34 90 0
FL 34 92 12
FL 34 94 3
FL 34 97 14
FL 35 1 0
FL 35 2 1
FL 35 4 50
FL 35 6 0
FL 35 9 107
FL 35 16 115
FL 35 18 0
FL 35 19 0
FL 35 20 0
FL 35 22 4
FL 35 23 0
FL 35 25 61
FL 35 26 1
FL 35 27 21
FL 35 28 122
FL 35 29 0
FL 35 30 0
FL 35 33 0
FL 35 34 0
FL 35 37 0
FL 35 39 23
FL 35 42 1
FL 35 43 54
FL 35 45 50
FL 35 46 17
FL 35 48 54
FL 35 51 30
FL 35 52 39
FL 35 54 131
FL 35 55 54
FL 35 56 0
FL 35 57 35
FL 35 63 0
FL 35 65 43
FL 35 66 173
FL 35 68 83
FL 35 72 0
FL 35 73 149
FL 35 74 1
FL 35 77 1
FL 35 78 6
FL 35 79 1
FL 35 81 0
FL 35 82 32
FL 35 90 0
FL 35 92 1
FL 35 94 0
FL 35 95 0
FL 35 96 28
FL 35 97 2
FL 35 100 11
FL 36 1 0
FL 36 5 58
FL 36 7 2
FL 36 9 70
FL 36 12 0
FL 36 14 0
FL 36 15 12
FL 36 16 4
FL 36 21 9
FL 36 22 21
FL 36 24 26
FL 36 25 26
FL 36 28 73
FL 36 31 57
FL 36 33 2
FL 36 41 0
FL 36 44 3
FL 36 48 40
FL 36 49 120
FL 36 51 28
FL 36 52 59
FL 36 58 17
FL 36 59 50
FL 36 60 48
FL 36 67 98
FL 36 69 18
FL 36 70 16
FL 36 71 10
FL 36 74 5
FL 36 75 0
FL 36 76 145
FL 36 83 2
FL 36 84 180
FL 36 87 0
FL 37 1 0
FL 37 2 1
FL 37 4 73
FL 37 6 0
FL 37 7 2
FL 37 8 5
FL 37 9 20
FL 37 10 0
FL 37 13 103
FL 37 18 0
FL 37 19 0
FL 37 20 2
FL 37 23 0
FL 37 24 20
FL 37 26 1
FL 37 29 0
FL 37 30 0
FL 37 32 62
FL 37 34 0
FL 37 35 0
FL 37 38 9
FL 37 39 13
FL 37 41 0
FL 37 42 1
FL 37 44 0
FL 37 45 68
FL 37 46 20
FL 37 47 0
FL 37 48 71
FL 37 50 0
FL 37 51 17
FL 37 52 42
FL 37 54 66
FL 37 57 49
FL 37 58 10
FL 37 59 75
FL 37 60 14
FL 37 61 100
FL 37 64 11
FL 37 65 42
FL 37 66 105
FL 37 68 79
FL 37 69 0
FL 37 73 55
FL 37 75 0
FL 37 76 193
FL 37 77 1
FL 37 82 14
FL 37 85 156
FL 37 88 3
FL 37 92 1
FL 37 94 0
FL 37 97 3
FL 37 100 9
FL 38 7 4
FL 38 8 14
FL 38 9 19
FL 38 10 2
FL 38 12 0
FL 38 13 155
FL 38 14 0
FL 38 21 11
FL 38 24 43
FL 38 32 134
FL 38 34 0
FL 38 37 8
FL 38 41 0
FL 38 48 84
FL 38 53 0
FL 38 58 21
FL 38 59 38
FL 38 61 112
FL 38 64 3
FL 38 68 127
FL 38 73 151
FL 38 85 229
FL 38 86 0
FL 38 88 8
FL 38 92 5
FL 38 97 20
FL 38 100 13
FL 39 2 17
FL 39 6 333
FL 39 19 208
FL 39 20 520
FL 39 23 407
FL 39 24 74
FL 39 29 0
FL 39 30 402
FL 39 42 261
FL 39 46 61
FL 39 54 27
FL 39 68 108
FL 39 77 501
FL 39 82 41
FL 41 1 0
FL 41 7 2
FL 41 8 14
FL 41 9 28
FL 41 10 0
FL 41 12 0
FL 41 13 60
FL 41 14 0
FL 41 19 5
FL 41 20 3
FL 41 21 10
FL 41 22 28
FL 41 24 20
FL 41 32 76
FL 41 34 0
FL 41 36 16
FL 41 37 3
FL 41 38 10
FL 41 39 25
FL 41 42 7
FL 41 44 8
FL 41 45 73
FL 41 46 43
FL 41 47 0
FL 41 48 27
FL 41 50 3
FL 41 51 13
FL 41 52 44
FL 41 53 0
FL 41 57 62
FL 41 58 18
FL 41 59 29
FL 41 60 12
FL 41 61 102
FL 41 64 12
FL 41 65 77
FL 41 66 33
FL 41 68 41
FL 41 73 62
FL 41 75 0
FL 41 76 183
FL 41 85 94
FL 41 86 0
FL 41 88 9
FL 41 91 127
FL 41 92 5
FL 41 97 17
FL 41 100 13
FL 42 1 0
FL 42 2 13
FL 42 6 283
FL 42 7 12
FL 42 10 974
FL 42 18 0
FL 42 19 326
FL 42 20 546
FL 42 22 32
FL 42 23 417
FL 42 24 23
FL 42 29 0
FL 42 34 0
FL 42 35 11
FL 42 37 12
FL 42 39 86
FL 42 41 0
FL 42 45 69
FL 42 46 39
FL 42 47 1
FL 42 48 120
FL 42 51 51
FL 42 52 53
FL 42 54 27
FL 42 57 19
FL 42 59 107
FL 42 60 58
FL 42 61 55
FL 42 65 141
FL 42 66 159
FL 42 68 96
FL 42 73 97
FL 42 77 303
FL 42 82 21
FL 42 90 0
FL 42 92 8
FL 42 94 1
FL 42 97 1276
FL 43 4 50
FL 43 15 13
FL 43 16 4
FL 43 22 26
FL 43 26 2
FL 43 27 50
FL 43 29 0
FL 43 33 3
FL 43 35 8
FL 43 49 3
FL 43 55 9
FL 43 56 2
FL 43 62 9
FL 43 72 0
FL 43 78 13
FL 43 79 2
FL 43 81 0
FL 43 83 303
FL 43 96 28
FL 44 1 0
FL 44 4 56
FL 44 7 2
FL 44 9 72
FL 44 16 5
FL 44 22 29
FL 44 26 4
FL 44 29 0
FL 44 33 2
FL 44 36 18
FL 44 37 4
FL 44 41 0
FL 44 45 21
FL 44 47 0
FL 44 48 90
FL 44 49 0
FL 44 50 4
FL 44 51 32
FL 44 52 26
FL 44 57 38
FL 44 58 18
FL 44 60 9
FL 44 62 5
FL 44 67 33
FL 44 69 24
FL 44 70 187
FL 44 74 5
FL 44 75 0
FL 44 83 4
FL 44 84 192
FL 44 87 0
FL 44 91 219
FL 44 93 143
FL 44 94 0
FL 44 99 0
FL 46 2 4
FL 46 6 239
FL 46 19 197
FL 46 20 431
FL 46 23 198
FL 46 24 56
FL 46 29 0
FL 46 30 513
FL 46 39 67
FL 46 42 71
FL 46 47 1
FL 46 51 28
FL 46 54 27
FL 46 68 60
FL 46 77 247
FL 46 82 98
FL 46 97 674
FL 47 1 0
FL 47 2 3
FL 47 6 1
FL 47 7 2
FL 47 8 14
FL 47 9 58
FL 47 10 0
FL 47 12 0
FL 47 13 71
FL 47 14 0
FL 47 18 0
FL 47 19 1
FL 47 20 0
FL 47 21 2465
FL 47 23 0
FL 47 24 60
FL 47 26 2
FL 47 29 0
FL 47 34 0
FL 47 37 2
FL 47 39 31
FL 47 41 0
FL 47 42 3
FL 47 44 5
FL 47 45 47
FL 47 46 9
FL 47 48 57
FL 47 50 1
FL 47 51 31
FL 47 52 39
FL 47 54 27
FL 47 57 10
FL 47 58 15
FL 47 59 92
FL 47 60 40
FL 47 61 61
FL 47 64 11
FL 47 65 258
FL 47 66 48
FL 47 68 52
FL 47 69 369
FL 47 73 108
FL 47 75 0
FL 47 76 66
FL 47 77 1
FL 47 82 24
FL 47 85 192
FL 47 88 946
FL 47 92 6
FL 47 94 0
FL 47 97 6
FL 47 100 13
FL 48 2 2
FL 48 4 78
FL 48 5 27
FL 48 6 0
FL 48 7 1
FL 48 8 12
FL 48 13 140
FL 48 19 1
FL 48 20 0
FL 48 23 0
FL 48 26 2
FL 48 29 0
FL 48 30 0
FL 48 32 37
FL 48 36 11
FL 48 37 1
FL 48 38 9
FL 48 39 9
FL 48 42 2
FL 48 46 6
FL 48 50 1
FL 48 52 52
FL 48 54 48
FL 48 57 25
FL 48 61 28
FL 48 64 10
FL 48 68 41
FL 48 76 25
FL 48 77 1
FL 48 82 23
FL 48 90 0
FL 48 92 3
FL 48 97 7
FL 49 1 0
FL 49 3 13
FL 49 4 51
FL 49 5 26
FL 49 9 29
FL 49 11 4
FL 49 15 0
FL 49 16 84
FL 49 18 0
FL 49 22 1
FL 49 25 100
FL 49 26 364
FL 49 27 34
FL 49 28 43
FL 49 29 0
FL 49 31 39
FL 49 33 37
FL 49 36 872
FL 49 43 36
FL 49 44 1063
FL 49 51 54
FL 49 55 53
FL 49 56 88
FL 49 62 0
FL 49 63 0
FL 49 67 126
FL 49 69 21
FL 49 71 10
FL 49 72 0
FL 49 74 1
FL 49 78 53
FL 49 79 73
FL 49 81 0
FL 49 83 1
FL 49 87 0
FL 49 93 140
FL 49 95 0
FL 49 96 7
FL 50 1 0
FL 50 2 7
FL 50 5 45
FL 50 7 2
FL 50 8 14
FL 50 9 84
FL 50 10 0
FL 50 12 0
FL 50 13 22
FL 50 14 0
FL 50 20 4
FL 50 21 10
FL 50 22 29
FL 50 24 24
FL 50 26 4
FL 50 29 0
FL 50 37 6
FL 50 41 0
FL 50 44 8
FL 50 45 47
FL 50 47 0
FL 50 48 33
FL 50 51 7
FL 50 52 41
FL 50 53 0
FL 50 57 6
FL 50 58 18
FL 50 59 113
FL 50 60 32
FL 50 61 49
FL 50 64 12
FL 50 66 122
FL 50 69 26
FL 50 70 114
FL 50 73 100
FL 50 75 0
FL 50 76 134
FL 50 84 126
FL 50 91 19
FL 50 94 0
FL 50 99 0
FL 51 4 52
FL 51 26 1
FL 51 35 0
FL 51 42 2
FL 51 46 53
FL 51 47 0
FL 51 49 0
FL 51 62 0
FL 51 70 100
FL 51 93 82
FL 52 4 78
FL 52 13 183
FL 52 69 19
FL 52 90 0
FL 53 8 20
FL 53 9 47
FL 53 10 6
FL 53 12 0
FL 53 13 58
FL 53 14 0
FL 53 21 41
FL 53 24 74
FL 53 32 97
FL 53 38 26
FL 53 41 0
FL 53 50 9
FL 53 58 33
FL 53 59 46
FL 53 60 89
FL 53 64 20
FL 53 70 185
FL 53 75 0
FL 53 76 173
FL 53 84 114
FL 53 85 204
FL 53 86 0
FL 53 88 18
FL 53 91 62
FL 53 99 0
FL 54 2 1
FL 54 4 82
FL 54 6 213
FL 54 7 1
FL 54 19 207
FL 54 20 0
FL 54 23 0
FL 54 24 27
FL 54 26 1
FL 54 29 0
FL 54 30 0
FL 54 34 0
FL 54 35 1
FL 54 37 0
FL 54 39 8
FL 54 42 2
FL 54 45 38
FL 54 46 37
FL 54 47 0
FL 54 48 43
FL 54 52 34
FL 54 57 20
FL 54 60 5
FL 54 61 15
FL 54 68 155
FL 54 77 1
FL 54 82 9
FL 54 90 0
FL 54 92 3
FL 54 94 0
FL 54 97 7
FL 54 100 11
FL 55 11 468
FL 55 18 0
FL 55 25 71
FL 55 26 486
FL 55 27 17
FL 55 28 108
FL 55 33 66
FL 55 35 197
FL 55 49 52
FL 55 56 26
FL 55 62 196
FL 55 72 0
FL 55 78 104
FL 55 79 84
FL 55 81 0
FL 56 3 27
FL 56 4 61
FL 56 5 34
FL 56 11 7
FL 56 16 125
FL 56 18 0
FL 56 22 0
FL 56 25 33
FL 56 26 327
FL 56 27 21
FL 56 28 151
FL 56 29 0
FL 56 31 24
FL 56 33 210
FL 56 35 53
FL 56 43 25
FL 56 49 92
FL 56 55 36
FL 56 62 112
FL 56 63 0
FL 56 67 128
FL 56 72 0
FL 56 74 1
FL 56 78 92
FL 56 79 91
FL 56 81 0
FL 56 83 315
FL 56 87 0
FL 56 93 100
FL 56 95 0
FL 56 96 19
FL 57 4 64
FL 57 12 0
FL 57 14 0
FL 57 15 0
FL 57 21 7
FL 57 24 154
FL 57 26 1
FL 57 37 0
FL 57 44 4
FL 57 47 0
FL 57 64 10
FL 57 69 19
FL 57 88 888
FL 57 91 100
FL 58 1 0
FL 58 7 2
FL 58 8 14
FL 58 9 79
FL 58 10 0
FL 58 12 0
FL 58 13 145
FL 58 14 0
FL 58 21 8
FL 58 22 16
FL 58 24 78
FL 58 29 0
FL 58 32 59
FL 58 36 16
FL 58 37 1
FL 58 38 10
FL 58 41 0
FL 58 44 5
FL 58 45 43
FL 58 47 0
FL 58 48 58
FL 58 50 3
FL 58 51 4
FL 58 52 89
FL 58 53 0
FL 58 57 27
FL 58 59 133
FL 58 60 33
FL 58 61 31
FL 58 64 10
FL 58 66 173
FL 58 69 18
FL 58 70 43
FL 58 73 243
FL 58 75 0
FL 58 76 150
FL 58 84 70
FL 58 85 147
FL 58 88 9
FL 58 91 94
FL 58 92 1021
FL 58 94 0
FL 58 99 0
FL 59 12 0
FL 59 91 145
FL 60 2 2
FL 60 4 68
FL 60 6 0
FL 60 19 0
FL 60 22 0
FL 60 23 1
FL 60 26 1
FL 60 29 0
FL 60 30 0
FL 60 39 14
FL 60 42 2
FL 60 46 8
FL 60 47 0
FL 60 53 0
FL 60 54 74
FL 60 57 6
FL 60 58 14
FL 60 61 21
FL 60 68 88
FL 60 69 19
FL 60 70 73
FL 60 77 1
FL 60 82 13
FL 60 84 128
FL 60 88 798
FL 60 90 0
FL 61 5 84
FL 61 29 0
FL 62 3 47
FL 62 4 61
FL 62 5 18
FL 62 11 16
FL 62 16 7
FL 62 22 32
FL 62 25 66
FL 62 26 4
FL 62 27 90
FL 62 28 6
FL 62 29 0
FL 62 31 176
FL 62 33 7
FL 62 43 29
FL 62 44 1886
FL 62 49 3
FL 62 51 88
FL 62 55 36
FL 62 56 4
FL 62 63 3
FL 62 67 16
FL 62 71 16
FL 62 72 0
FL 62 74 9
FL 62 78 42
FL 62 79 6
FL 62 81 0
FL 62 83 10
FL 62 87 0
FL 62 89 244
FL 62 93 174
FL 62 95 0
FL 62 96 18
FL 63 3 7
FL 63 4 59
FL 63 5 101
FL 63 11 6
FL 63 16 3
FL 63 18 0
FL 63 22 0
FL 63 25 26
FL 63 26 1
FL 63 28 1
FL 63 29 0
FL 63 31 11
FL 63 33 0
FL 63 35 2
FL 63 43 16
FL 63 49 0
FL 63 55 52
FL 63 56 0
FL 63 62 1
FL 63 67 39
FL 63 72 0
FL 63 74 220
FL 63 78 7
FL 63 79 1
FL 63 81 0
FL 63 96 23
FL 64 7 998
FL 64 29 0
FL 64 32 122
FL 64 38 2834
FL 64 47 0
FL 64 57 13
FL 65 26 1
FL 66 26 1
FL 66 29 0
FL 66 35 2
FL 66 47 0
FL 66 58 13
FL 66 69 19
FL 67 1 0
FL 67 5 28
FL 67 18 0
FL 67 28 1
FL 67 33 0
FL 67 55 111
FL 67 69 20
FL 67 71 9
FL 67 78 18
FL 67 81 0
FL 68 6 0
FL 68 19 0
FL 68 23 3
FL 68 29 0
FL 68 30 0
FL 68 32 93
FL 68 38 8
FL 68 39 8
FL 68 42 2
FL 68 46 10
FL 68 54 55
FL 68 82 47
FL 69 4 532
FL 69 5 90
FL 69 8 2548
FL 69 10 1
FL 69 12 0
FL 69 13 182
FL 69 14 0
FL 69 16 3
FL 69 21 8
FL 69 22 15
FL 69 24 13
FL 69 26 3
FL 69 29 0
FL 69 33 107
FL 69 36 14
FL 69 37 908
FL 69 44 6
FL 69 45 58
FL 69 47 1
FL 69 49 105
FL 69 50 1
FL 69 51 30
FL 69 52 50
FL 69 57 240
FL 69 58 17
FL 69 60 845
FL 69 64 10
FL 69 66 84
FL 69 67 32
FL 69 70 175
FL 69 71 13
FL 69 73 138
FL 69 75 0
FL 69 76 43
FL 69 83 572
FL 69 84 189
FL 69 87 0
FL 69 91 87
FL 69 93 157
FL 69 94 999
FL 69 99 0
FL 70 8 21
FL 70 51 53
FL 70 60 71
FL 70 84 51
FL 71 1 0
FL 71 3 30
FL 71 4 64
FL 71 5 30
FL 71 9 36
FL 71 11 10
FL 71 15 11
FL 71 16 4
FL 71 22 25
FL 71 25 42
FL 71 26 2
FL 71 29 0
FL 71 31 49
FL 71 33 2
FL 71 36 14
FL 71 45 65
FL 71 49 0
FL 71 51 20
FL 71 62 6
FL 71 67 74
FL 71 69 18
FL 71 74 6
FL 71 75 0
FL 71 83 2
FL 71 87 0
FL 71 93 68
FL 71 95 0
FL 72 3 16
FL 72 4 60
FL 72 5 62
FL 72 11 8
FL 72 18 0
FL 72 22 13672
FL 72 25 79
FL 72 27 3
FL 72 28 203
FL 72 29 0
FL 72 31 1937
FL 72 35 199
FL 72 43 21
FL 72 49 180
FL 72 55 30
FL 72 56 68
FL 72 62 156
FL 72 63 0
FL 72 74 1574
FL 72 78 77
FL 72 79 114
FL 72 81 1
FL 72 96 20
FL 73 26 1
FL 73 29 0
FL 73 32 150
FL 73 35 4
FL 73 38 8
FL 73 69 20
FL 74 1 0
FL 74 2 1886
FL 74 3 23
FL 74 4 59
FL 74 5 46
FL 74 11 9
FL 74 15 0
FL 74 16 3
FL 74 18 0
FL 74 22 24
FL 74 25 30
FL 74 26 1
FL 74 27 31
FL 74 28 3
FL 74 29 0
FL 74 30 0
FL 74 31 26
FL 74 33 0
FL 74 35 5
FL 74 36 12
FL 74 43 143
FL 74 44 4
FL 74 49 0
FL 74 51 35
FL 74 52 37
FL 74 55 51
FL 74 56 3
FL 74 62 1
FL 74 63 0
FL 74 67 191
FL 74 71 9
FL 74 72 1
FL 74 75 0
FL 74 78 27
FL 74 79 58
FL 74 81 0
FL 74 83 2
FL 74 87 0
FL 74 93 217
FL 74 95 0
FL 74 96 50
FL 75 1 0
FL 75 2 3
FL 75 7 1
FL 75 8 14
FL 75 9 68
FL 75 10 0
FL 75 12 0
FL 75 13 89
FL 75 14 0
FL 75 15 1
FL 75 18 0
FL 75 20 0
FL 75 21 8
FL 75 24 34
FL 75 26 1
FL 75 29 0
FL 75 36 13
FL 75 37 1
FL 75 41 0
FL 75 44 4
FL 75 45 52
FL 75 47 0
FL 75 48 42
FL 75 50 2
FL 75 51 38
FL 75 52 40
FL 75 53 0
FL 75 57 6
FL 75 58 15
FL 75 59 65
FL 75 60 44
FL 75 61 103
FL 75 64 11
FL 75 66 137
FL 75 69 21
FL 75 70 153
FL 75 71 10
FL 75 73 37
FL 75 74 4
FL 75 76 58
FL 75 83 3
FL 75 84 132
FL 75 91 76
FL 75 92 3
FL 75 94 0
FL 75 97 9
FL 76 4 66
FL 76 7 4
FL 76 26 3
FL 76 29 0
FL 76 37 6
FL 76 47 0
FL 76 48 27
FL 76 50 4
FL 76 52 17
FL 76 53 0
FL 76 57 64
FL 76 58 17
FL 76 69 22
FL 76 84 45
FL 76 91 84
FL 76 94 0
FL 76 99 0
FL 77 1 0
FL 77 2 5
FL 77 5 64
FL 77 6 1
FL 77 7 1
FL 77 18 0
FL 77 19 0
FL 77 20 0
FL 77 22 27
FL 77 23 4
FL 77 24 27
FL 77 26 1
FL 77 29 0
FL 77 30 0
FL 77 34 0
FL 77 35 5
FL 77 37 2
FL 77 39 7
FL 77 42 5
FL 77 45 58
FL 77 46 32
FL 77 47 0
FL 77 48 29
FL 77 51 23
FL 77 52 6
FL 77 54 44
FL 77 57 10
FL 77 59 42
FL 77 60 9
FL 77 61 154
FL 77 65 61
FL 77 66 60
FL 77 68 32
FL 77 73 109
FL 77 82 20
FL 77 90 0
FL 77 92 3
FL 77 94 0
FL 78 3 181
FL 78 4 113
FL 78 11 37
FL 78 15 38
FL 78 16 10
FL 78 25 21
FL 78 26 8
FL 78 27 65
FL 78 28 12
FL 78 29 0
FL 78 31 186
FL 78 33 12
FL 78 35 11
FL 78 43 78
FL 78 49 7
FL 78 55 20
FL 78 56 8
FL 78 67 98
FL 78 72 0
FL 78 79 5
FL 78 81 0
FL 78 83 1595
FL 78 87 0
FL 78 96 175
FL 79 1 0
FL 79 4 55
FL 79 5 24
FL 79 11 935
FL 79 16 232
FL 79 18 0
FL 79 22 25
FL 79 25 98
FL 79 26 1
FL 79 27 42
FL 79 28 104
FL 79 29 0
FL 79 30 314
FL 79 33 74
FL 79 35 136
FL 79 43 97
FL 79 49 139
FL 79 55 85
FL 79 56 210
FL 79 62 270
FL 79 63 1
FL 79 72 1
FL 79 74 307
FL 79 78 199
FL 79 81 0
FL 79 95 0
FL 81 3 19
FL 81 4 60
FL 81 5 29
FL 81 11 11
FL 81 15 2350
FL 81 16 124
FL 81 18 0
FL 81 22 25
FL 81 25 80
FL 81 26 1
FL 81 27 20
FL 81 28 180
FL 81 29 0
FL 81 31 35
FL 81 33 255
FL 81 35 92
FL 81 43 71
FL 81 49 81
FL 81 55 77
FL 81 56 30
FL 81 62 361
FL 81 63 1
FL 81 67 78
FL 81 72 0
FL 81 74 5
FL 81 78 25
FL 81 79 30
FL 81 95 0
FL 81 96 29
FL 82 2 5
FL 82 6 139
FL 82 19 38
FL 82 20 0
FL 82 22 25
FL 82 23 314
FL 82 24 17
FL 82 29 0
FL 82 30 1
FL 82 39 12
FL 82 42 114
FL 82 46 9
FL 82 47 0
FL 82 54 58
FL 82 68 137
FL 82 77 1
FL 82 97 11
FL 83 3 49
FL 83 4 76
FL 83 5 28
FL 83 11 16
FL 83 15 24
FL 83 16 7
FL 83 22 35
FL 83 25 29
FL 83 26 7
FL 83 28 6
FL 83 31 144
FL 83 33 9
FL 83 36 31
FL 83 43 53
FL 83 44 32
FL 83 45 48
FL 83 49 4
FL 83 51 47
FL 83 56 170
FL 83 62 15
FL 83 67 106
FL 83 69 45
FL 83 71 28
FL 83 74 10
FL 83 75 0
FL 83 78 9
FL 83 87 0
FL 83 89 140
FL 83 93 293
FL 84 60 84
FL 86 9 164
FL 86 12 0
FL 86 14 0
FL 86 21 17
FL 86 24 139
FL 86 32 98
FL 86 38 12
FL 86 41 0
FL 86 53 0
FL 86 59 58
FL 86 85 88
FL 86 88 14
FL 86 99 0
FL 87 3 29
FL 87 4 65
FL 87 5 57
FL 87 11 14
FL 87 15 18
FL 87 16 6
FL 87 22 31
FL 87 25 55
FL 87 26 3
FL 87 28 5
FL 87 29 0
FL 87 31 96
FL 87 33 3
FL 87 36 21
FL 87 43 22
FL 87 44 11
FL 87 49 1
FL 87 51 29
FL 87 56 3
FL 87 62 11
FL 87 67 65
FL 87 69 28
FL 87 71 14
FL 87 74 7
FL 87 78 14
FL 87 83 8
FL 87 89 169
FL 87 93 128
FL 87 95 0
FL 88 1 0
FL 88 7 4
FL 88 8 14
FL 88 9 60
FL 88 10 1
FL 88 12 0
FL 88 13 123
FL 88 14 0
FL 88 21 11
FL 88 24 45
FL 88 32 125
FL 88 34 0
FL 88 37 3
FL 88 38 10
FL 88 41 0
FL 88 47 0
FL 88 53 0
FL 88 57 86
FL 88 58 21
FL 88 59 84
FL 88 60 46
FL 88 61 30
FL 88 64 10
FL 88 85 231
FL 88 86 0
FL 89 33 11
FL 90 1 0
FL 90 2 5
FL 90 6 3
FL 90 7 1
FL 90 18 0
FL 90 19 0
FL 90 20 0
FL 90 23 4
FL 90 24 13
FL 90 30 1
FL 90 34 0
FL 90 35 9
FL 90 39 17
FL 90 42 5
FL 90 46 52
FL 90 48 23
FL 90 52 16
FL 90 54 23
FL 90 57 16
FL 90 60 37
FL 90 61 80
FL 90 65 17
FL 90 66 143
FL 90 68 30
FL 90 77 2
FL 90 82 13
FL 90 92 4
FL 90 97 12
FL 91 9 24
FL 91 59 51
FL 92 1 0
FL 92 2 4
FL 92 6 4
FL 92 7 1
FL 92 9 78
FL 92 18 0
FL 92 19 0
FL 92 20 0
FL 92 24 128
FL 92 26 1
FL 92 29 0
FL 92 30 1
FL 92 32 170
FL 92 34 0
FL 92 35 9
FL 92 37 2
FL 92 38 9
FL 92 39 29
FL 92 41 0
FL 92 42 5
FL 92 45 34
FL 92 46 29
FL 92 47 0
FL 92 48 91
FL 92 51 35
FL 92 52 61
FL 92 54 45
FL 92 57 23
FL 92 58 1465
FL 92 59 93
FL 92 60 17
FL 92 61 110
FL 92 65 154
FL 92 75 0
FL 92 77 2
FL 92 82 98
FL 92 90 0
FL 92 94 0
FL 93 51 95
FL 94 1 0
FL 94 2 6
FL 94 6 0
FL 94 7 1
FL 94 8 14
FL 94 10 0
FL 94 13 69
FL 94 18 0
FL 94 19 1
FL 94 20 0
FL 94 23 6
FL 94 29 0
FL 94 30 1
FL 94 34 0
FL 94 35 9
FL 94 37 2
FL 94 39 11
FL 94 42 6
FL 94 44 4
FL 94 45 41
FL 94 46 21
FL 94 47 0
FL 94 48 41
FL 94 50 3
FL 94 51 32
FL 94 54 29
FL 94 57 23
FL 94 58 18
FL 94 60 18
FL 94 61 58
FL 94 64 11
FL 94 65 104
FL 94 66 92
FL 94 68 7
FL 94 69 21
FL 94 73 31
FL 94 75 0
FL 94 76 111
FL 94 77 4
FL 94 82 23
FL 94 84 65
FL 94 91 101
FL 94 92 4
FL 94 97 11
FL 95 1 0
FL 95 3 15
FL 95 4 55
FL 95 5 81
FL 95 16 5
FL 95 18 0
FL 95 27 45
FL 95 28 5
FL 95 29 0
FL 95 30 1
FL 95 31 57
FL 95 33 2
FL 95 35 9
FL 95 43 10
FL 95 45 35
FL 95 49 0
FL 95 51 20
FL 95 55 52
FL 95 56 3
FL 95 62 5
FL 95 67 211
FL 95 71 11
FL 95 74 5
FL 95 78 19
FL 95 79 4
FL 95 81 0
FL 95 87 0
FL 95 93 121
FL 95 96 75
FL 96 3 253
FL 96 25 88
FL 96 27 87
FL 96 31 240
FL 96 35 12
FL 96 43 134
FL 96 49 102
FL 96 55 136
FL 96 56 9
FL 96 62 1968
FL 96 72 0
FL 96 78 221
FL 96 81 0
FL 97 1 0
FL 97 6 3
FL 97 7 8
FL 97 9 92
FL 97 19 6
FL 97 20 5
FL 97 24 83
FL 97 26 3
FL 97 29 0
FL 97 30 4
FL 97 34 0
FL 97 35 9
FL 97 37 8
FL 97 38 10
FL 97 41 0
FL 97 42 8
FL 97 46 16
FL 97 47 0
FL 97 48 21
FL 97 51 30
FL 97 52 94
FL 97 54 58
FL 97 57 41
FL 97 59 107
FL 97 61 30
FL 97 65 33
FL 97 75 0
FL 97 82 29
FL 97 90 0
FL 97 94 0
FL 99 8 18
FL 99 10 3
FL 99 12 0
FL 99 13 71
FL 99 14 0
FL 99 21 24
FL 99 44 27
FL 99 50 6
FL 99 53 0
FL 99 58 29
FL 99 64 12
FL 99 69 36
FL 99 70 181
FL 99 76 109
FL 99 86 0
FL 99 91 68
FL 100 1 0
FL 100 6 3
FL 100 9 169
FL 100 19 2
FL 100 24 38
FL 100 26 3
FL 100 30 3
FL 100 35 8
FL 100 37 9
FL 100 38 38
FL 100 41 0
FL 100 46 28
FL 100 47 0
FL 100 51 52
FL 100 52 47
FL 100 54 72
FL 100 59 28
FL 100 82 139
FU 0 74 2
FU 0 88 11
FU 0 21 2
FU 0 20 1
FU 0 6 4
FU 0 81 1
FU 0 94 1
FU 0 72 1
FU 0 56 1
FU 0 69 7
FU 0 87 2000
FU 0 8 1
FU 0 10 1
FU 0 58 36
FU 0 15 3
FU 0 28 1
FU 0 95 1998
FU 0 35 3
FU 0 49 2
FU 0 38 4
FU 0 86 2000
FU 0 36 11
FU 0 62 25
FU 0 42 2
FU 0 44 7
FU 0 90 1
FU 0 97 6
FU 0 99 2000
FU 0 53 2000
FU 0 92 1
FU 0 12 2000
FU 0 33 2
FU 0 11 26
FU 0 83 37
FU 0 23 1
FU 0 1 1
FU 0 100 1
FU 0 7 1
FU 0 37 2
FU 0 50 1
FU 0 34 1999
FU 0 41 1995
FU 0 30 1
FU 0 75 1
FU 0 63 1
FU 0 47 1
FU 0 79 1
FU 0 71 1
FU 0 77 2
FU 0 16 2
FU 0 19 1
FU 0 14 2000
FU 0 2 12
FU 0 3 503
FU 0 4 21
FU 0 5 121
FU 0 9 37
FU 0 13 198
FU 0 17 2000
FU 0 22 10
FU 0 24 95
FU 0 25 56
FU 0 26 11
FU 0 27 146
FU 0 29 1
FU 0 31 498
FU 0 32 79
FU 0 39 102
FU 0 40 2000
FU 0 43 105
FU 0 45 156
FU 0 46 67
FU 0 48 90
FU 0 51 132
FU 0 52 65
FU 0 54 83
FU 0 55 122
FU 0 57 66
FU 0 59 98
FU 0 60 70
FU 0 61 107
FU 0 64 2
FU 0 65 78
FU 0 66 63
FU 0 67 63
FU 0 68 123
FU 0 70 262
FU 0 73 137
FU 0 76 160
FU 0 78 670
FU 0 80 2000
FU 0 82 90
FU 0 84 159
FU 0 85 213
FU 0 89 189
FU 0 91 169
FU 0 93 84
FU 0 96 791
FU 0 98 2000
FU 1 2 3
FU 1 4 85
FU 1 5 67
FU 1 6 1
FU 1 7 0
FU 1 8 2
FU 1 9 146
FU 1 10 3
FU 1 13 161
FU 1 18 0
FU 1 19 6
FU 1 20 1
FU 1 23 0
FU 1 24 105
FU 1 26 17
FU 1 29 0
FU 1 30 0
FU 1 33 1
FU 1 34 0
FU 1 35 3
FU 1 36 16
FU 1 37 1
FU 1 39 78
FU 1 41 5
FU 1 42 0
FU 1 44 18
FU 1 45 211
FU 1 46 62
FU 1 47 0
FU 1 48 102
FU 1 49 0
FU 1 50 2
FU 1 51 120
FU 1 52 90
FU 1 54 105
FU 1 57 99
FU 1 58 28
FU 1 59 57
FU 1 60 75
FU 1 61 71
FU 1 64 1
FU 1 65 118
FU 1 66 152
FU 1 67 114
FU 1 68 60
FU 1 71 2
FU 1 73 101
FU 1 74 5
FU 1 75 0
FU 1 76 422
FU 1 77 2
FU 1 79 2
FU 1 82 105
FU 1 85 186
FU 1 88 15
FU 1 90 0
FU 1 92 4
FU 1 94 3
FU 1 95 0
FU 1 97 12
FU 1 100 5
FU 2 4 47
FU 2 6 0
FU 2 7 0
FU 2 19 0
FU 2 20 0
FU 2 22 1
FU 2 23 0
FU 2 24 177
FU 2 26 0
FU 2 29 0
FU 2 30 0
FU 2 34 0
FU 2 39 35
FU 2 42 0
FU 2 45 152
FU 2 46 75
FU 2 47 0
FU 2 48 57
FU 2 50 1997
FU 2 52 176
FU 2 54 68
FU 2 57 24
FU 2 60 46
FU 2 61 80
FU 2 68 55
FU 2 74 64
FU 2 75 0
FU 2 77 0
FU 2 82 94
FU 2 90 0
FU 2 92 0
FU 2 94 1
FU 3 4 93
FU 3 16 202
FU 3 26 148
FU 3 27 25
FU 3 28 119
FU 3 33 152
FU 3 62 430
FU 3 63 0
FU 3 71 0
FU 3 72 0
FU 3 78 166
FU 3 83 2
FU 3 89 159
FU 3 96 58
FU 4 2 82
FU 4 3 49
FU 4 10 69
FU 4 11 0
FU 4 16 0
FU 4 19 68
FU 4 25 41
FU 4 26 1
FU 4 27 20
FU 4 29 0
FU 4 30 0
FU 4 31 74
FU 4 33 0
FU 4 37 133
FU 4 43 99
FU 4 44 0
FU 4 48 143
FU 4 49 0
FU 4 51 43
FU 4 52 54
FU 4 54 38
FU 4 56 0
FU 4 57 107
FU 4 60 135
FU 4 62 5
FU 4 69 0
FU 4 71 0
FU 4 72 0
FU 4 76 49
FU 4 78 34
FU 4 79 0
FU 4 81 0
FU 4 83 0
FU 4 87 0
FU 4 89 72
FU 4 95 0
FU 5 23 185
FU 5 30 0
FU 5 61 3
FU 5 77 0
FU 6 1 0
FU 6 2 0
FU 6 7 0
FU 6 9 47
FU 6 10 0
FU 6 18 0
FU 6 19 0
FU 6 20 0
FU 6 23 0
FU 6 24 12
FU 6 26 0
FU 6 29 0
FU 6 30 0
FU 6 34 0
FU 6 35 0
FU 6 37 0
FU 6 39 11
FU 6 42 0
FU 6 45 39
FU 6 46 1
FU 6 47 0
FU 6 48 53
FU 6 51 20
FU 6 52 36
FU 6 54 38
FU 6 57 7
FU 6 60 18
FU 6 61 48
FU 6 65 43
FU 6 66 97
FU 6 68 27
FU 6 73 79
FU 6 77 0
FU 6 82 42
FU 6 90 0
FU 6 92 0
FU 6 94 0
FU 6 97 0
FU 6 100 0
FU 7 1 0
FU 7 2 0
FU 7 6 0
FU 7 8 0
FU 7 9 41
FU 7 10 0
FU 7 13 46
FU 7 18 0
FU 7 19 0
FU 7 20 0
FU 7 22 0
FU 7 23 0
FU 7 24 36
FU 7 30 0
FU 7 32 119
FU 7 34 0
FU 7 36 0
FU 7 37 0
FU 7 38 0
FU 7 39 28
FU 7 41 0
FU 7 42 0
FU 7 44 0
FU 7 45 35
FU 7 46 24
FU 7 47 0
FU 7 48 30
FU 7 50 0
FU 7 51 31
FU 7 52 86
FU 7 54 34
FU 7 57 8
FU 7 58 0
FU 7 59 38
FU 7 60 6
FU 7 61 30
FU 7 64 0
FU 7 65 142
FU 7 66 6
FU 7 68 89
FU 7 73 59
FU 7 75 0
FU 7 76 53
FU 7 77 0
FU 7 82 48
FU 7 85 258
FU 7 88 0
FU 7 90 0
FU 7 92 0
FU 7 94 0
FU 7 97 0
FU 8 1 0
FU 8 7 0
FU 8 9 39
FU 8 20 0
FU 8 24 23
FU 8 32 78
FU 8 37 0
FU 8 38 0
FU 8 41 0
FU 8 45 20
FU 8 47 0
FU 8 48 43
FU 8 50 0
FU 8 51 59
FU 8 52 21
FU 8 53 0
FU 8 57 25
FU 8 58 0
FU 8 59 20
FU 8 60 10
FU 8 61 83
FU 8 69 0
FU 8 70 139
FU 8 75 0
FU 8 84 71
FU 8 88 1
FU 8 91 151
FU 8 94 0
FU 8 99 0
FU 9 86 0
FU 9 91 148
FU 10 1 0
FU 10 2 0
FU 10 4 0
FU 10 6 0
FU 10 7 0
FU 10 9 150
FU 10 18 0
FU 10 20 0
FU 10 24 40
FU 10 26 0
FU 10 29 0
FU 10 32 80
FU 10 34 0
FU 10 37 0
FU 10 38 0
FU 10 41 0
FU 10 42 73
FU 10 45 44
FU 10 46 13
FU 10 47 0
FU 10 48 14
FU 10 50 0
FU 10 51 23
FU 10 52 11
FU 10 53 0
FU 10 54 40
FU 10 57 16
FU 10 58 0
FU 10 59 42
FU 10 60 18
FU 10 61 45
FU 10 65 69
FU 10 69 0
FU 10 70 60
FU 10 75 0
FU 10 84 114
FU 10 88 0
FU 10 91 70
FU 10 94 0
FU 10 99 0
FU 11 3 34
FU 11 4 8
FU 11 5 42
FU 11 15 0
FU 11 16 0
FU 11 22 0
FU 11 25 42
FU 11 26 1
FU 11 27 74
FU 11 28 0
FU 11 31 68
FU 11 33 0
FU 11 43 69
FU 11 45 48
FU 11 49 0
FU 11 55 47
FU 11 56 0
FU 11 62 0
FU 11 63 0
FU 11 67 96
FU 11 71 0
FU 11 72 0
FU 11 74 2
FU 11 78 32
FU 11 79 0
FU 11 81 0
FU 11 83 0
FU 11 87 0
FU 12 24 81
FU 12 32 149
FU 12 36 2
FU 12 38 0
FU 12 41 0
FU 12 47 0
FU 12 50 0
FU 12 51 126
FU 12 53 0
FU 12 57 33
FU 12 58 1
FU 12 59 108
FU 12 60 41
FU 12 69 0
FU 12 70 84
FU 12 75 0
FU 12 84 82
FU 12 86 0
FU 12 88 3
FU 12 91 79
FU 12 99 0
FU 13 20 0
FU 14 24 29
FU 14 32 95
FU 14 36 5
FU 14 38 0
FU 14 41 0
FU 14 47 0
FU 14 50 0
FU 14 51 31
FU 14 53 0
FU 14 57 27
FU 14 58 5
FU 14 59 13
FU 14 60 44
FU 14 69 0
FU 14 70 118
FU 14 75 0
FU 14 84 139
FU 14 86 0
FU 14 88 4
FU 14 91 108
FU 14 99 0
FU 15 3 80
FU 15 11 1
FU 15 16 0
FU 15 22 0
FU 15 25 29
FU 15 27 21
FU 15 28 0
FU 15 31 39
FU 15 33 0
FU 15 36 3
FU 15 43 86
FU 15 45 42
FU 15 49 0
FU 15 51 70
FU 15 57 13
FU 15 67 78
FU 15 71 0
FU 15 74 0
FU 15 75 0
FU 15 78 13
FU 15 81 0
FU 15 83 0
FU 15 87 0
FU 15 89 88
FU 16 3 22
FU 16 4 353
FU 16 5 156
FU 16 11 0
FU 16 15 0
FU 16 18 0
FU 16 25 25
FU 16 26 150
FU 16 27 11
FU 16 31 21
FU 16 33 52
FU 16 35 122
FU 16 36 0
FU 16 43 78
FU 16 44 0
FU 16 45 61
FU 16 49 76
FU 16 56 86
FU 16 62 65
FU 16 63 0
FU 16 67 120
FU 16 69 0
FU 16 71 0
FU 16 74 0
FU 16 78 12
FU 16 79 130
FU 16 81 1
FU 16 83 0
FU 16 87 0
FU 16 89 229
FU 16 93 151
FU 16 95 0
FU 18 1 1999
FU 18 2 934
FU 18 5 119
FU 18 6 483
FU 18 7 1016
FU 18 9 127
FU 18 10 995
FU 18 16 881
FU 18 19 741
FU 18 20 650
FU 18 23 419
FU 18 25 663
FU 18 26 842
FU 18 27 958
FU 18 28 876
FU 18 29 1999
FU 18 30 856
FU 18 33 829
FU 18 34 1
FU 18 35 671
FU 18 37 986
FU 18 39 334
FU 18 42 611
FU 18 43 481
FU 18 45 77
FU 18 46 165
FU 18 47 1998
FU 18 48 304
FU 18 49 1004
FU 18 51 314
FU 18 52 202
FU 18 54 522
FU 18 55 817
FU 18 56 872
FU 18 57 689
FU 18 59 152
FU 18 60 344
FU 18 61 115
FU 18 63 1003
FU 18 65 80
FU 18 66 104
FU 18 67 249
FU 18 68 162
FU 18 72 1998
FU 18 73 129
FU 18 74 808
FU 18 75 1999
FU 18 77 698
FU 18 79 968
FU 18 81 1998
FU 18 82 358
FU 18 90 1999
FU 18 92 1081
FU 18 94 993
FU 18 95 2
FU 18 0 2000
FU 19 1 0
FU 19 2 0
FU 19 4 123
FU 19 6 163
FU 19 7 0
FU 19 9 53
FU 19 18 0
FU 19 20 0
FU 19 22 0
FU 19 23 0
FU 19 24 31
FU 19 26 0
FU 19 29 0
FU 19 30 0
FU 19 34 0
FU 19 35 0
FU 19 37 0
FU 19 39 31
FU 19 41 0
FU 19 42 118
FU 19 45 96
FU 19 46 52
FU 19 47 0
FU 19 48 53
FU 19 51 35
FU 19 52 73
FU 19 54 51
FU 19 57 35
FU 19 59 35
FU 19 60 16
FU 19 61 49
FU 19 65 41
FU 19 66 53
FU 19 68 38
FU 19 73 21
FU 19 77 0
FU 19 82 31
FU 19 90 0
FU 19 92 0
FU 19 94 0
FU 19 97 0
FU 19 100 0
FU 20 1 0
FU 20 2 0
FU 20 6 0
FU 20 7 0
FU 20 8 0
FU 20 10 0
FU 20 13 61
FU 20 18 0
FU 20 19 0
FU 20 23 0
FU 20 30 0
FU 20 34 0
FU 20 35 0
FU 20 37 0
FU 20 39 27
FU 20 41 0
FU 20 42 0
FU 20 45 32
FU 20 46 27
FU 20 47 0
FU 20 48 9
FU 20 50 0
FU 20 51 66
FU 20 54 51
FU 20 60 10
FU 20 61 34
FU 20 64 0
FU 20 65 18
FU 20 66 41
FU 20 68 65
FU 20 73 86
FU 20 75 0
FU 20 77 0
FU 20 82 32
FU 20 90 0
FU 20 92 0
FU 20 94 0
FU 20 97 0
FU 21 24 71
FU 21 32 46
FU 21 36 1
FU 21 38 0
FU 21 41 0
FU 21 47 0
FU 21 50 0
FU 21 51 16
FU 21 53 0
FU 21 57 31
FU 21 58 1
FU 21 59 92
FU 21 60 27
FU 21 69 0
FU 21 70 104
FU 21 75 0
FU 21 84 141
FU 21 86 0
FU 21 88 0
FU 21 91 119
FU 21 99 0
FU 22 2 0
FU 22 5 56
FU 22 7 0
FU 22 23 0
FU 22 25 92
FU 22 26 0
FU 22 27 61
FU 22 29 0
FU 22 30 0
FU 22 33 0
FU 22 39 31
FU 22 41 0
FU 22 42 0
FU 22 43 48
FU 22 50 0
FU 22 56 0
FU 22 58 764
FU 22 60 38
FU 22 62 2
FU 22 63 996
FU 22 69 1964
FU 22 72 0
FU 22 77 2
FU 22 79 0
FU 22 82 58
FU 22 83 359
FU 22 87 0
FU 23 1 0
FU 23 2 0
FU 23 5 73
FU 23 6 0
FU 23 7 0
FU 23 18 0
FU 23 19 0
FU 23 20 0
FU 23 22 0
FU 23 24 27
FU 23 26 0
FU 23 29 0
FU 23 30 0
FU 23 34 0
FU 23 35 0
FU 23 37 0
FU 23 39 2
FU 23 42 0
FU 23 45 37
FU 23 46 10
FU 23 47 0
FU 23 48 27
FU 23 51 24
FU 23 52 77
FU 23 54 85
FU 23 57 54
FU 23 59 85
FU 23 60 16
FU 23 61 19
FU 23 65 43
FU 23 66 14
FU 23 68 62
FU 23 73 46
FU 23 77 0
FU 23 82 19
FU 23 90 0
FU 23 94 0
FU 24 42 0
FU 24 46 60
FU 24 82 23
FU 25 16 70
FU 25 27 11
FU 25 28 15
FU 25 33 86
FU 25 35 214
FU 25 36 541
FU 25 49 37
FU 25 55 35
FU 25 56 159
FU 25 72 0
FU 25 79 80
FU 25 81 0
FU 25 96 21
FU 26 19 119
FU 26 23 250
FU 26 47 0
FU 26 48 24
FU 26 60 8
FU 26 65 192
FU 26 77 355
FU 26 97 518
FU 26 100 1994
FU 27 3 664
FU 27 4 0
FU 27 11 441
FU 27 16 232
FU 27 18 0
FU 27 22 0
FU 27 25 47
FU 27 28 113
FU 27 29 0
FU 27 35 168
FU 27 49 76
FU 27 55 30
FU 27 56 130
FU 27 62 121
FU 27 72 0
FU 27 78 108
FU 27 79 133
FU 27 81 0
FU 28 3 33
FU 28 5 105
FU 28 11 477
FU 28 15 0
FU 28 18 0
FU 28 22 0
FU 28 25 89
FU 28 26 0
FU 28 27 68
FU 28 31 20
FU 28 33 0
FU 28 35 191
FU 28 36 457
FU 28 43 45
FU 28 49 25
FU 28 55 52
FU 28 56 115
FU 28 62 43
FU 28 63 0
FU 28 67 12
FU 28 72 0
FU 28 74 0
FU 28 78 19
FU 28 79 73
FU 28 81 0
FU 28 83 0
FU 28 87 0
FU 28 89 360
FU 28 93 138
FU 28 95 0
FU 28 96 40
FU 29 2 0
FU 29 4 0
FU 29 6 0
FU 29 18 0
FU 29 19 0
FU 29 23 0
FU 29 27 82
FU 29 33 58
FU 29 34 0
FU 29 35 110
FU 29 39 832
FU 29 42 852
FU 29 46 881
FU 29 47 0
FU 29 48 32
FU 29 49 44
FU 29 56 197
FU 29 58 676
FU 29 61 40
FU 29 62 93
FU 29 64 1997
FU 29 65 110
FU 29 68 38
FU 29 71 1997
FU 29 72 0
FU 29 77 0
FU 29 78 49
FU 29 79 98
FU 29 81 0
FU 29 82 326
FU 29 92 0
FU 30 1 0
FU 30 2 0
FU 30 4 0
FU 30 5 55
FU 30 6 281
FU 30 7 0
FU 30 9 38
FU 30 18 0
FU 30 19 196
FU 30 20 0
FU 30 22 0
FU 30 23 0
FU 30 24 5
FU 30 26 0
FU 30 29 0
FU 30 34 0
FU 30 35 0
FU 30 37 0
FU 30 39 11
FU 30 45 13
FU 30 46 37
FU 30 48 53
FU 30 51 29
FU 30 52 37
FU 30 54 65
FU 30 57 7
FU 30 60 42
FU 30 61 106
FU 30 65 59
FU 30 66 81
FU 30 68 58
FU 30 73 25
FU 30 74 0
FU 30 77 0
FU 30 79 0
FU 30 82 59
FU 30 90 0
FU 30 92 0
FU 30 94 0
FU 30 95 0
FU 30 97 0
FU 30 100 0
FU 31 3 42
FU 31 4 7
FU 31 5 191
FU 31 11 1
FU 31 16 0
FU 31 25 71
FU 31 26 303
FU 31 28 4
FU 31 33 97
FU 31 43 20
FU 31 49 0
FU 31 55 55
FU 31 56 0
FU 31 62 2
FU 31 63 0
FU 31 71 0
FU 31 72 0
FU 31 74 1
FU 31 78 175
FU 31 89 135
FU 31 95 0
FU 31 96 466
FU 32 68 64
FU 33 1 0
FU 33 3 19
FU 33 4 0
FU 33 5 94
FU 33 9 83
FU 33 11 0
FU 33 13 56
FU 33 15 0
FU 33 16 0
FU 33 18 0
FU 33 22 0
FU 33 25 90
FU 33 26 0
FU 33 27 50
FU 33 28 0
FU 33 29 0
FU 33 31 48
FU 33 35 0
FU 33 36 418
FU 33 43 178
FU 33 44 0
FU 33 45 70
FU 33 49 0
FU 33 51 6
FU 33 52 63
FU 33 55 59
FU 33 56 0
FU 33 62 29
FU 33 63 0
FU 33 67 33
FU 33 69 0
FU 33 71 0
FU 33 74 0
FU 33 78 15
FU 33 79 81
FU 33 81 0
FU 33 83 0
FU 33 87 0
FU 33 89 211
FU 33 93 92
FU 33 95 0
FU 34 1 0
FU 34 2 0
FU 34 6 0
FU 34 7 0
FU 34 9 23
FU 34 10 0
FU 34 18 0
FU 34 19 0
FU 34 20 0
FU 34 23 0
FU 34 24 49
FU 34 29 0
FU 34 30 0
FU 34 32 145
FU 34 35 0
FU 34 37 0
FU 34 38 0
FU 34 39 17
FU 34 41 0
FU 34 42 0
FU 34 45 28
FU 34 46 16
FU 34 47 0
FU 34 48 52
FU 34 52 144
FU 34 54 36
FU 34 57 19
FU 34 59 97
FU 34 60 59
FU 34 61 40
FU 34 65 66
FU 34 66 51
FU 34 68 36
FU 34 73 91
FU 34 77 0
FU 34 82 23
FU 34 88 0
FU 34 90 0
FU 34 92 0
FU 34 94 0
FU 34 97 0
FU 35 1 0
FU 35 2 0
FU 35 4 0
FU 35 6 0
FU 35 9 103
FU 35 16 107
FU 35 18 0
FU 35 19 0
FU 35 20 0
FU 35 22 0
FU 35 23 0
FU 35 25 52
FU 35 26 0
FU 35 27 20
FU 35 28 106
FU 35 29 0
FU 35 30 0
FU 35 33 0
FU 35 34 0
FU 35 37 0
FU 35 39 32
FU 35 42 0
FU 35 43 61
FU 35 45 47
FU 35 46 23
FU 35 48 53
FU 35 51 28
FU 35 52 39
FU 35 54 120
FU 35 55 50
FU 35 56 0
FU 35 57 31
FU 35 63 0
FU 35 65 52
FU 35 66 173
FU 35 68 85
FU 35 72 0
FU 35 73 154
FU 35 74 0
FU 35 77 0
FU 35 78 30
FU 35 79 0
FU 35 81 0
FU 35 82 38
FU 35 90 0
FU 35 92 0
FU 35 94 0
FU 35 95 0
FU 35 96 34
FU 35 97 0
FU 35 100 0
FU 36 1 0
FU 36 5 57
FU 36 7 0
FU 36 9 67
FU 36 12 0
FU 36 14 0
FU 36 15 0
FU 36 16 0
FU 36 21 0
FU 36 22 0
FU 36 24 22
FU 36 25 28
FU 36 28 51
FU 36 31 40
FU 36 33 0
FU 36 41 0
FU 36 44 0
FU 36 48 48
FU 36 49 107
FU 36 51 25
FU 36 52 51
FU 36 58 0
FU 36 59 59
FU 36 60 62
FU 36 67 90
FU 36 69 0
FU 36 70 26
FU 36 71 0
FU 36 74 0
FU 36 75 0
FU 36 76 139
FU 36 83 0
FU 36 84 179
FU 36 87 0
FU 37 1 0
FU 37 2 0
FU 37 4 284
FU 37 6 0
FU 37 7 0
FU 37 8 0
FU 37 9 18
FU 37 10 0
FU 37 13 106
FU 37 18 0
FU 37 19 0
FU 37 20 0
FU 37 23 0
FU 37 24 18
FU 37 26 0
FU 37 29 0
FU 37 30 0
FU 37 32 58
FU 37 34 0
FU 37 35 0
FU 37 38 0
FU 37 39 38
FU 37 41 0
FU 37 42 0
FU 37 44 0
FU 37 45 62
FU 37 46 20
FU 37 47 0
FU 37 48 66
FU 37 50 0
FU 37 51 13
FU 37 52 42
FU 37 54 55
FU 37 57 45
FU 37 58 0
FU 37 59 87
FU 37 60 16
FU 37 61 96
FU 37 64 0
FU 37 65 40
FU 37 66 108
FU 37 68 83
FU 37 69 0
FU 37 73 43
FU 37 75 0
FU 37 76 180
FU 37 77 0
FU 37 82 16
FU 37 85 159
FU 37 88 0
FU 37 92 0
FU 37 94 0
FU 37 97 0
FU 37 100 0
FU 38 7 0
FU 38 8 0
FU 38 9 15
FU 38 10 0
FU 38 12 0
FU 38 13 151
FU 38 14 0
FU 38 21 0
FU 38 24 39
FU 38 32 127
FU 38 34 0
FU 38 37 0
FU 38 41 0
FU 38 48 74
FU 38 53 0
FU 38 58 0
FU 38 59 34
FU 38 61 106
FU 38 64 0
FU 38 68 125
FU 38 73 155
FU 38 85 228
FU 38 86 0
FU 38 88 2
FU 38 92 0
FU 38 97 4
FU 38 100 0
FU 39 2 1
FU 39 6 248
FU 39 19 133
FU 39 20 432
FU 39 23 313
FU 39 24 78
FU 39 29 0
FU 39 30 324
FU 39 42 106
FU 39 46 37
FU 39 54 24
FU 39 68 95
FU 39 77 412
FU 39 82 54
FU 41 1 0
FU 41 7 0
FU 41 8 0
FU 41 9 18
FU 41 10 0
FU 41 12 0
FU 41 13 61
FU 41 14 0
FU 41 19 0
FU 41 20 0
FU 41 21 0
FU 41 22 0
FU 41 24 17
FU 41 32 73
FU 41 34 0
FU 41 36 0
FU 41 37 0
FU 41 38 0
FU 41 39 23
FU 41 42 0
FU 41 44 0
FU 41 45 66
FU 41 46 40
FU 41 47 0
FU 41 48 22
FU 41 50 0
FU 41 51 18
FU 41 52 48
FU 41 53 0
FU 41 57 64
FU 41 58 0
FU 41 59 28
FU 41 60 17
FU 41 61 108
FU 41 64 0
FU 41 65 83
FU 41 66 35
FU 41 68 50
FU 41 73 55
FU 41 75 0
FU 41 76 153
FU 41 85 96
FU 41 86 0
FU 41 88 1
FU 41 91 122
FU 41 92 0
FU 41 97 2
FU 41 100 0
FU 42 1 0
FU 42 2 1
FU 42 6 224
FU 42 7 0
FU 42 10 932
FU 42 18 0
FU 42 19 286
FU 42 20 488
FU 42 22 0
FU 42 23 383
FU 42 24 21
FU 42 29 0
FU 42 34 0
FU 42 35 0
FU 42 37 0
FU 42 39 57
FU 42 41 0
FU 42 45 65
FU 42 46 22
FU 42 47 0
FU 42 48 99
FU 42 51 41
FU 42 52 45
FU 42 54 22
FU 42 57 35
FU 42 59 83
FU 42 60 53
FU 42 61 52
FU 42 65 153
FU 42 66 156
FU 42 68 87
FU 42 73 89
FU 42 77 277
FU 42 82 19
FU 42 90 0
FU 42 92 0
FU 42 94 0
FU 42 97 831
FU 43 4 0
FU 43 15 0
FU 43 16 0
FU 43 22 0
FU 43 26 2
FU 43 27 43
FU 43 29 0
FU 43 33 0
FU 43 35 0
FU 43 49 0
FU 43 55 9
FU 43 56 0
FU 43 62 0
FU 43 72 0
FU 43 78 10
FU 43 79 0
FU 43 81 0
FU 43 83 252
FU 43 96 40
FU 44 1 0
FU 44 4 3
FU 44 7 0
FU 44 9 66
FU 44 16 0
FU 44 22 0
FU 44 26 1
FU 44 29 0
FU 44 33 0
FU 44 36 0
FU 44 37 0
FU 44 41 0
FU 44 45 19
FU 44 47 0
FU 44 48 72
FU 44 49 0
FU 44 50 0
FU 44 51 23
FU 44 52 34
FU 44 57 31
FU 44 58 0
FU 44 60 5
FU 44 62 0
FU 44 67 33
FU 44 69 0
FU 44 70 198
FU 44 74 0
FU 44 75 0
FU 44 83 0
FU 44 84 191
FU 44 87 0
FU 44 91 203
FU 44 93 141
FU 44 94 0
FU 44 99 0
FU 46 2 2
FU 46 6 243
FU 46 19 218
FU 46 20 428
FU 46 23 174
FU 46 24 52
FU 46 29 0
FU 46 30 543
FU 46 39 74
FU 46 42 108
FU 46 47 0
FU 46 51 27
FU 46 54 21
FU 46 68 54
FU 46 77 252
FU 46 82 107
FU 46 97 624
FU 47 1 0
FU 47 2 1
FU 47 6 0
FU 47 7 0
FU 47 8 0
FU 47 9 44
FU 47 10 0
FU 47 12 0
FU 47 13 67
FU 47 14 0
FU 47 18 0
FU 47 19 0
FU 47 20 0
FU 47 21 1998
FU 47 23 0
FU 47 24 53
FU 47 26 0
FU 47 29 0
FU 47 34 0
FU 47 37 0
FU 47 39 47
FU 47 41 0
FU 47 42 0
FU 47 44 0
FU 47 45 46
FU 47 46 29
FU 47 48 55
FU 47 50 0
FU 47 51 30
FU 47 52 34
FU 47 54 20
FU 47 57 8
FU 47 58 0
FU 47 59 89
FU 47 60 38
FU 47 61 59
FU 47 64 0
FU 47 65 257
FU 47 66 51
FU 47 68 51
FU 47 69 28
FU 47 73 110
FU 47 75 0
FU 47 76 77
FU 47 77 0
FU 47 82 22
FU 47 85 196
FU 47 88 764
FU 47 92 0
FU 47 94 0
FU 47 97 0
FU 47 100 0
FU 48 2 1
FU 48 4 84
FU 48 5 26
FU 48 6 0
FU 48 7 0
FU 48 8 0
FU 48 13 140
FU 48 19 0
FU 48 20 0
FU 48 23 0
FU 48 26 1
FU 48 29 0
FU 48 30 0
FU 48 32 40
FU 48 36 0
FU 48 37 0
FU 48 38 0
FU 48 39 39
FU 48 42 0
FU 48 46 4
FU 48 50 0
FU 48 52 50
FU 48 54 51
FU 48 57 31
FU 48 61 25
FU 48 64 0
FU 48 68 46
FU 48 76 31
FU 48 77 0
FU 48 82 29
FU 48 90 0
FU 48 92 0
FU 48 97 0
FU 49 1 0
FU 49 3 45
FU 49 4 0
FU 49 5 32
FU 49 9 27
FU 49 11 0
FU 49 15 0
FU 49 16 93
FU 49 18 0
FU 49 22 0
FU 49 25 75
FU 49 26 164
FU 49 27 35
FU 49 28 44
FU 49 29 0
FU 49 31 25
FU 49 33 27
FU 49 36 541
FU 49 43 29
FU 49 44 967
FU 49 51 46
FU 49 55 48
FU 49 56 76
FU 49 62 0
FU 49 63 0
FU 49 67 123
FU 49 69 1
FU 49 71 0
FU 49 72 0
FU 49 74 0
FU 49 78 45
FU 49 79 66
FU 49 81 0
FU 49 83 0
FU 49 87 0
FU 49 93 142
FU 49 95 0
FU 49 96 25
FU 50 1 0
FU 50 2 0
FU 50 5 46
FU 50 7 0
FU 50 8 0
FU 50 9 78
FU 50 10 0
FU 50 12 0
FU 50 13 18
FU 50 14 0
FU 50 20 0
FU 50 21 0
FU 50 22 0
FU 50 24 23
FU 50 26 0
FU 50 29 0
FU 50 37 0
FU 50 41 0
FU 50 44 0
FU 50 45 50
FU 50 47 0
FU 50 48 25
FU 50 51 5
FU 50 52 41
FU 50 53 0
FU 50 57 8
FU 50 58 0
FU 50 59 111
FU 50 60 36
FU 50 61 41
FU 50 64 0
FU 50 66 111
FU 50 69 0
FU 50 70 110
FU 50 73 80
FU 50 75 0
FU 50 76 114
FU 50 84 121
FU 50 91 23
FU 50 94 0
FU 50 99 0
FU 51 4 106
FU 51 26 1
FU 51 35 0
FU 51 42 0
FU 51 46 66
FU 51 47 0
FU 51 49 0
FU 51 62 0
FU 51 70 96
FU 51 93 78
FU 52 4 127
FU 52 13 189
FU 52 69 0
FU 52 90 0
FU 53 8 0
FU 53 9 40
FU 53 10 0
FU 53 12 0
FU 53 13 62
FU 53 14 0
FU 53 21 0
FU 53 24 80
FU 53 32 95
FU 53 38 0
FU 53 41 0
FU 53 50 0
FU 53 58 1
FU 53 59 39
FU 53 60 74
FU 53 64 0
FU 53 70 180
FU 53 75 0
FU 53 76 148
FU 53 84 120
FU 53 85 201
FU 53 86 0
FU 53 88 4
FU 53 91 64
FU 53 99 0
FU 54 2 0
FU 54 4 84
FU 54 6 212
FU 54 7 0
FU 54 19 197
FU 54 20 0
FU 54 23 0
FU 54 24 26
FU 54 26 0
FU 54 29 0
FU 54 30 0
FU 54 34 0
FU 54 35 0
FU 54 37 0
FU 54 39 4
FU 54 42 0
FU 54 45 37
FU 54 46 61
FU 54 47 0
FU 54 48 51
FU 54 52 33
FU 54 57 25
FU 54 60 4
FU 54 61 11
FU 54 68 157
FU 54 77 0
FU 54 82 7
FU 54 90 0
FU 54 92 0
FU 54 94 0
FU 54 97 0
FU 54 100 0
FU 55 11 405
FU 55 18 0
FU 55 25 44
FU 55 26 190
FU 55 27 38
FU 55 28 90
FU 55 33 98
FU 55 35 173
FU 55 49 50
FU 55 56 32
FU 55 62 157
FU 55 72 0
FU 55 78 49
FU 55 79 79
FU 55 81 0
FU 56 3 37
FU 56 4 38
FU 56 5 38
FU 56 11 0
FU 56 16 113
FU 56 18 0
FU 56 22 0
FU 56 25 24
FU 56 26 160
FU 56 27 19
FU 56 28 163
FU 56 29 0
FU 56 31 8
FU 56 33 205
FU 56 35 43
FU 56 43 16
FU 56 49 75
FU 56 55 35
FU 56 62 61
FU 56 63 0
FU 56 67 122
FU 56 72 0
FU 56 74 0
FU 56 78 40
FU 56 79 78
FU 56 81 0
FU 56 83 289
FU 56 87 0
FU 56 93 99
FU 56 95 0
FU 56 96 73
FU 57 4 52
FU 57 12 0
FU 57 14 0
FU 57 15 0
FU 57 21 0
FU 57 24 170
FU 57 26 0
FU 57 37 0
FU 57 44 0
FU 57 47 0
FU 57 64 0
FU 57 69 0
FU 57 88 690
FU 57 91 115
FU 58 1 0
FU 58 7 0
FU 58 8 0
FU 58 9 79
FU 58 10 0
FU 58 12 0
FU 58 13 146
FU 58 14 0
FU 58 21 0
FU 58 22 0
FU 58 24 77
FU 58 29 0
FU 58 32 62
FU 58 36 0
FU 58 37 0
FU 58 38 0
FU 58 41 0
FU 58 44 0
FU 58 45 48
FU 58 47 0
FU 58 48 52
FU 58 50 0
FU 58 51 4
FU 58 52 93
FU 58 53 0
FU 58 57 18
FU 58 59 130
FU 58 60 44
FU 58 61 35
FU 58 64 0
FU 58 66 175
FU 58 69 0
FU 58 70 41
FU 58 73 233
FU 58 75 0
FU 58 76 151
FU 58 84 74
FU 58 85 144
FU 58 88 2
FU 58 91 94
FU 58 92 914
FU 58 94 0
FU 58 99 0
FU 59 12 0
FU 59 91 141
FU 60 2 0
FU 60 4 5
FU 60 6 0
FU 60 19 0
FU 60 22 0
FU 60 23 0
FU 60 26 0
FU 60 29 0
FU 60 30 0
FU 60 39 11
FU 60 42 0
FU 60 46 8
FU 60 47 0
FU 60 53 0
FU 60 54 72
FU 60 57 14
FU 60 58 0
FU 60 61 19
FU 60 68 93
FU 60 69 0
FU 60 70 76
FU 60 77 0
FU 60 82 28
FU 60 84 126
FU 60 88 502
FU 60 90 0
FU 61 5 71
FU 61 29 0
FU 62 3 55
FU 62 4 2
FU 62 5 18
FU 62 11 1
FU 62 16 0
FU 62 22 0
FU 62 25 70
FU 62 26 0
FU 62 27 64
FU 62 28 0
FU 62 29 0
FU 62 31 82
FU 62 33 0
FU 62 43 50
FU 62 44 1002
FU 62 49 0
FU 62 51 82
FU 62 55 35
FU 62 56 0
FU 62 63 0
FU 62 67 19
FU 62 71 0
FU 62 72 0
FU 62 74 0
FU 62 78 70
FU 62 79 0
FU 62 81 0
FU 62 83 0
FU 62 87 0
FU 62 89 246
FU 62 93 157
FU 62 95 0
FU 62 96 56
FU 63 3 4
FU 63 4 79
FU 63 5 95
FU 63 11 0
FU 63 16 0
FU 63 18 0
FU 63 22 0
FU 63 25 25
FU 63 26 0
FU 63 28 0
FU 63 29 0
FU 63 31 3
FU 63 33 0
FU 63 35 0
FU 63 43 20
FU 63 49 0
FU 63 55 44
FU 63 56 0
FU 63 62 0
FU 63 67 35
FU 63 72 0
FU 63 74 292
FU 63 78 21
FU 63 79 0
FU 63 81 0
FU 63 96 38
FU 64 7 983
FU 64 29 0
FU 64 32 116
FU 64 38 1996
FU 64 47 0
FU 64 57 10
FU 65 26 0
FU 66 26 0
FU 66 29 0
FU 66 35 0
FU 66 47 0
FU 66 58 0
FU 66 69 0
FU 67 1 0
FU 67 5 26
FU 67 18 0
FU 67 28 0
FU 67 33 0
FU 67 55 111
FU 67 69 0
FU 67 71 0
FU 67 78 27
FU 67 81 0
FU 68 6 0
FU 68 19 0
FU 68 23 0
FU 68 29 0
FU 68 30 0
FU 68 32 96
FU 68 38 0
FU 68 39 30
FU 68 42 0
FU 68 46 16
FU 68 54 59
FU 68 82 36
FU 69 4 123
FU 69 5 97
FU 69 8 1997
FU 69 10 0
FU 69 12 0
FU 69 13 178
FU 69 14 0
FU 69 16 0
FU 69 21 0
FU 69 22 0
FU 69 24 14
FU 69 26 0
FU 69 29 0
FU 69 33 81
FU 69 36 1
FU 69 37 878
FU 69 44 0
FU 69 45 57
FU 69 47 1
FU 69 49 101
FU 69 50 0
FU 69 51 35
FU 69 52 47
FU 69 57 135
FU 69 58 1
FU 69 60 374
FU 69 64 0
FU 69 66 83
FU 69 67 33
FU 69 70 171
FU 69 71 0
FU 69 73 125
FU 69 75 0
FU 69 76 60
FU 69 83 399
FU 69 84 199
FU 69 87 0
FU 69 91 88
FU 69 93 152
FU 69 94 1002
FU 69 99 0
FU 70 8 0
FU 70 51 47
FU 70 60 48
FU 70 84 44
FU 71 1 0
FU 71 3 29
FU 71 4 3
FU 71 5 33
FU 71 9 38
FU 71 11 0
FU 71 15 0
FU 71 16 0
FU 71 22 0
FU 71 25 58
FU 71 26 0
FU 71 29 0
FU 71 31 41
FU 71 33 0
FU 71 36 0
FU 71 45 64
FU 71 49 0
FU 71 51 17
FU 71 62 1
FU 71 67 80
FU 71 69 0
FU 71 74 0
FU 71 75 0
FU 71 83 0
FU 71 87 0
FU 71 93 67
FU 71 95 0
FU 72 3 12
FU 72 4 4
FU 72 5 55
FU 72 11 0
FU 72 18 0
FU 72 22 1989
FU 72 25 62
FU 72 27 3
FU 72 28 174
FU 72 29 0
FU 72 31 567
FU 72 35 150
FU 72 43 24
FU 72 49 170
FU 72 55 50
FU 72 56 53
FU 72 62 133
FU 72 63 0
FU 72 74 551
FU 72 78 43
FU 72 79 116
FU 72 81 0
FU 72 96 98
FU 73 26 0
FU 73 29 0
FU 73 32 158
FU 73 35 0
FU 73 38 0
FU 73 69 0
FU 74 1 0
FU 74 2 922
FU 74 3 43
FU 74 4 5
FU 74 5 46
FU 74 11 0
FU 74 15 0
FU 74 16 0
FU 74 18 0
FU 74 22 0
FU 74 25 23
FU 74 26 0
FU 74 27 42
FU 74 28 0
FU 74 29 0
FU 74 30 0
FU 74 31 25
FU 74 33 0
FU 74 35 0
FU 74 36 0
FU 74 43 136
FU 74 44 0
FU 74 49 0
FU 74 51 31
FU 74 52 32
FU 74 55 49
FU 74 56 0
FU 74 62 0
FU 74 63 0
FU 74 67 184
FU 74 71 0
FU 74 72 0
FU 74 75 0
FU 74 78 39
FU 74 79 50
FU 74 81 0
FU 74 83 0
FU 74 87 0
FU 74 93 227
FU 74 95 0
FU 74 96 47
FU 75 1 0
FU 75 2 4
FU 75 7 0
FU 75 8 0
FU 75 9 60
FU 75 10 0
FU 75 12 0
FU 75 13 94
FU 75 14 0
FU 75 15 0
FU 75 18 0
FU 75 20 0
FU 75 21 0
FU 75 24 34
FU 75 26 0
FU 75 29 0
FU 75 36 0
FU 75 37 0
FU 75 41 0
FU 75 44 0
FU 75 45 55
FU 75 47 0
FU 75 48 42
FU 75 50 0
FU 75 51 34
FU 75 52 39
FU 75 53 0
FU 75 57 12
FU 75 58 0
FU 75 59 61
FU 75 60 40
FU 75 61 108
FU 75 64 0
FU 75 66 135
FU 75 69 0
FU 75 70 151
FU 75 71 0
FU 75 73 40
FU 75 74 0
FU 75 76 63
FU 75 83 0
FU 75 84 134
FU 75 91 67
FU 75 92 0
FU 75 94 0
FU 75 97 0
FU 76 4 172
FU 76 7 0
FU 76 26 1
FU 76 29 0
FU 76 37 0
FU 76 47 0
FU 76 48 18
FU 76 50 0
FU 76 52 13
FU 76 53 0
FU 76 57 64
FU 76 58 11
FU 76 69 0
FU 76 84 44
FU 76 91 80
FU 76 94 0
FU 76 99 0
FU 77 1 0
FU 77 2 0
FU 77 5 60
FU 77 6 0
FU 77 7 0
FU 77 18 0
FU 77 19 0
FU 77 20 0
FU 77 22 0
FU 77 23 0
FU 77 24 30
FU 77 26 0
FU 77 29 0
FU 77 30 0
FU 77 34 0
FU 77 35 0
FU 77 37 0
FU 77 39 18
FU 77 42 0
FU 77 45 54
FU 77 46 23
FU 77 47 0
FU 77 48 29
FU 77 51 23
FU 77 52 5
FU 77 54 40
FU 77 57 15
FU 77 59 45
FU 77 60 7
FU 77 61 157
FU 77 65 59
FU 77 66 72
FU 77 68 34
FU 77 73 106
FU 77 82 28
FU 77 90 0
FU 77 92 0
FU 77 94 0
FU 78 3 105
FU 78 4 17
FU 78 11 5
FU 78 15 0
FU 78 16 0
FU 78 25 29
FU 78 26 0
FU 78 27 48
FU 78 28 0
FU 78 29 0
FU 78 31 74
FU 78 33 1
FU 78 35 0
FU 78 43 85
FU 78 49 0
FU 78 55 34
FU 78 56 0
FU 78 67 78
FU 78 72 0
FU 78 79 0
FU 78 81 0
FU 78 83 662
FU 78 87 0
FU 78 96 98
FU 79 1 0
FU 79 4 45
FU 79 5 29
FU 79 11 642
FU 79 16 198
FU 79 18 0
FU 79 22 0
FU 79 25 54
FU 79 26 2
FU 79 27 42
FU 79 28 84
FU 79 29 0
FU 79 30 276
FU 79 33 69
FU 79 35 88
FU 79 43 99
FU 79 49 108
FU 79 55 82
FU 79 56 131
FU 79 62 103
FU 79 63 0
FU 79 72 1
FU 79 74 270
FU 79 78 114
FU 79 81 0
FU 79 95 0
FU 81 3 18
FU 81 4 18
FU 81 5 26
FU 81 11 0
FU 81 15 1997
FU 81 16 102
FU 81 18 0
FU 81 22 0
FU 81 25 45
FU 81 26 0
FU 81 27 12
FU 81 28 160
FU 81 29 0
FU 81 31 78
FU 81 33 242
FU 81 35 59
FU 81 43 74
FU 81 49 73
FU 81 55 82
FU 81 56 22
FU 81 62 193
FU 81 63 0
FU 81 67 72
FU 81 72 0
FU 81 74 0
FU 81 78 43
FU 81 79 45
FU 81 95 0
FU 81 96 45
FU 82 2 1
FU 82 6 135
FU 82 19 35
FU 82 20 0
FU 82 22 0
FU 82 23 275
FU 82 24 20
FU 82 29 0
FU 82 30 0
FU 82 39 18
FU 82 42 130
FU 82 46 5
FU 82 47 0
FU 82 54 53
FU 82 68 133
FU 82 77 0
FU 82 97 1
FU 83 3 28
FU 83 4 6
FU 83 5 28
FU 83 11 1
FU 83 15 0
FU 83 16 0
FU 83 22 0
FU 83 25 41
FU 83 26 2
FU 83 28 0
FU 83 31 81
FU 83 33 0
FU 83 36 3
FU 83 43 46
FU 83 44 3
FU 83 45 50
FU 83 49 0
FU 83 51 41
FU 83 56 126
FU 83 62 0
FU 83 67 101
FU 83 69 0
FU 83 71 0
FU 83 74 1
FU 83 75 0
FU 83 78 10
FU 83 87 0
FU 83 89 147
FU 83 93 226
FU 84 60 41
FU 86 9 156
FU 86 12 0
FU 86 14 0
FU 86 21 0
FU 86 24 136
FU 86 32 87
FU 86 38 0
FU 86 41 0
FU 86 53 0
FU 86 59 51
FU 86 85 85
FU 86 88 1
FU 86 99 0
FU 87 3 39
FU 87 4 4
FU 87 5 56
FU 87 11 0
FU 87 15 0
FU 87 16 0
FU 87 22 0
FU 87 25 46
FU 87 26 3
FU 87 28 0
FU 87 29 0
FU 87 31 71
FU 87 33 0
FU 87 36 1
FU 87 43 27
FU 87 44 0
FU 87 49 0
FU 87 51 38
FU 87 56 0
FU 87 62 0
FU 87 67 49
FU 87 69 0
FU 87 71 0
FU 87 74 4
FU 87 78 13
FU 87 83 0
FU 87 89 164
FU 87 93 121
FU 87 95 0
FU 88 1 0
FU 88 7 0
FU 88 8 0
FU 88 9 61
FU 88 10 0
FU 88 12 0
FU 88 13 125
FU 88 14 0
FU 88 21 0
FU 88 24 44
FU 88 32 125
FU 88 34 0
FU 88 37 0
FU 88 38 0
FU 88 41 0
FU 88 47 0
FU 88 53 0
FU 88 57 77
FU 88 58 1
FU 88 59 81
FU 88 60 25
FU 88 61 30
FU 88 64 0
FU 88 85 234
FU 88 86 0
FU 89 33 0
FU 90 1 0
FU 90 2 32
FU 90 6 0
FU 90 7 0
FU 90 18 0
FU 90 19 0
FU 90 20 0
FU 90 23 0
FU 90 24 12
FU 90 30 0
FU 90 34 0
FU 90 35 0
FU 90 39 30
FU 90 42 0
FU 90 46 57
FU 90 48 22
FU 90 52 12
FU 90 54 35
FU 90 57 10
FU 90 60 52
FU 90 61 82
FU 90 65 14
FU 90 66 143
FU 90 68 23
FU 90 77 0
FU 90 82 14
FU 90 92 0
FU 90 97 1
FU 91 9 22
FU 91 59 46
FU 92 1 0
FU 92 2 1
FU 92 6 0
FU 92 7 0
FU 92 9 70
FU 92 18 0
FU 92 19 0
FU 92 20 0
FU 92 24 120
FU 92 26 0
FU 92 29 0
FU 92 30 0
FU 92 32 172
FU 92 34 0
FU 92 35 0
FU 92 37 0
FU 92 38 0
FU 92 39 28
FU 92 41 0
FU 92 42 0
FU 92 45 35
FU 92 46 27
FU 92 47 0
FU 92 48 111
FU 92 51 35
FU 92 52 54
FU 92 54 54
FU 92 57 15
FU 92 58 474
FU 92 59 92
FU 92 60 14
FU 92 61 116
FU 92 65 151
FU 92 75 0
FU 92 77 0
FU 92 82 97
FU 92 90 0
FU 92 94 0
FU 93 51 96
FU 94 1 0
FU 94 2 3
FU 94 6 0
FU 94 7 0
FU 94 8 0
FU 94 10 0
FU 94 13 73
FU 94 18 0
FU 94 19 0
FU 94 20 0
FU 94 23 0
FU 94 29 0
FU 94 30 0
FU 94 34 0
FU 94 35 0
FU 94 37 0
FU 94 39 12
FU 94 42 0
FU 94 44 0
FU 94 45 43
FU 94 46 28
FU 94 47 0
FU 94 48 48
FU 94 50 0
FU 94 51 31
FU 94 54 30
FU 94 57 18
FU 94 58 0
FU 94 60 27
FU 94 61 59
FU 94 64 0
FU 94 65 100
FU 94 66 96
FU 94 68 7
FU 94 69 0
FU 94 73 36
FU 94 75 0
FU 94 76 94
FU 94 77 0
FU 94 82 33
FU 94 84 62
FU 94 91 93
FU 94 92 0
FU 94 97 1
FU 95 1 0
FU 95 3 27
FU 95 4 2
FU 95 5 82
FU 95 16 0
FU 95 18 0
FU 95 27 49
FU 95 28 0
FU 95 29 0
FU 95 30 0
FU 95 31 30
FU 95 33 0
FU 95 35 0
FU 95 43 5
FU 95 45 41
FU 95 49 0
FU 95 51 15
FU 95 55 40
FU 95 56 0
FU 95 62 0
FU 95 67 216
FU 95 71 0
FU 95 74 0
FU 95 78 40
FU 95 79 0
FU 95 81 0
FU 95 87 0
FU 95 93 125
FU 95 96 70
FU 96 3 112
FU 96 25 79
FU 96 27 58
FU 96 31 107
FU 96 35 1
FU 96 43 119
FU 96 49 52
FU 96 55 114
FU 96 56 0
FU 96 62 537
FU 96 72 0
FU 96 78 113
FU 96 81 0
FU 97 1 0
FU 97 6 0
FU 97 7 0
FU 97 9 89
FU 97 19 0
FU 97 20 0
FU 97 24 85
FU 97 26 0
FU 97 29 0
FU 97 30 0
FU 97 34 0
FU 97 35 0
FU 97 37 0
FU 97 38 0
FU 97 41 0
FU 97 42 0
FU 97 46 15
FU 97 47 0
FU 97 48 27
FU 97 51 24
FU 97 52 96
FU 97 54 51
FU 97 57 74
FU 97 59 103
FU 97 61 26
FU 97 65 32
FU 97 75 0
FU 97 82 26
FU 97 90 0
FU 97 94 0
FU 99 8 0
FU 99 10 0
FU 99 12 0
FU 99 13 68
FU 99 14 0
FU 99 21 0
FU 99 44 3
FU 99 50 0
FU 99 53 0
FU 99 58 1
FU 99 64 0
FU 99 69 0
FU 99 70 184
FU 99 76 106
FU 99 86 0
FU 99 91 66
FU 100 1 0
FU 100 6 6
FU 100 9 165
FU 100 19 0
FU 100 24 48
FU 100 26 0
FU 100 30 0
FU 100 35 4
FU 100 37 0
FU 100 38 0
FU 100 41 0
FU 100 46 29
FU 100 47 0
FU 100 51 46
FU 100 52 57
FU 100 54 77
FU 100 59 24
FU 100 82 138
