Nodes: 21
Arcs: 184
Terminals_rem: 0
Nodes_rem: 0
Arcs_rem: 33
First LB: 2
LB: 2
Iter. LB: 0
First UB: 5
UB: 4
Iter. UB: 22
gap: 50
BM. Time: 0
Runtime: 32
FL 0 16 0
FL 0 4 12
FL 0 20 35
FL 0 18 14
FL 0 12 7
FL 0 14 4
FL 0 15 0
FL 0 11 0
FL 0 3 2006
FL 0 5 14
FL 0 7 3162
FL 0 1 194
FL 0 6 157
FL 0 8 150
FL 0 9 740
FL 0 10 167
FL 0 13 484
FL 0 17 125
FL 0 19 692
FL 2 5 6375
FL 2 6 186
FL 2 8 2412
FL 2 10 1980
FL 2 11 6944
FL 2 12 2791
FL 2 14 1835
FL 2 15 929
FL 2 16 2930
FL 2 17 3655
FL 2 0 7963
FL 3 7 0
FL 3 20 6
FL 4 5 2
FL 4 6 293
FL 4 8 79
FL 4 9 263
FL 4 11 0
FL 4 13 161
FL 4 17 53
FL 4 18 6
FL 5 2 0
FL 5 4 1172
FL 5 6 191
FL 5 8 123
FL 5 10 246
FL 5 12 374
FL 5 13 1102
FL 5 14 382
FL 5 17 213
FL 5 18 1833
FL 7 1 255
FL 7 3 0
FL 7 6 150
FL 7 9 188
FL 7 11 0
FL 7 13 104
FL 7 17 69
FL 7 19 386
FL 7 20 12
FL 8 2 0
FL 8 4 482
FL 8 5 219
FL 8 10 106
FL 8 11 0
FL 8 12 105
FL 8 13 81
FL 8 14 157
FL 8 17 90
FL 8 18 387
FL 9 1 305
FL 9 4 4
FL 9 10 137
FL 9 11 0
FL 9 13 125
FL 9 17 86
FL 9 18 6
FL 10 2 0
FL 10 5 151
FL 10 8 89
FL 10 9 278
FL 10 11 1
FL 10 12 113
FL 10 13 88
FL 10 14 240
FL 10 17 118
FL 10 18 337
FL 11 1 160
FL 11 2 0
FL 11 4 515
FL 11 6 221
FL 11 7 0
FL 11 8 78
FL 11 9 273
FL 11 10 184
FL 11 12 144
FL 11 13 85
FL 11 17 45
FL 11 19 305
FL 11 20 2936
FL 12 2 0
FL 12 5 423
FL 12 6 136
FL 12 8 155
FL 12 10 170
FL 12 11 1
FL 12 13 208
FL 12 14 356
FL 12 15 469
FL 12 17 96
FL 13 1 294
FL 13 4 5
FL 13 5 3
FL 13 7 2
FL 13 8 194
FL 13 9 285
FL 13 10 107
FL 13 11 0
FL 13 12 4
FL 13 17 61
FL 13 18 5
FL 13 20 7
FL 14 2 0
FL 14 5 145
FL 14 6 230
FL 14 8 134
FL 14 10 105
FL 14 12 202
FL 14 15 414
FL 14 17 144
FL 15 2 0
FL 15 12 2
FL 15 14 298
FL 15 16 0
FL 16 2 0
FL 16 15 488
FL 16 19 442
FL 17 1 228
FL 17 2 0
FL 17 4 660
FL 17 5 301
FL 17 8 73
FL 17 9 216
FL 17 10 94
FL 17 11 0
FL 17 12 272
FL 17 13 215
FL 17 14 102
FL 17 18 710
FL 18 4 7
FL 18 5 3
FL 18 6 273
FL 18 8 140
FL 18 9 420
FL 18 10 119
FL 18 13 220
FL 18 17 116
FL 19 1 264
FL 19 11 0
FL 19 16 0
FL 19 20 6
FL 20 1 300
FL 20 3 0
FL 20 6 163
FL 20 7 0
FL 20 11 0
FL 20 13 94
FL 20 19 445
FU 0 16 1
FU 0 4 4
FU 0 20 7
FU 0 18 6
FU 0 12 1
FU 0 14 3
FU 0 15 1
FU 0 11 1
FU 0 3 2000
FU 0 5 4
FU 0 7 2000
FU 0 1 194
FU 0 6 164
FU 0 8 128
FU 0 9 387
FU 0 10 137
FU 0 13 252
FU 0 17 68
FU 0 19 541
FU 2 5 1000
FU 2 6 185
FU 2 8 839
FU 2 10 720
FU 2 11 1998
FU 2 12 904
FU 2 14 754
FU 2 15 663
FU 2 16 1999
FU 2 17 929
FU 2 0 2000
FU 3 7 0
FU 3 20 0
FU 4 5 0
FU 4 6 290
FU 4 8 76
FU 4 9 225
FU 4 11 0
FU 4 13 139
FU 4 17 68
FU 4 18 0
FU 5 2 0
FU 5 4 630
FU 5 6 189
FU 5 8 100
FU 5 10 170
FU 5 12 282
FU 5 13 470
FU 5 14 260
FU 5 17 118
FU 5 18 801
FU 7 1 253
FU 7 3 0
FU 7 6 149
FU 7 9 178
FU 7 11 0
FU 7 13 86
FU 7 17 71
FU 7 19 341
FU 7 20 0
FU 8 2 0
FU 8 4 426
FU 8 5 187
FU 8 10 92
FU 8 11 0
FU 8 12 115
FU 8 13 104
FU 8 14 154
FU 8 17 89
FU 8 18 352
FU 9 1 309
FU 9 4 1
FU 9 10 112
FU 9 11 0
FU 9 13 108
FU 9 17 83
FU 9 18 0
FU 10 2 0
FU 10 5 158
FU 10 8 88
FU 10 9 261
FU 10 11 0
FU 10 12 123
FU 10 13 90
FU 10 14 228
FU 10 17 119
FU 10 18 316
FU 11 1 164
FU 11 2 0
FU 11 4 472
FU 11 6 218
FU 11 7 0
FU 11 8 82
FU 11 9 254
FU 11 10 189
FU 11 12 132
FU 11 13 101
FU 11 17 69
FU 11 19 296
FU 11 20 1993
FU 12 2 0
FU 12 5 291
FU 12 6 137
FU 12 8 155
FU 12 10 133
FU 12 11 1
FU 12 13 192
FU 12 14 285
FU 12 15 460
FU 12 17 93
FU 13 1 294
FU 13 4 0
FU 13 5 0
FU 13 7 0
FU 13 8 191
FU 13 9 215
FU 13 10 123
FU 13 11 0
FU 13 12 0
FU 13 17 77
FU 13 18 10
FU 13 20 0
FU 14 2 0
FU 14 5 124
FU 14 6 229
FU 14 8 124
FU 14 10 136
FU 14 12 167
FU 14 15 400
FU 14 17 131
FU 15 2 0
FU 15 12 0
FU 15 14 219
FU 15 16 0
FU 16 2 0
FU 16 15 476
FU 16 19 408
FU 17 1 223
FU 17 2 0
FU 17 4 463
FU 17 5 236
FU 17 8 92
FU 17 9 192
FU 17 10 88
FU 17 11 0
FU 17 12 276
FU 17 13 189
FU 17 14 97
FU 17 18 515
FU 18 4 4
FU 18 5 0
FU 18 6 277
FU 18 8 125
FU 18 9 288
FU 18 10 100
FU 18 13 170
FU 18 17 85
FU 19 1 263
FU 19 11 0
FU 19 16 0
FU 19 20 0
FU 20 1 300
FU 20 3 0
FU 20 6 162
FU 20 7 0
FU 20 11 0
FU 20 13 99
FU 20 19 414
