Nodes: 101
Arcs: 4416
Terminals_rem: 0
Nodes_rem: 31
Arcs_rem: 2227
First LB: 13
LB: 13
Iter. LB: 0
First UB: 42
UB: 29
Iter. UB: 244
gap: 55.1724
BM. Time: 0
Runtime: 1305
FL 0 14 3421
FL 0 4 2473
FL 0 2 2658
FL 0 40 62
FL 0 76 47
FL 0 18 2789
FL 0 57 59
FL 0 8 0
FL 0 79 0
FL 0 9 83
FL 0 48 30
FL 0 37 85
FL 0 31 2772
FL 0 33 2594
FL 0 47 8
FL 0 35 65
FL 0 43 63
FL 0 66 2631
FL 0 15 59
FL 0 27 81
FL 0 62 2612
FL 0 69 101
FL 0 16 0
FL 0 24 85
FL 0 54 3328
FL 0 19 0
FL 0 20 16
FL 0 17 3150
FL 0 71 31
FL 0 87 69
FL 0 81 117
FL 0 41 2778
FL 0 11 0
FL 0 7 0
FL 0 77 29
FL 0 67 0
FL 0 44 109
FL 0 64 71
FL 0 10 2928
FL 0 26 0
FL 0 52 3161
FL 0 70 126
FL 0 25 18
FL 0 74 0
FL 0 61 136
FL 0 1 66
FL 0 3 2000
FL 0 5 38
FL 0 6 2000
FL 0 12 118
FL 0 13 11
FL 0 21 120
FL 0 22 2000
FL 0 23 69
FL 0 28 2000
FL 0 29 2000
FL 0 30 32
FL 0 32 37
FL 0 34 31
FL 0 36 2000
FL 0 38 125
FL 0 39 68
FL 0 42 52
FL 0 45 2000
FL 0 46 2000
FL 0 49 2000
FL 0 50 82
FL 0 51 2000
FL 0 53 2000
FL 0 55 76
FL 0 56 1178
FL 0 58 2000
FL 0 59 2000
FL 0 60 205
FL 0 63 101
FL 0 65 2000
FL 0 68 2000
FL 0 72 17
FL 0 75 2000
FL 0 78 167
FL 0 80 2000
FL 0 82 2000
FL 0 83 2000
FL 0 84 139
FL 0 85 125
FL 0 86 137
FL 0 88 285
FL 0 89 2000
FL 0 90 2000
FL 0 91 2000
FL 0 92 2000
FL 0 93 2000
FL 0 94 2000
FL 0 95 2000
FL 0 96 2000
FL 0 97 2000
FL 0 98 2000
FL 0 99 2000
FL 0 100 2000
FL 1 48 455
FL 2 10 0
FL 2 11 0
FL 2 12 10
FL 2 13 62
FL 2 14 0
FL 2 15 12
FL 2 16 0
FL 2 17 0
FL 2 23 15
FL 2 27 13
FL 2 30 45
FL 2 31 0
FL 2 32 63
FL 2 37 15
FL 2 40 9
FL 2 41 0
FL 2 44 14
FL 2 48 16
FL 2 50 19
FL 2 52 0
FL 2 57 13
FL 2 60 96
FL 2 62 0
FL 2 63 32
FL 2 64 13
FL 2 69 16
FL 2 70 13
FL 2 71 15
FL 2 76 12
FL 2 77 3
FL 2 78 145
FL 2 79 0
FL 2 81 7
FL 4 5 57
FL 4 7 0
FL 4 8 0
FL 4 11 0
FL 4 13 18
FL 4 17 0
FL 4 21 26
FL 4 23 59
FL 4 24 18
FL 4 30 12
FL 4 31 0
FL 4 33 0
FL 4 35 5
FL 4 38 16
FL 4 39 13
FL 4 42 65
FL 4 43 15
FL 4 52 0
FL 4 54 0
FL 4 56 28
FL 4 61 10
FL 4 66 0
FL 4 67 0
FL 4 72 9
FL 4 74 0
FL 4 77 4
FL 4 79 0
FL 4 84 119
FL 5 50 55
FL 5 73 0
FL 7 1 29
FL 7 4 1
FL 7 5 16
FL 7 8 0
FL 7 9 11
FL 7 11 0
FL 7 12 47
FL 7 13 48
FL 7 14 1
FL 7 16 0
FL 7 17 0
FL 7 18 1
FL 7 19 0
FL 7 20 2
FL 7 21 13
FL 7 23 51
FL 7 24 12
FL 7 25 2
FL 7 26 0
FL 7 27 10
FL 7 30 20
FL 7 31 0
FL 7 33 1
FL 7 34 39
FL 7 35 2
FL 7 37 11
FL 7 38 12
FL 7 39 1
FL 7 40 1
FL 7 41 1
FL 7 42 69
FL 7 43 6
FL 7 44 13
FL 7 47 1
FL 7 48 13
FL 7 50 15
FL 7 52 0
FL 7 54 0
FL 7 55 72
FL 7 56 9
FL 7 57 13
FL 7 61 7
FL 7 63 63
FL 7 64 6
FL 7 66 0
FL 7 67 0
FL 7 69 12
FL 7 70 11
FL 7 71 10
FL 7 72 3
FL 7 73 0
FL 7 74 0
FL 7 77 2
FL 7 79 0
FL 7 81 1
FL 7 84 57
FL 8 1 47
FL 8 4 0
FL 8 5 66
FL 8 7 0
FL 8 9 8
FL 8 10 0
FL 8 11 0
FL 8 12 61
FL 8 13 34
FL 8 14 0
FL 8 15 0
FL 8 16 0
FL 8 17 0
FL 8 18 0
FL 8 19 0
FL 8 20 0
FL 8 21 6
FL 8 23 27
FL 8 24 2
FL 8 25 0
FL 8 26 0
FL 8 27 1
FL 8 30 44
FL 8 31 0
FL 8 32 45
FL 8 33 0
FL 8 34 52
FL 8 35 0
FL 8 37 2
FL 8 38 3
FL 8 39 2
FL 8 40 0
FL 8 41 0
FL 8 42 69
FL 8 43 0
FL 8 44 2539
FL 8 47 0
FL 8 50 8606
FL 8 52 0
FL 8 54 0
FL 8 55 144
FL 8 56 17
FL 8 57 11
FL 8 61 0
FL 8 63 31
FL 8 64 5
FL 8 66 0
FL 8 67 0
FL 8 69 313
FL 8 70 2307
FL 8 71 9
FL 8 72 2
FL 8 73 0
FL 8 74 0
FL 8 77 2
FL 8 79 0
FL 8 81 0
FL 8 84 63
FL 8 86 142
FL 8 87 700
FL 8 88 234
FL 9 1 76
FL 9 5 101
FL 9 7 0
FL 9 8 0
FL 9 10 0
FL 9 11 0
FL 9 12 22
FL 9 13 56
FL 9 17 0
FL 9 18 0
FL 9 20 2
FL 9 21 22
FL 9 23 61
FL 9 24 13
FL 9 25 2
FL 9 26 0
FL 9 27 10
FL 9 30 35
FL 9 31 0
FL 9 33 0
FL 9 34 22
FL 9 35 2
FL 9 37 11
FL 9 38 9
FL 9 39 3
FL 9 40 2
FL 9 41 0
FL 9 42 43
FL 9 43 7
FL 9 44 11
FL 9 48 10
FL 9 50 9
FL 9 52 0
FL 9 54 0
FL 9 56 19
FL 9 57 8
FL 9 61 7
FL 9 63 35
FL 9 64 2269
FL 9 66 0
FL 9 67 0
FL 9 69 10
FL 9 71 9
FL 9 72 3
FL 9 74 0
FL 9 77 2
FL 9 79 0
FL 9 81 2
FL 9 84 104
FL 9 86 65
FL 9 88 113
FL 10 2 0
FL 10 5 20
FL 10 8 0
FL 10 9 18
FL 10 12 29
FL 10 13 39
FL 10 14 0
FL 10 15 13
FL 10 18 0
FL 10 26 0
FL 10 27 16
FL 10 30 22
FL 10 31 0
FL 10 32 81
FL 10 33 0
FL 10 37 16
FL 10 40 13
FL 10 41 0
FL 10 43 18
FL 10 44 19
FL 10 48 18
FL 10 50 20
FL 10 52 0
FL 10 54 0
FL 10 57 15
FL 10 60 66
FL 10 61 17
FL 10 62 0
FL 10 63 90
FL 10 64 16
FL 10 66 0
FL 10 67 0
FL 10 69 18
FL 10 70 14
FL 10 74 0
FL 10 76 15
FL 10 77 4
FL 10 79 0
FL 10 81 12
FL 10 84 123
FL 10 87 23
FL 10 88 174
FL 11 1 58
FL 11 2 0
FL 11 4 0
FL 11 5 8
FL 11 7 0
FL 11 8 0
FL 11 9 7
FL 11 12 42
FL 11 13 36
FL 11 14 0
FL 11 16 0
FL 11 17 0
FL 11 19 0
FL 11 20 0
FL 11 21 17
FL 11 23 34
FL 11 25 0
FL 11 26 0
FL 11 27 0
FL 11 30 64
FL 11 32 11
FL 11 34 47
FL 11 37 1
FL 11 40 0
FL 11 41 0
FL 11 42 28
FL 11 44 7
FL 11 47 0
FL 11 52 0
FL 11 54 0
FL 11 55 76
FL 11 61 0
FL 11 63 23
FL 11 66 0
FL 11 67 0
FL 11 70 3
FL 11 71 7
FL 11 72 2
FL 11 73 0
FL 11 74 0
FL 11 77 2
FL 11 79 0
FL 11 81 0
FL 11 85 131
FL 11 86 32
FL 11 88 319
FL 12 19 0
FL 12 34 111
FL 12 42 48
FL 12 72 9
FL 12 86 55
FL 14 1 70
FL 14 2 0
FL 14 5 61
FL 14 7 0
FL 14 8 0
FL 14 10 0
FL 14 11 0
FL 14 12 56
FL 14 13 56
FL 14 15 13
FL 14 16 0
FL 14 17 0
FL 14 19 0
FL 14 20 6
FL 14 21 48
FL 14 23 57
FL 14 25 5
FL 14 26 0
FL 14 27 15
FL 14 30 34
FL 14 31 0
FL 14 32 32
FL 14 34 70
FL 14 37 15
FL 14 40 15
FL 14 41 0
FL 14 44 17
FL 14 48 19
FL 14 50 19
FL 14 52 0
FL 14 54 0
FL 14 55 74
FL 14 57 15
FL 14 60 70
FL 14 62 0
FL 14 63 83
FL 14 64 17
FL 14 69 19
FL 14 70 14
FL 14 71 17
FL 14 72 10
FL 14 74 0
FL 14 76 14
FL 14 77 6
FL 14 78 133
FL 14 79 0
FL 14 81 13
FL 14 85 180
FL 14 87 19
FL 14 88 130
FL 15 2 0
FL 15 8 0
FL 15 10 0
FL 15 12 63
FL 15 13 31
FL 15 14 0
FL 15 16 0
FL 15 23 9
FL 15 25 2
FL 15 26 0
FL 15 27 12
FL 15 30 60
FL 15 31 0
FL 15 32 100
FL 15 37 11
FL 15 40 2
FL 15 41 0
FL 15 44 13
FL 15 48 12
FL 15 50 15
FL 15 52 0
FL 15 54 0
FL 15 57 8
FL 15 60 34
FL 15 62 0
FL 15 63 64
FL 15 64 8
FL 15 69 13
FL 15 70 12
FL 15 71 11
FL 15 76 6
FL 15 77 2
FL 15 78 145
FL 15 79 0
FL 15 81 3
FL 15 87 12
FL 15 88 107
FL 16 1 23
FL 16 2 0
FL 16 5 64
FL 16 7 0
FL 16 8 0
FL 16 11 0
FL 16 12 68
FL 16 13 77
FL 16 14 0
FL 16 15 25
FL 16 17 0
FL 16 21 97
FL 16 23 59
FL 16 25 18
FL 16 26 0
FL 16 27 33
FL 16 30 50
FL 16 34 17
FL 16 37 28
FL 16 42 37
FL 16 44 34
FL 16 48 35
FL 16 50 36
FL 16 54 0
FL 16 70 30
FL 16 71 24
FL 16 72 14
FL 16 73 0
FL 16 74 0
FL 16 76 21
FL 16 77 22
FL 16 78 133
FL 16 79 0
FL 16 81 26
FL 16 85 52
FL 16 86 75
FL 17 1 93
FL 17 2 0
FL 17 4 0
FL 17 5 35
FL 17 7 0
FL 17 8 0
FL 17 9 16
FL 17 11 0
FL 17 12 20
FL 17 13 80
FL 17 14 0
FL 17 16 0
FL 17 18 0
FL 17 19 0
FL 17 20 5
FL 17 21 46
FL 17 23 26
FL 17 24 17
FL 17 25 4
FL 17 26 0
FL 17 30 16
FL 17 31 0
FL 17 32 29
FL 17 33 0
FL 17 34 25
FL 17 35 3
FL 17 37 15
FL 17 38 32
FL 17 39 9
FL 17 40 7
FL 17 41 0
FL 17 42 124
FL 17 43 14
FL 17 44 14
FL 17 47 7
FL 17 52 0
FL 17 54 0
FL 17 55 135
FL 17 56 51
FL 17 57 14
FL 17 61 11
FL 17 63 54
FL 17 66 0
FL 17 67 0
FL 17 69 18
FL 17 70 13
FL 17 71 16
FL 17 72 9
FL 17 74 0
FL 17 77 2
FL 17 79 0
FL 17 81 6
FL 17 84 80
FL 17 86 89
FL 17 87 15
FL 18 1 30
FL 18 5 58
FL 18 7 0
FL 18 8 0
FL 18 9 12
FL 18 10 0
FL 18 12 11
FL 18 13 24
FL 18 17 0
FL 18 21 10
FL 18 23 16
FL 18 24 16
FL 18 25 3
FL 18 26 0
FL 18 27 12
FL 18 30 77
FL 18 31 0
FL 18 33 0
FL 18 35 2
FL 18 37 14
FL 18 38 14
FL 18 39 7
FL 18 40 4
FL 18 41 0
FL 18 42 46
FL 18 43 11
FL 18 44 13
FL 18 48 15
FL 18 50 17
FL 18 52 0
FL 18 54 0
FL 18 56 15
FL 18 57 13
FL 18 61 10
FL 18 63 48
FL 18 64 9
FL 18 66 0
FL 18 67 0
FL 18 69 14
FL 18 72 5
FL 18 74 0
FL 18 77 2
FL 18 79 0
FL 18 81 5
FL 18 84 83
FL 18 87 13
FL 18 88 161
FL 19 1 32
FL 19 5 16
FL 19 7 0
FL 19 8 0
FL 19 11 0
FL 19 12 25
FL 19 13 67
FL 19 14 0
FL 19 17 0
FL 19 21 32
FL 19 23 25
FL 19 25 7
FL 19 26 0
FL 19 27 15
FL 19 30 64
FL 19 34 22
FL 19 37 17
FL 19 42 23
FL 19 44 19
FL 19 54 0
FL 19 67 0
FL 19 70 16
FL 19 71 17
FL 19 72 10
FL 19 73 0
FL 19 74 0
FL 19 77 12
FL 19 78 82
FL 19 79 0
FL 19 81 16
FL 19 85 165
FL 19 86 26
FL 20 1 37
FL 20 5 44
FL 20 7 0
FL 20 8 0
FL 20 9 13
FL 20 11 0
FL 20 12 31
FL 20 13 19
FL 20 14 0
FL 20 17 0
FL 20 21 32
FL 20 23 13
FL 20 25 3
FL 20 26 0
FL 20 27 12
FL 20 30 36
FL 20 34 89
FL 20 37 4344
FL 20 42 34
FL 20 44 13
FL 20 52 0
FL 20 54 0
FL 20 63 113
FL 20 67 0
FL 20 70 13
FL 20 71 12
FL 20 72 6
FL 20 73 0
FL 20 74 0
FL 20 77 2
FL 20 79 0
FL 20 81 5
FL 20 85 73
FL 20 86 57
FL 21 4 0
FL 21 9 12
FL 21 18 0
FL 21 25 1
FL 21 31 0
FL 21 34 37
FL 21 35 2
FL 21 38 13
FL 21 39 4863
FL 21 41 0
FL 21 42 133
FL 21 43 10
FL 21 47 517
FL 21 48 13
FL 21 55 57
FL 21 57 12
FL 21 69 13
FL 21 72 5
FL 21 79 0
FL 21 87 11
FL 23 7 0
FL 23 47 2
FL 23 73 0
FL 24 1 43
FL 24 4 0
FL 24 5 67
FL 24 7 0
FL 24 8 0
FL 24 9 14
FL 24 12 54
FL 24 17 0
FL 24 18 0
FL 24 21 20
FL 24 25 965
FL 24 26 0
FL 24 27 11
FL 24 30 73
FL 24 31 0
FL 24 33 0
FL 24 35 3
FL 24 37 1539
FL 24 38 15
FL 24 39 7
FL 24 40 3
FL 24 41 0
FL 24 42 59
FL 24 43 9
FL 24 48 1595
FL 24 52 0
FL 24 54 0
FL 24 56 11
FL 24 57 11
FL 24 61 9
FL 24 63 48
FL 24 66 0
FL 24 67 0
FL 24 69 1104
FL 24 72 2256
FL 24 74 0
FL 24 77 2
FL 24 79 0
FL 24 81 3
FL 24 84 117
FL 24 87 1192
FL 25 1 31
FL 25 5 81
FL 25 7 0
FL 25 8 0
FL 25 9 11
FL 25 11 0
FL 25 12 77
FL 25 13 89
FL 25 14 0
FL 25 15 2421
FL 25 16 0
FL 25 17 0
FL 25 18 0
FL 25 19 0
FL 25 20 2
FL 25 21 14
FL 25 23 53
FL 25 24 2950
FL 25 26 0
FL 25 27 9
FL 25 30 16
FL 25 31 0
FL 25 32 92
FL 25 33 0
FL 25 34 67
FL 25 35 1080
FL 25 37 10
FL 25 38 12
FL 25 40 0
FL 25 41 0
FL 25 42 48
FL 25 43 7
FL 25 44 13
FL 25 47 2
FL 25 48 4594
FL 25 50 15
FL 25 52 0
FL 25 54 0
FL 25 55 92
FL 25 56 1316
FL 25 57 3403
FL 25 60 67
FL 25 61 5
FL 25 63 135
FL 25 64 7
FL 25 66 0
FL 25 67 0
FL 25 69 278
FL 25 70 10
FL 25 71 11
FL 25 72 3
FL 25 73 0
FL 25 74 0
FL 25 76 5
FL 25 77 2
FL 25 79 0
FL 25 81 1
FL 25 85 64
FL 25 86 33
FL 26 1 40
FL 26 5 11
FL 26 7 0
FL 26 8 0
FL 26 9 9
FL 26 10 0
FL 26 11 0
FL 26 12 15
FL 26 13 54
FL 26 14 0
FL 26 15 8
FL 26 16 0
FL 26 17 0
FL 26 18 0
FL 26 19 0
FL 26 20 1
FL 26 21 7
FL 26 23 22
FL 26 24 10
FL 26 25 1
FL 26 27 4
FL 26 30 36
FL 26 31 0
FL 26 32 69
FL 26 33 0
FL 26 34 30
FL 26 35 2
FL 26 37 9
FL 26 38 9
FL 26 39 4
FL 26 40 0
FL 26 41 0
FL 26 42 74
FL 26 43 2
FL 26 44 12
FL 26 47 2
FL 26 50 15
FL 26 52 0
FL 26 54 0
FL 26 55 71
FL 26 56 17
FL 26 57 4
FL 26 61 3
FL 26 63 25
FL 26 64 5
FL 26 66 0
FL 26 67 0
FL 26 69 6
FL 26 70 10
FL 26 71 10
FL 26 72 2
FL 26 73 0
FL 26 74 0
FL 26 77 2
FL 26 79 0
FL 26 81 0
FL 26 84 31
FL 26 85 138
FL 26 86 15
FL 26 87 7
FL 27 1 48
FL 27 2 0
FL 27 5 51
FL 27 7 0
FL 27 8 0
FL 27 9 13
FL 27 10 0
FL 27 11 0
FL 27 12 29
FL 27 13 11
FL 27 14 0
FL 27 15 8
FL 27 16 0
FL 27 18 0
FL 27 19 0
FL 27 20 2
FL 27 21 38
FL 27 23 51
FL 27 24 15
FL 27 25 2
FL 27 26 0
FL 27 30 59
FL 27 31 0
FL 27 32 60
FL 27 33 0
FL 27 34 41
FL 27 37 10
FL 27 38 14
FL 27 40 3
FL 27 41 0
FL 27 43 9
FL 27 44 12
FL 27 48 14
FL 27 50 16
FL 27 52 0
FL 27 54 0
FL 27 55 133
FL 27 57 8
FL 27 60 60
FL 27 62 0
FL 27 63 130
FL 27 64 7
FL 27 69 11
FL 27 70 12
FL 27 71 11
FL 27 72 5
FL 27 74 0
FL 27 76 8
FL 27 77 2
FL 27 78 64
FL 27 79 0
FL 27 81 4
FL 30 57 4
FL 30 69 5
FL 31 1 44
FL 31 2 0
FL 31 4 0
FL 31 5 17
FL 31 7 0
FL 31 8 0
FL 31 9 12
FL 31 10 0
FL 31 12 33
FL 31 13 92
FL 31 14 0
FL 31 15 9
FL 31 17 0
FL 31 18 0
FL 31 21 27
FL 31 23 109
FL 31 24 14
FL 31 25 3
FL 31 26 0
FL 31 27 11
FL 31 30 51
FL 31 33 0
FL 31 35 2
FL 31 37 13
FL 31 38 13
FL 31 39 5
FL 31 42 54
FL 31 43 9
FL 31 44 13
FL 31 48 14
FL 31 50 17
FL 31 54 0
FL 31 56 6
FL 31 57 12
FL 31 67 0
FL 31 69 12
FL 31 70 11
FL 31 72 4
FL 31 74 0
FL 31 77 2
FL 31 79 0
FL 31 81 2
FL 31 84 150
FL 31 87 11
FL 33 1 41
FL 33 4 0
FL 33 5 41
FL 33 7 0
FL 33 8 0
FL 33 9 13
FL 33 10 0
FL 33 12 32
FL 33 13 22
FL 33 17 0
FL 33 18 0
FL 33 21 12
FL 33 23 18
FL 33 24 15
FL 33 25 3
FL 33 26 0
FL 33 27 12
FL 33 30 12
FL 33 31 0
FL 33 35 3
FL 33 37 14
FL 33 38 15
FL 33 39 4
FL 33 40 2
FL 33 41 0
FL 33 42 21
FL 33 43 10
FL 33 44 13
FL 33 48 15
FL 33 50 17
FL 33 52 0
FL 33 54 0
FL 33 56 3
FL 33 57 12
FL 33 61 10
FL 33 63 57
FL 33 64 8
FL 33 66 0
FL 33 67 0
FL 33 69 14
FL 33 70 12
FL 33 72 4
FL 33 74 0
FL 33 77 2
FL 33 79 0
FL 33 81 3
FL 33 84 135
FL 34 12 26
FL 34 14 0
FL 34 47 414
FL 35 1 36
FL 35 4 0
FL 35 5 64
FL 35 7 0
FL 35 8 0
FL 35 9 13
FL 35 12 15
FL 35 17 0
FL 35 18 0
FL 35 21 27
FL 35 24 16
FL 35 25 4
FL 35 26 0
FL 35 30 15
FL 35 31 0
FL 35 33 0
FL 35 38 15
FL 35 39 4
FL 35 40 3
FL 35 41 0
FL 35 42 39
FL 35 43 9
FL 35 52 0
FL 35 54 0
FL 35 56 30
FL 35 61 11
FL 35 66 0
FL 35 67 0
FL 35 74 0
FL 35 77 114
FL 35 79 0
FL 35 81 3
FL 35 84 75
FL 35 88 104
FL 37 1 89
FL 37 2 0
FL 37 5 71
FL 37 7 0
FL 37 8 0
FL 37 9 13
FL 37 10 0
FL 37 11 0
FL 37 12 27
FL 37 13 33
FL 37 14 0
FL 37 15 9
FL 37 16 0
FL 37 17 0
FL 37 18 0
FL 37 19 0
FL 37 20 984
FL 37 21 33
FL 37 23 20
FL 37 24 2345
FL 37 25 1
FL 37 26 0
FL 37 27 12
FL 37 30 32
FL 37 31 0
FL 37 32 124
FL 37 33 0
FL 37 38 1994
FL 37 40 2
FL 37 41 0
FL 37 43 9
FL 37 44 13
FL 37 48 14
FL 37 50 16
FL 37 52 0
FL 37 54 0
FL 37 55 90
FL 37 57 12
FL 37 60 85
FL 37 62 0
FL 37 63 38
FL 37 64 7
FL 37 69 13
FL 37 70 12
FL 37 71 11
FL 37 72 3
FL 37 74 0
FL 37 76 8
FL 37 77 2
FL 37 78 73
FL 37 79 0
FL 37 81 2
FL 37 87 12
FL 38 12 73
FL 38 21 48
FL 38 25 1
FL 38 27 2419
FL 38 31 0
FL 38 37 1749
FL 38 40 6
FL 38 42 18
FL 38 48 1089
FL 38 57 2022
FL 38 69 1661
FL 38 77 3
FL 38 81 8
FL 38 87 1041
FL 39 12 49
FL 39 13 55
FL 39 21 49
FL 39 26 0
FL 39 31 0
FL 39 40 2704
FL 39 41 0
FL 39 42 36
FL 39 77 1927
FL 39 81 2897
FL 40 1 72
FL 40 2 0
FL 40 5 84
FL 40 7 0
FL 40 8 0
FL 40 9 13
FL 40 10 0
FL 40 11 0
FL 40 12 21
FL 40 13 85
FL 40 14 0
FL 40 15 10
FL 40 17 0
FL 40 18 0
FL 40 21 10
FL 40 23 69
FL 40 24 16
FL 40 25 3
FL 40 26 0
FL 40 27 13
FL 40 30 38
FL 40 33 0
FL 40 34 75
FL 40 35 3
FL 40 37 14
FL 40 38 14
FL 40 39 2
FL 40 42 56
FL 40 43 12
FL 40 44 14
FL 40 48 14
FL 40 50 18
FL 40 54 0
FL 40 56 15
FL 40 57 13
FL 40 67 0
FL 40 69 14
FL 40 70 13
FL 40 71 14
FL 40 72 7
FL 40 74 0
FL 40 76 12
FL 40 77 2
FL 40 79 0
FL 40 81 5
FL 40 84 117
FL 40 86 102
FL 40 87 14
FL 41 1 18
FL 41 2 0
FL 41 7 0
FL 41 8 0
FL 41 9 18
FL 41 10 0
FL 41 11 0
FL 41 12 21
FL 41 13 22
FL 41 14 0
FL 41 15 12
FL 41 17 0
FL 41 18 0
FL 41 21 42
FL 41 23 89
FL 41 24 18
FL 41 25 4
FL 41 26 0
FL 41 27 13
FL 41 30 22
FL 41 33 0
FL 41 34 49
FL 41 35 4
FL 41 37 15
FL 41 39 12
FL 41 44 14
FL 41 48 17
FL 41 50 19
FL 41 54 0
FL 41 57 14
FL 41 62 0
FL 41 69 21
FL 41 70 13
FL 41 71 16
FL 41 72 9
FL 41 74 0
FL 41 76 12
FL 41 77 2
FL 41 78 82
FL 41 79 0
FL 41 81 8
FL 41 85 174
FL 41 87 19
FL 42 9 10
FL 42 12 53
FL 42 13 17
FL 42 31 0
FL 42 39 9
FL 42 47 3
FL 43 1 37
FL 43 4 0
FL 43 5 40
FL 43 7 0
FL 43 8 0
FL 43 9 11
FL 43 10 0
FL 43 12 86
FL 43 13 12
FL 43 17 0
FL 43 18 0
FL 43 21 13
FL 43 23 6
FL 43 24 16
FL 43 25 3
FL 43 26 0
FL 43 27 12
FL 43 30 45
FL 43 31 0
FL 43 33 0
FL 43 35 3
FL 43 37 12
FL 43 38 12
FL 43 39 3
FL 43 40 3
FL 43 42 69
FL 43 44 12
FL 43 48 13
FL 43 52 0
FL 43 54 0
FL 43 56 30
FL 43 57 9
FL 43 61 10
FL 43 63 30
FL 43 66 0
FL 43 67 0
FL 43 69 13
FL 43 72 2
FL 43 74 0
FL 43 77 2
FL 43 79 0
FL 43 81 2
FL 43 84 105
FL 43 87 12
FL 44 1 24
FL 44 2 0
FL 44 5 61
FL 44 7 0
FL 44 8 0
FL 44 9 10
FL 44 10 0
FL 44 11 0
FL 44 12 42
FL 44 13 80
FL 44 14 0
FL 44 15 7
FL 44 16 0
FL 44 17 0
FL 44 18 0
FL 44 19 0
FL 44 20 3
FL 44 21 28
FL 44 23 25
FL 44 25 2
FL 44 26 0
FL 44 27 8
FL 44 30 58
FL 44 31 0
FL 44 32 152
FL 44 33 0
FL 44 34 66
FL 44 37 12
FL 44 40 5
FL 44 41 0
FL 44 43 9
FL 44 48 12
FL 44 50 8
FL 44 52 0
FL 44 54 0
FL 44 55 78
FL 44 57 9
FL 44 60 103
FL 44 61 12
FL 44 62 0
FL 44 63 65
FL 44 64 8
FL 44 69 12
FL 44 70 7
FL 44 71 10
FL 44 72 6
FL 44 74 0
FL 44 76 6
FL 44 77 2
FL 44 78 132
FL 44 79 0
FL 44 81 7
FL 44 85 120
FL 47 1 37
FL 47 5 101
FL 47 7 0
FL 47 8 0
FL 47 11 0
FL 47 17 0
FL 47 21 4
FL 47 23 71
FL 47 25 1
FL 47 26 0
FL 47 30 54
FL 47 34 36
FL 47 42 112
FL 47 54 0
FL 47 67 0
FL 47 71 11
FL 47 72 51
FL 47 73 0
FL 47 74 0
FL 47 77 2
FL 47 79 0
FL 47 85 159
FL 47 86 113
FL 48 1 40
FL 48 2 0
FL 48 7 0
FL 48 9 27
FL 48 10 1
FL 48 12 48
FL 48 13 59
FL 48 14 0
FL 48 15 12
FL 48 16 0
FL 48 18 0
FL 48 21 24
FL 48 23 52
FL 48 24 2102
FL 48 25 12
FL 48 27 22
FL 48 30 87
FL 48 31 0
FL 48 32 55
FL 48 33 0
FL 48 37 34
FL 48 38 3070
FL 48 40 14
FL 48 41 0
FL 48 43 13
FL 48 44 25
FL 48 50 45
FL 48 52 0
FL 48 54 0
FL 48 57 16
FL 48 60 94
FL 48 62 0
FL 48 63 95
FL 48 64 13
FL 48 69 23
FL 48 70 24
FL 48 71 22
FL 48 74 0
FL 48 76 19
FL 48 77 7
FL 48 78 123
FL 48 79 0
FL 48 81 29
FL 50 5 87
FL 50 7 0
FL 50 8 0
FL 50 9 4585
FL 50 16 0
FL 50 18 0
FL 50 33 0
FL 50 55 25
FL 50 62 0
FL 50 71 2494
FL 50 72 7
FL 50 74 0
FL 50 76 12
FL 50 78 123
FL 50 87 29
FL 52 1 31
FL 52 2 0
FL 52 4 0
FL 52 5 52
FL 52 7 0
FL 52 8 0
FL 52 9 18
FL 52 10 0
FL 52 11 0
FL 52 12 40
FL 52 13 90
FL 52 14 0
FL 52 15 16
FL 52 17 0
FL 52 18 0
FL 52 20 10
FL 52 21 57
FL 52 23 49
FL 52 24 21
FL 52 25 8
FL 52 26 0
FL 52 27 16
FL 52 30 17
FL 52 33 0
FL 52 34 115
FL 52 35 7
FL 52 37 16
FL 52 38 20
FL 52 39 16
FL 52 42 44
FL 52 43 18
FL 52 44 20
FL 52 48 18
FL 52 50 22
FL 52 54 0
FL 52 56 36
FL 52 57 16
FL 52 63 70
FL 52 67 0
FL 52 69 20
FL 52 70 19
FL 52 71 17
FL 52 72 10
FL 52 74 0
FL 52 77 4
FL 52 79 0
FL 52 81 16
FL 52 84 52
FL 52 85 71
FL 52 86 87
FL 52 87 22
FL 54 1 117
FL 54 4 0
FL 54 5 41
FL 54 7 0
FL 54 8 0
FL 54 9 16
FL 54 10 0
FL 54 11 0
FL 54 12 24
FL 54 13 51
FL 54 14 0
FL 54 15 11
FL 54 16 0
FL 54 17 0
FL 54 18 0
FL 54 19 0
FL 54 20 5
FL 54 21 22
FL 54 23 119
FL 54 24 17
FL 54 25 4
FL 54 26 0
FL 54 27 13
FL 54 30 83
FL 54 31 0
FL 54 32 86
FL 54 33 0
FL 54 34 27
FL 54 35 3
FL 54 37 15
FL 54 38 18
FL 54 39 7
FL 54 40 5
FL 54 41 0
FL 54 42 53
FL 54 43 14
FL 54 44 14
FL 54 47 7
FL 54 48 15
FL 54 50 19
FL 54 52 0
FL 54 55 84
FL 54 56 18
FL 54 57 14
FL 54 60 164
FL 54 61 11
FL 54 63 44
FL 54 64 12
FL 54 66 0
FL 54 67 0
FL 54 69 20
FL 54 70 13
FL 54 71 16
FL 54 72 8
FL 54 74 0
FL 54 77 2
FL 54 79 0
FL 54 81 6
FL 54 84 69
FL 54 86 26
FL 54 87 15
FL 55 21 20
FL 55 25 2
FL 55 34 21
FL 55 50 13
FL 55 72 31
FL 55 79 0
FL 56 13 102
FL 56 25 1916
FL 56 26 0
FL 56 35 14
FL 56 38 51
FL 56 40 20
FL 56 42 60
FL 56 77 1159
FL 57 1 21
FL 57 2 0
FL 57 5 13
FL 57 7 0
FL 57 8 0
FL 57 9 12
FL 57 10 0
FL 57 12 32
FL 57 13 12
FL 57 14 0
FL 57 15 8
FL 57 17 0
FL 57 18 0
FL 57 21 8
FL 57 24 15
FL 57 25 6
FL 57 26 0
FL 57 27 11
FL 57 30 8
FL 57 31 0
FL 57 32 120
FL 57 33 0
FL 57 37 12
FL 57 38 1007
FL 57 40 2
FL 57 41 0
FL 57 43 8
FL 57 44 12
FL 57 48 11
FL 57 50 16
FL 57 52 0
FL 57 54 0
FL 57 60 125
FL 57 62 0
FL 57 63 47
FL 57 64 7
FL 57 69 12
FL 57 70 11
FL 57 74 0
FL 57 76 2327
FL 57 77 2
FL 57 79 0
FL 57 81 2
FL 60 25 17
FL 61 1 58
FL 61 4 0
FL 61 5 58
FL 61 7 0
FL 61 8 0
FL 61 9 15
FL 61 10 0
FL 61 11 0
FL 61 12 117
FL 61 13 15
FL 61 17 0
FL 61 18 0
FL 61 21 21
FL 61 23 37
FL 61 24 17
FL 61 25 5
FL 61 26 0
FL 61 30 112
FL 61 33 0
FL 61 35 4
FL 61 38 14
FL 61 39 13
FL 61 42 75
FL 61 43 17
FL 61 44 16
FL 61 54 0
FL 61 56 18
FL 61 67 0
FL 61 72 2
FL 61 74 0
FL 61 77 3
FL 61 79 0
FL 61 81 10
FL 61 84 54
FL 61 86 111
FL 62 2 0
FL 62 10 0
FL 62 12 19
FL 62 13 14
FL 62 14 0
FL 62 15 9
FL 62 23 18
FL 62 27 13
FL 62 32 105
FL 62 37 15
FL 62 41 0
FL 62 44 14
FL 62 48 15
FL 62 50 17
FL 62 57 13
FL 62 60 139
FL 62 63 48
FL 62 64 10
FL 62 69 15
FL 62 70 13
FL 62 71 14
FL 62 76 10
FL 62 78 106
FL 62 81 5
FL 63 24 21
FL 63 78 156
FL 64 1 40
FL 64 2 0
FL 64 5 32
FL 64 7 0
FL 64 8 0
FL 64 9 11
FL 64 10 0
FL 64 12 57
FL 64 13 42
FL 64 14 0
FL 64 15 8
FL 64 18 0
FL 64 21 23
FL 64 23 98
FL 64 25 3
FL 64 26 0
FL 64 27 10
FL 64 30 37
FL 64 33 0
FL 64 37 13
FL 64 44 12
FL 64 48 12
FL 64 50 13
FL 64 54 0
FL 64 57 9
FL 64 62 0
FL 64 69 12
FL 64 70 10
FL 64 71 10
FL 64 72 5
FL 64 74 0
FL 64 76 5
FL 64 77 2
FL 64 78 137
FL 64 79 0
FL 64 81 6
FL 64 87 13
FL 66 1 52
FL 66 4 0
FL 66 5 22
FL 66 7 0
FL 66 8 0
FL 66 9 13
FL 66 10 0
FL 66 11 0
FL 66 12 6
FL 66 13 22
FL 66 17 0
FL 66 18 0
FL 66 21 26
FL 66 23 69
FL 66 24 16
FL 66 25 4
FL 66 26 0
FL 66 30 13
FL 66 33 0
FL 66 34 45
FL 66 35 3
FL 66 38 17
FL 66 39 5
FL 66 42 39
FL 66 43 9
FL 66 54 0
FL 66 56 12
FL 66 67 0
FL 66 71 11
FL 66 72 6
FL 66 74 0
FL 66 77 2
FL 66 79 0
FL 66 81 3
FL 66 84 49
FL 66 85 131
FL 66 86 56
FL 67 1 34
FL 67 4 0
FL 67 5 51
FL 67 7 0
FL 67 8 0
FL 67 9 10
FL 67 10 0
FL 67 11 0
FL 67 12 45
FL 67 13 41
FL 67 17 0
FL 67 18 0
FL 67 19 0
FL 67 20 1
FL 67 21 8
FL 67 23 77
FL 67 24 6
FL 67 25 1
FL 67 26 0
FL 67 30 55
FL 67 31 0
FL 67 33 0
FL 67 35 2
FL 67 38 4
FL 67 39 2
FL 67 40 0
FL 67 42 63
FL 67 43 0
FL 67 47 3
FL 67 52 0
FL 67 54 0
FL 67 56 8
FL 67 61 0
FL 67 63 76
FL 67 66 0
FL 67 71 10
FL 67 72 2
FL 67 73 0
FL 67 74 0
FL 67 77 2
FL 67 79 0
FL 67 81 1
FL 67 84 127
FL 67 86 56
FL 67 88 382
FL 69 1 37
FL 69 2 0
FL 69 5 72
FL 69 7 0
FL 69 8 0
FL 69 9 13
FL 69 10 0
FL 69 12 43
FL 69 13 15
FL 69 14 0
FL 69 15 8
FL 69 17 0
FL 69 18 0
FL 69 21 22
FL 69 24 422
FL 69 25 3
FL 69 26 0
FL 69 27 11
FL 69 30 24
FL 69 31 0
FL 69 32 88
FL 69 33 0
FL 69 37 12
FL 69 38 5144
FL 69 40 3
FL 69 41 0
FL 69 43 9
FL 69 44 13
FL 69 48 12
FL 69 50 16
FL 69 52 0
FL 69 54 0
FL 69 57 8
FL 69 60 207
FL 69 62 0
FL 69 63 56
FL 69 64 7
FL 69 70 11
FL 69 72 1290
FL 69 74 0
FL 69 76 8
FL 69 77 2
FL 69 79 0
FL 69 81 3
FL 70 1 52
FL 70 2 0
FL 70 5 16
FL 70 7 0
FL 70 8 0
FL 70 10 0
FL 70 11 0
FL 70 12 21
FL 70 13 44
FL 70 14 0
FL 70 15 8
FL 70 16 0
FL 70 17 0
FL 70 19 0
FL 70 20 4
FL 70 21 25
FL 70 23 58
FL 70 25 3
FL 70 26 0
FL 70 27 9
FL 70 30 41
FL 70 31 0
FL 70 32 66
FL 70 33 0
FL 70 34 71
FL 70 37 14
FL 70 40 3
FL 70 41 0
FL 70 44 13
FL 70 48 15
FL 70 50 18
FL 70 52 0
FL 70 54 0
FL 70 55 130
FL 70 57 12
FL 70 60 41
FL 70 62 0
FL 70 63 54
FL 70 64 19
FL 70 69 15
FL 70 71 9
FL 70 72 6
FL 70 74 0
FL 70 76 8
FL 70 77 2
FL 70 78 76
FL 70 79 0
FL 70 81 10
FL 71 1 40
FL 71 2 0
FL 71 5 12
FL 71 7 0
FL 71 8 0
FL 71 9 12
FL 71 11 0
FL 71 12 14
FL 71 13 59
FL 71 14 0
FL 71 15 7
FL 71 16 0
FL 71 17 0
FL 71 19 0
FL 71 20 2
FL 71 21 12
FL 71 23 43
FL 71 25 3
FL 71 26 0
FL 71 27 11
FL 71 30 7
FL 71 32 54
FL 71 34 70
FL 71 37 15
FL 71 40 5
FL 71 41 0
FL 71 42 23
FL 71 44 13
FL 71 47 3
FL 71 48 12
FL 71 50 10
FL 71 52 0
FL 71 54 0
FL 71 55 143
FL 71 60 38
FL 71 62 0
FL 71 63 97
FL 71 64 11
FL 71 66 0
FL 71 67 0
FL 71 70 11
FL 71 72 5
FL 71 73 0
FL 71 74 0
FL 71 76 7
FL 71 77 2
FL 71 78 62
FL 71 79 0
FL 71 81 7
FL 71 85 117
FL 71 86 113
FL 72 9 10
FL 72 12 55
FL 72 14 0
FL 72 18 0
FL 72 21 10
FL 72 24 2741
FL 72 25 2
FL 72 31 0
FL 72 33 0
FL 72 34 17
FL 72 41 0
FL 72 43 2233
FL 72 47 510
FL 72 50 15
FL 72 55 39
FL 72 61 2433
FL 72 69 5645
FL 72 79 0
FL 73 1 642
FL 73 5 144
FL 73 7 2715
FL 73 8 17594
FL 73 11 2955
FL 73 16 3098
FL 73 19 2708
FL 73 20 5917
FL 73 21 6429
FL 73 23 74
FL 73 25 16043
FL 73 26 2792
FL 73 30 120
FL 73 34 855
FL 73 42 187
FL 73 47 1254
FL 73 55 202
FL 73 67 3067
FL 73 71 86
FL 73 72 11846
FL 73 74 3176
FL 73 77 8288
FL 73 79 3349
FL 73 85 148
FL 73 86 187
FL 73 0 104124
FL 74 1 34
FL 74 4 0
FL 74 5 65
FL 74 7 0
FL 74 8 0
FL 74 9 10
FL 74 10 0
FL 74 11 0
FL 74 12 43
FL 74 13 40
FL 74 14 0
FL 74 16 0
FL 74 17 0
FL 74 18 0
FL 74 19 0
FL 74 20 1
FL 74 21 6
FL 74 23 91
FL 74 24 9
FL 74 25 1
FL 74 26 0
FL 74 27 5
FL 74 30 119
FL 74 31 0
FL 74 33 0
FL 74 34 74
FL 74 35 2
FL 74 37 6
FL 74 38 5
FL 74 39 2
FL 74 40 0
FL 74 41 0
FL 74 42 59
FL 74 43 8
FL 74 44 12
FL 74 47 4
FL 74 48 3
FL 74 50 14
FL 74 52 0
FL 74 54 0
FL 74 55 130
FL 74 56 11
FL 74 57 4
FL 74 61 8
FL 74 63 22
FL 74 64 5
FL 74 66 0
FL 74 67 0
FL 74 69 6
FL 74 70 10
FL 74 71 10
FL 74 72 2
FL 74 73 0
FL 74 77 2
FL 74 79 0
FL 74 81 1
FL 74 84 122
FL 74 85 44
FL 74 86 180
FL 74 87 6
FL 76 2 0
FL 76 10 0
FL 76 12 30
FL 76 13 10
FL 76 14 0
FL 76 15 8
FL 76 16 0
FL 76 21 7
FL 76 23 28
FL 76 25 1
FL 76 27 11
FL 76 32 159
FL 76 37 11
FL 76 40 2
FL 76 41 0
FL 76 44 13
FL 76 48 10
FL 76 50 15
FL 76 55 26
FL 76 57 6
FL 76 60 85
FL 76 62 0
FL 76 63 35
FL 76 64 7
FL 76 69 12
FL 76 70 10
FL 76 71 10
FL 76 72 3
FL 76 77 2
FL 76 78 82
FL 77 1 16
FL 77 2 0
FL 77 4 0
FL 77 5 25
FL 77 7 0
FL 77 8 0
FL 77 9 29
FL 77 10 0
FL 77 11 0
FL 77 12 76
FL 77 13 84
FL 77 14 0
FL 77 15 18
FL 77 16 0
FL 77 17 0
FL 77 18 0
FL 77 19 0
FL 77 20 15
FL 77 21 32
FL 77 23 24
FL 77 24 21
FL 77 25 17
FL 77 26 0
FL 77 27 22
FL 77 30 17
FL 77 31 0
FL 77 32 49
FL 77 33 0
FL 77 34 45
FL 77 35 1357
FL 77 37 20
FL 77 38 46
FL 77 39 4628
FL 77 40 25
FL 77 41 0
FL 77 42 17
FL 77 43 22
FL 77 44 27
FL 77 47 8
FL 77 48 20
FL 77 50 36
FL 77 52 0
FL 77 54 0
FL 77 55 98
FL 77 56 2385
FL 77 57 23
FL 77 61 32
FL 77 63 88
FL 77 64 31
FL 77 66 0
FL 77 67 0
FL 77 69 30
FL 77 70 26
FL 77 71 23
FL 77 72 12
FL 77 73 0
FL 77 74 0
FL 77 76 21
FL 77 79 0
FL 77 81 22
FL 77 85 120
FL 77 86 58
FL 78 19 0
FL 78 27 21
FL 79 1 13
FL 79 2 0
FL 79 4 0
FL 79 5 59
FL 79 7 0
FL 79 8 0
FL 79 9 20
FL 79 10 0
FL 79 11 0
FL 79 12 88
FL 79 13 15
FL 79 14 0
FL 79 15 16
FL 79 16 0
FL 79 17 0
FL 79 18 0
FL 79 19 0
FL 79 20 15
FL 79 21 44
FL 79 23 7
FL 79 24 20
FL 79 25 13
FL 79 26 0
FL 79 27 19
FL 79 30 45
FL 79 31 0
FL 79 32 109
FL 79 33 0
FL 79 34 116
FL 79 35 11
FL 79 37 18
FL 79 38 28
FL 79 39 23
FL 79 40 20
FL 79 41 0
FL 79 42 22
FL 79 43 19
FL 79 44 20
FL 79 47 7
FL 79 48 21
FL 79 50 24
FL 79 52 0
FL 79 54 0
FL 79 55 37
FL 79 56 59
FL 79 57 18
FL 79 61 20
FL 79 63 26
FL 79 64 20
FL 79 66 0
FL 79 67 0
FL 79 69 21
FL 79 70 20
FL 79 71 20
FL 79 72 11
FL 79 73 0
FL 79 74 0
FL 79 77 18
FL 79 81 19
FL 79 84 56
FL 79 86 172
FL 79 87 20
FL 81 1 79
FL 81 2 0
FL 81 5 33
FL 81 7 0
FL 81 8 0
FL 81 9 17
FL 81 10 0
FL 81 11 0
FL 81 12 67
FL 81 13 34
FL 81 14 0
FL 81 15 12
FL 81 16 0
FL 81 17 0
FL 81 18 0
FL 81 19 0
FL 81 20 8
FL 81 21 20
FL 81 23 26
FL 81 24 17
FL 81 25 4
FL 81 26 0
FL 81 27 13
FL 81 30 17
FL 81 31 0
FL 81 32 127
FL 81 33 0
FL 81 34 58
FL 81 35 4
FL 81 37 15
FL 81 38 18
FL 81 39 5
FL 81 40 8
FL 81 41 0
FL 81 42 93
FL 81 43 15
FL 81 44 14
FL 81 48 16
FL 81 50 19
FL 81 52 0
FL 81 54 0
FL 81 55 75
FL 81 56 30
FL 81 57 14
FL 81 60 118
FL 81 61 13
FL 81 62 0
FL 81 63 106
FL 81 64 15
FL 81 66 0
FL 81 67 0
FL 81 69 17
FL 81 70 13
FL 81 71 16
FL 81 72 8
FL 81 74 0
FL 81 77 2
FL 81 79 0
FL 81 86 121
FL 81 87 15
FL 84 10 0
FL 84 40 27
FL 85 13 12
FL 85 14 0
FL 85 41 0
FL 86 9 17
FL 86 12 65
FL 86 13 9
FL 86 61 17
FL 86 79 0
FL 87 1 28
FL 87 8 0
FL 87 10 0
FL 87 12 77
FL 87 14 0
FL 87 15 8
FL 87 17 0
FL 87 18 0
FL 87 21 42
FL 87 23 78
FL 87 24 207
FL 87 26 0
FL 87 30 85
FL 87 31 0
FL 87 32 87
FL 87 37 11
FL 87 38 359
FL 87 40 4
FL 87 41 0
FL 87 43 9
FL 87 50 16
FL 87 52 0
FL 87 54 0
FL 87 60 220
FL 87 63 48
FL 87 64 7
FL 87 74 0
FL 87 79 0
FL 87 81 4
FL 88 35 9
FU 0 14 2000
FU 0 4 2000
FU 0 2 2000
FU 0 40 6
FU 0 76 8
FU 0 18 2000
FU 0 57 5
FU 0 8 1
FU 0 79 1
FU 0 9 1
FU 0 48 8
FU 0 37 15
FU 0 31 2000
FU 0 33 2000
FU 0 47 1
FU 0 35 14
FU 0 43 7
FU 0 66 2000
FU 0 15 4
FU 0 27 8
FU 0 62 2000
FU 0 69 10
FU 0 16 1
FU 0 24 20
FU 0 54 2000
FU 0 19 1
FU 0 20 1
FU 0 17 2000
FU 0 71 1
FU 0 87 17
FU 0 81 12
FU 0 41 2000
FU 0 11 1
FU 0 7 1
FU 0 77 16
FU 0 67 1
FU 0 44 12
FU 0 64 6
FU 0 10 2000
FU 0 26 1
FU 0 52 2000
FU 0 70 15
FU 0 25 2
FU 0 74 1
FU 0 61 20
FU 0 1 64
FU 0 3 2000
FU 0 5 31
FU 0 6 2000
FU 0 12 67
FU 0 13 17
FU 0 21 36
FU 0 22 2000
FU 0 23 66
FU 0 28 2000
FU 0 29 2000
FU 0 30 35
FU 0 32 45
FU 0 34 24
FU 0 36 2000
FU 0 38 21
FU 0 39 3
FU 0 42 34
FU 0 45 2000
FU 0 46 2000
FU 0 49 2000
FU 0 50 1
FU 0 51 2000
FU 0 53 2000
FU 0 55 62
FU 0 56 330
FU 0 58 2000
FU 0 59 2000
FU 0 60 189
FU 0 63 72
FU 0 65 2000
FU 0 68 2000
FU 0 72 1
FU 0 75 2000
FU 0 78 155
FU 0 80 2000
FU 0 82 2000
FU 0 83 2000
FU 0 84 116
FU 0 85 132
FU 0 86 110
FU 0 88 275
FU 0 89 2000
FU 0 90 2000
FU 0 91 2000
FU 0 92 2000
FU 0 93 2000
FU 0 94 2000
FU 0 95 2000
FU 0 96 2000
FU 0 97 2000
FU 0 98 2000
FU 0 99 2000
FU 0 100 2000
FU 1 48 59
FU 2 10 0
FU 2 11 0
FU 2 12 12
FU 2 13 63
FU 2 14 0
FU 2 15 0
FU 2 16 0
FU 2 17 0
FU 2 23 21
FU 2 27 0
FU 2 30 40
FU 2 31 0
FU 2 32 59
FU 2 37 0
FU 2 40 0
FU 2 41 0
FU 2 44 0
FU 2 48 0
FU 2 50 0
FU 2 52 0
FU 2 57 0
FU 2 60 96
FU 2 62 0
FU 2 63 23
FU 2 64 0
FU 2 69 0
FU 2 70 0
FU 2 71 0
FU 2 76 0
FU 2 77 0
FU 2 78 145
FU 2 79 0
FU 2 81 0
FU 4 5 59
FU 4 7 0
FU 4 8 0
FU 4 11 0
FU 4 13 17
FU 4 17 0
FU 4 21 19
FU 4 23 55
FU 4 24 0
FU 4 30 9
FU 4 31 0
FU 4 33 0
FU 4 35 0
FU 4 38 0
FU 4 39 0
FU 4 42 63
FU 4 43 0
FU 4 52 0
FU 4 54 0
FU 4 56 43
FU 4 61 0
FU 4 66 0
FU 4 67 0
FU 4 72 0
FU 4 74 0
FU 4 77 0
FU 4 79 0
FU 4 84 119
FU 5 50 0
FU 5 73 0
FU 7 1 40
FU 7 4 0
FU 7 5 16
FU 7 8 0
FU 7 9 0
FU 7 11 0
FU 7 12 42
FU 7 13 46
FU 7 14 0
FU 7 16 0
FU 7 17 0
FU 7 18 0
FU 7 19 0
FU 7 20 0
FU 7 21 15
FU 7 23 56
FU 7 24 0
FU 7 25 0
FU 7 26 0
FU 7 27 0
FU 7 30 24
FU 7 31 0
FU 7 33 0
FU 7 34 30
FU 7 35 0
FU 7 37 0
FU 7 38 0
FU 7 39 0
FU 7 40 0
FU 7 41 0
FU 7 42 69
FU 7 43 0
FU 7 44 0
FU 7 47 0
FU 7 48 0
FU 7 50 0
FU 7 52 0
FU 7 54 0
FU 7 55 71
FU 7 56 39
FU 7 57 0
FU 7 61 0
FU 7 63 59
FU 7 64 0
FU 7 66 0
FU 7 67 0
FU 7 69 0
FU 7 70 0
FU 7 71 0
FU 7 72 0
FU 7 73 0
FU 7 74 0
FU 7 77 0
FU 7 79 0
FU 7 81 0
FU 7 84 66
FU 8 1 42
FU 8 4 0
FU 8 5 62
FU 8 7 0
FU 8 9 0
FU 8 10 0
FU 8 11 0
FU 8 12 66
FU 8 13 28
FU 8 14 0
FU 8 15 0
FU 8 16 0
FU 8 17 0
FU 8 18 0
FU 8 19 0
FU 8 20 0
FU 8 21 13
FU 8 23 22
FU 8 24 0
FU 8 25 0
FU 8 26 0
FU 8 27 0
FU 8 30 56
FU 8 31 0
FU 8 32 48
FU 8 33 0
FU 8 34 55
FU 8 35 0
FU 8 37 0
FU 8 38 0
FU 8 39 0
FU 8 40 0
FU 8 41 0
FU 8 42 66
FU 8 43 0
FU 8 44 1986
FU 8 47 0
FU 8 50 1999
FU 8 52 0
FU 8 54 0
FU 8 55 136
FU 8 56 68
FU 8 57 1
FU 8 61 0
FU 8 63 31
FU 8 64 0
FU 8 66 0
FU 8 67 0
FU 8 69 148
FU 8 70 1981
FU 8 71 0
FU 8 72 0
FU 8 73 0
FU 8 74 0
FU 8 77 0
FU 8 79 0
FU 8 81 0
FU 8 84 57
FU 8 86 136
FU 8 87 589
FU 8 88 230
FU 9 1 71
FU 9 5 92
FU 9 7 0
FU 9 8 0
FU 9 10 0
FU 9 11 0
FU 9 12 36
FU 9 13 63
FU 9 17 0
FU 9 18 0
FU 9 20 0
FU 9 21 23
FU 9 23 65
FU 9 24 0
FU 9 25 0
FU 9 26 0
FU 9 27 0
FU 9 30 32
FU 9 31 0
FU 9 33 0
FU 9 34 26
FU 9 35 0
FU 9 37 0
FU 9 38 5
FU 9 39 0
FU 9 40 0
FU 9 41 0
FU 9 42 41
FU 9 43 0
FU 9 44 0
FU 9 48 0
FU 9 50 0
FU 9 52 0
FU 9 54 0
FU 9 56 48
FU 9 57 0
FU 9 61 0
FU 9 63 35
FU 9 64 1994
FU 9 66 0
FU 9 67 0
FU 9 69 0
FU 9 71 0
FU 9 72 0
FU 9 74 0
FU 9 77 0
FU 9 79 0
FU 9 81 0
FU 9 84 98
FU 9 86 77
FU 9 88 117
FU 10 2 0
FU 10 5 31
FU 10 8 0
FU 10 9 0
FU 10 12 15
FU 10 13 38
FU 10 14 0
FU 10 15 0
FU 10 18 0
FU 10 26 0
FU 10 27 0
FU 10 30 23
FU 10 31 0
FU 10 32 87
FU 10 33 0
FU 10 37 0
FU 10 40 0
FU 10 41 0
FU 10 43 0
FU 10 44 0
FU 10 48 3
FU 10 50 0
FU 10 52 0
FU 10 54 0
FU 10 57 0
FU 10 60 66
FU 10 61 1
FU 10 62 0
FU 10 63 93
FU 10 64 0
FU 10 66 0
FU 10 67 0
FU 10 69 34
FU 10 70 0
FU 10 74 0
FU 10 76 0
FU 10 77 0
FU 10 79 0
FU 10 81 0
FU 10 84 117
FU 10 87 4
FU 10 88 190
FU 11 1 54
FU 11 2 0
FU 11 4 0
FU 11 5 5
FU 11 7 0
FU 11 8 0
FU 11 9 0
FU 11 12 34
FU 11 13 31
FU 11 14 0
FU 11 16 0
FU 11 17 0
FU 11 19 0
FU 11 20 0
FU 11 21 28
FU 11 23 28
FU 11 25 0
FU 11 26 0
FU 11 27 0
FU 11 30 63
FU 11 32 5
FU 11 34 51
FU 11 37 0
FU 11 40 0
FU 11 41 0
FU 11 42 25
FU 11 44 0
FU 11 47 0
FU 11 52 0
FU 11 54 0
FU 11 55 64
FU 11 61 0
FU 11 63 24
FU 11 66 0
FU 11 67 0
FU 11 70 0
FU 11 71 0
FU 11 72 0
FU 11 73 0
FU 11 74 0
FU 11 77 0
FU 11 79 0
FU 11 81 0
FU 11 85 124
FU 11 86 33
FU 11 88 314
FU 12 19 0
FU 12 34 103
FU 12 42 59
FU 12 72 1
FU 12 86 51
FU 14 1 66
FU 14 2 0
FU 14 5 69
FU 14 7 0
FU 14 8 0
FU 14 10 0
FU 14 11 0
FU 14 12 36
FU 14 13 70
FU 14 15 0
FU 14 16 0
FU 14 17 0
FU 14 19 0
FU 14 20 0
FU 14 21 32
FU 14 23 61
FU 14 25 0
FU 14 26 0
FU 14 27 0
FU 14 30 38
FU 14 31 0
FU 14 32 30
FU 14 34 64
FU 14 37 0
FU 14 40 0
FU 14 41 0
FU 14 44 0
FU 14 48 0
FU 14 50 0
FU 14 52 0
FU 14 54 0
FU 14 55 78
FU 14 57 0
FU 14 60 69
FU 14 62 0
FU 14 63 78
FU 14 64 0
FU 14 69 0
FU 14 70 0
FU 14 71 0
FU 14 72 0
FU 14 74 0
FU 14 76 0
FU 14 77 0
FU 14 78 138
FU 14 79 0
FU 14 81 0
FU 14 85 178
FU 14 87 0
FU 14 88 126
FU 15 2 0
FU 15 8 0
FU 15 10 0
FU 15 12 61
FU 15 13 26
FU 15 14 0
FU 15 16 0
FU 15 23 13
FU 15 25 0
FU 15 26 0
FU 15 27 0
FU 15 30 55
FU 15 31 0
FU 15 32 99
FU 15 37 0
FU 15 40 0
FU 15 41 0
FU 15 44 0
FU 15 48 0
FU 15 50 0
FU 15 52 0
FU 15 54 0
FU 15 57 0
FU 15 60 35
FU 15 62 0
FU 15 63 68
FU 15 64 0
FU 15 69 0
FU 15 70 0
FU 15 71 0
FU 15 76 0
FU 15 77 0
FU 15 78 151
FU 15 79 0
FU 15 81 0
FU 15 87 0
FU 15 88 108
FU 16 1 31
FU 16 2 0
FU 16 5 63
FU 16 7 0
FU 16 8 0
FU 16 11 0
FU 16 12 39
FU 16 13 74
FU 16 14 0
FU 16 15 0
FU 16 17 0
FU 16 21 58
FU 16 23 61
FU 16 25 0
FU 16 26 0
FU 16 27 0
FU 16 30 48
FU 16 34 21
FU 16 37 16
FU 16 42 38
FU 16 44 1
FU 16 48 1
FU 16 50 0
FU 16 54 0
FU 16 70 2
FU 16 71 0
FU 16 72 0
FU 16 73 0
FU 16 74 0
FU 16 76 0
FU 16 77 15
FU 16 78 131
FU 16 79 0
FU 16 81 0
FU 16 85 55
FU 16 86 67
FU 17 1 106
FU 17 2 0
FU 17 4 0
FU 17 5 35
FU 17 7 0
FU 17 8 0
FU 17 9 0
FU 17 11 0
FU 17 12 24
FU 17 13 85
FU 17 14 0
FU 17 16 0
FU 17 18 0
FU 17 19 0
FU 17 20 0
FU 17 21 70
FU 17 23 20
FU 17 24 0
FU 17 25 0
FU 17 26 0
FU 17 30 14
FU 17 31 0
FU 17 32 34
FU 17 33 0
FU 17 34 25
FU 17 35 0
FU 17 37 0
FU 17 38 0
FU 17 39 1
FU 17 40 0
FU 17 41 0
FU 17 42 122
FU 17 43 0
FU 17 44 0
FU 17 47 0
FU 17 52 0
FU 17 54 0
FU 17 55 133
FU 17 56 48
FU 17 57 0
FU 17 61 0
FU 17 63 48
FU 17 66 0
FU 17 67 0
FU 17 69 6
FU 17 70 0
FU 17 71 0
FU 17 72 0
FU 17 74 0
FU 17 77 0
FU 17 79 0
FU 17 81 0
FU 17 84 91
FU 17 86 82
FU 17 87 0
FU 18 1 29
FU 18 5 54
FU 18 7 0
FU 18 8 0
FU 18 9 0
FU 18 10 0
FU 18 12 6
FU 18 13 26
FU 18 17 0
FU 18 21 9
FU 18 23 12
FU 18 24 0
FU 18 25 0
FU 18 26 0
FU 18 27 0
FU 18 30 73
FU 18 31 0
FU 18 33 0
FU 18 35 0
FU 18 37 0
FU 18 38 0
FU 18 39 0
FU 18 40 0
FU 18 41 0
FU 18 42 41
FU 18 43 0
FU 18 44 0
FU 18 48 0
FU 18 50 0
FU 18 52 0
FU 18 54 0
FU 18 56 33
FU 18 57 0
FU 18 61 0
FU 18 63 39
FU 18 64 0
FU 18 66 0
FU 18 67 0
FU 18 69 0
FU 18 72 0
FU 18 74 0
FU 18 77 0
FU 18 79 0
FU 18 81 0
FU 18 84 78
FU 18 87 0
FU 18 88 162
FU 19 1 31
FU 19 5 17
FU 19 7 0
FU 19 8 0
FU 19 11 0
FU 19 12 14
FU 19 13 70
FU 19 14 0
FU 19 17 0
FU 19 21 14
FU 19 23 25
FU 19 25 0
FU 19 26 0
FU 19 27 0
FU 19 30 61
FU 19 34 21
FU 19 37 0
FU 19 42 23
FU 19 44 0
FU 19 54 0
FU 19 67 0
FU 19 70 0
FU 19 71 0
FU 19 72 0
FU 19 73 0
FU 19 74 0
FU 19 77 0
FU 19 78 75
FU 19 79 0
FU 19 81 0
FU 19 85 159
FU 19 86 21
FU 20 1 30
FU 20 5 46
FU 20 7 0
FU 20 8 0
FU 20 9 0
FU 20 11 0
FU 20 12 23
FU 20 13 27
FU 20 14 0
FU 20 17 0
FU 20 21 32
FU 20 23 20
FU 20 25 0
FU 20 26 0
FU 20 27 0
FU 20 30 33
FU 20 34 80
FU 20 37 764
FU 20 42 32
FU 20 44 0
FU 20 52 0
FU 20 54 0
FU 20 63 111
FU 20 67 0
FU 20 70 0
FU 20 71 0
FU 20 72 0
FU 20 73 0
FU 20 74 0
FU 20 77 0
FU 20 79 0
FU 20 81 0
FU 20 85 66
FU 20 86 51
FU 21 4 0
FU 21 9 0
FU 21 18 0
FU 21 25 0
FU 21 31 0
FU 21 34 37
FU 21 35 0
FU 21 38 0
FU 21 39 957
FU 21 41 0
FU 21 42 129
FU 21 43 0
FU 21 47 455
FU 21 48 0
FU 21 55 55
FU 21 57 0
FU 21 69 0
FU 21 72 0
FU 21 79 0
FU 21 87 0
FU 23 7 0
FU 23 47 0
FU 23 73 0
FU 24 1 39
FU 24 4 0
FU 24 5 60
FU 24 7 0
FU 24 8 0
FU 24 9 0
FU 24 12 47
FU 24 17 0
FU 24 18 0
FU 24 21 9
FU 24 25 239
FU 24 26 0
FU 24 27 0
FU 24 30 78
FU 24 31 0
FU 24 33 0
FU 24 35 0
FU 24 37 580
FU 24 38 0
FU 24 39 1
FU 24 40 0
FU 24 41 0
FU 24 42 59
FU 24 43 0
FU 24 48 490
FU 24 52 0
FU 24 54 0
FU 24 56 45
FU 24 57 0
FU 24 61 0
FU 24 63 45
FU 24 66 0
FU 24 67 0
FU 24 69 262
FU 24 72 610
FU 24 74 0
FU 24 77 0
FU 24 79 0
FU 24 81 0
FU 24 84 119
FU 24 87 694
FU 25 1 35
FU 25 5 83
FU 25 7 0
FU 25 8 0
FU 25 9 0
FU 25 11 0
FU 25 12 83
FU 25 13 84
FU 25 14 0
FU 25 15 1995
FU 25 16 0
FU 25 17 0
FU 25 18 0
FU 25 19 0
FU 25 20 0
FU 25 21 20
FU 25 23 51
FU 25 24 551
FU 25 26 0
FU 25 27 0
FU 25 30 13
FU 25 31 0
FU 25 32 101
FU 25 33 0
FU 25 34 66
FU 25 35 1008
FU 25 37 0
FU 25 38 0
FU 25 40 0
FU 25 41 0
FU 25 42 48
FU 25 43 0
FU 25 44 0
FU 25 47 0
FU 25 48 937
FU 25 50 0
FU 25 52 0
FU 25 54 0
FU 25 55 100
FU 25 56 360
FU 25 57 1119
FU 25 60 58
FU 25 61 0
FU 25 63 130
FU 25 64 0
FU 25 66 0
FU 25 67 0
FU 25 69 223
FU 25 70 0
FU 25 71 0
FU 25 72 0
FU 25 73 0
FU 25 74 0
FU 25 76 0
FU 25 77 0
FU 25 79 0
FU 25 81 0
FU 25 85 66
FU 25 86 33
FU 26 1 51
FU 26 5 5
FU 26 7 0
FU 26 8 0
FU 26 9 0
FU 26 10 0
FU 26 11 0
FU 26 12 13
FU 26 13 51
FU 26 14 0
FU 26 15 0
FU 26 16 0
FU 26 17 0
FU 26 18 0
FU 26 19 0
FU 26 20 0
FU 26 21 4
FU 26 23 17
FU 26 24 0
FU 26 25 0
FU 26 27 0
FU 26 30 36
FU 26 31 0
FU 26 32 61
FU 26 33 0
FU 26 34 31
FU 26 35 0
FU 26 37 0
FU 26 38 0
FU 26 39 1
FU 26 40 0
FU 26 41 0
FU 26 42 72
FU 26 43 0
FU 26 44 0
FU 26 47 0
FU 26 50 0
FU 26 52 0
FU 26 54 0
FU 26 55 75
FU 26 56 51
FU 26 57 0
FU 26 61 0
FU 26 63 37
FU 26 64 0
FU 26 66 0
FU 26 67 0
FU 26 69 0
FU 26 70 0
FU 26 71 0
FU 26 72 0
FU 26 73 0
FU 26 74 0
FU 26 77 0
FU 26 79 0
FU 26 81 0
FU 26 84 32
FU 26 85 144
FU 26 86 22
FU 26 87 0
FU 27 1 48
FU 27 2 0
FU 27 5 45
FU 27 7 0
FU 27 8 0
FU 27 9 0
FU 27 10 0
FU 27 11 0
FU 27 12 24
FU 27 13 7
FU 27 14 0
FU 27 15 0
FU 27 16 0
FU 27 18 0
FU 27 19 0
FU 27 20 0
FU 27 21 16
FU 27 23 51
FU 27 24 0
FU 27 25 0
FU 27 26 0
FU 27 30 62
FU 27 31 0
FU 27 32 59
FU 27 33 0
FU 27 34 40
FU 27 37 0
FU 27 38 0
FU 27 40 0
FU 27 41 0
FU 27 43 0
FU 27 44 0
FU 27 48 0
FU 27 50 0
FU 27 52 0
FU 27 54 0
FU 27 55 140
FU 27 57 0
FU 27 60 54
FU 27 62 0
FU 27 63 127
FU 27 64 0
FU 27 69 0
FU 27 70 0
FU 27 71 0
FU 27 72 0
FU 27 74 0
FU 27 76 0
FU 27 77 0
FU 27 78 61
FU 27 79 0
FU 27 81 0
FU 30 57 0
FU 30 69 0
FU 31 1 44
FU 31 2 0
FU 31 4 0
FU 31 5 13
FU 31 7 0
FU 31 8 0
FU 31 9 0
FU 31 10 0
FU 31 12 29
FU 31 13 93
FU 31 14 0
FU 31 15 0
FU 31 17 0
FU 31 18 0
FU 31 21 27
FU 31 23 109
FU 31 24 0
FU 31 25 0
FU 31 26 0
FU 31 27 0
FU 31 30 47
FU 31 33 0
FU 31 35 0
FU 31 37 0
FU 31 38 0
FU 31 39 0
FU 31 42 51
FU 31 43 0
FU 31 44 0
FU 31 48 0
FU 31 50 0
FU 31 54 0
FU 31 56 1
FU 31 57 0
FU 31 67 0
FU 31 69 0
FU 31 70 0
FU 31 72 0
FU 31 74 0
FU 31 77 0
FU 31 79 0
FU 31 81 0
FU 31 84 143
FU 31 87 0
FU 33 1 40
FU 33 4 0
FU 33 5 37
FU 33 7 0
FU 33 8 0
FU 33 9 0
FU 33 10 0
FU 33 12 29
FU 33 13 20
FU 33 17 0
FU 33 18 0
FU 33 21 7
FU 33 23 21
FU 33 24 0
FU 33 25 0
FU 33 26 0
FU 33 27 0
FU 33 30 19
FU 33 31 0
FU 33 35 0
FU 33 37 0
FU 33 38 0
FU 33 39 0
FU 33 40 0
FU 33 41 0
FU 33 42 24
FU 33 43 0
FU 33 44 0
FU 33 48 0
FU 33 50 0
FU 33 52 0
FU 33 54 0
FU 33 56 2
FU 33 57 0
FU 33 61 0
FU 33 63 47
FU 33 64 0
FU 33 66 0
FU 33 67 0
FU 33 69 0
FU 33 70 0
FU 33 72 0
FU 33 74 0
FU 33 77 0
FU 33 79 0
FU 33 81 0
FU 33 84 135
FU 34 12 34
FU 34 14 0
FU 34 47 371
FU 35 1 33
FU 35 4 0
FU 35 5 66
FU 35 7 0
FU 35 8 0
FU 35 9 0
FU 35 12 14
FU 35 17 0
FU 35 18 0
FU 35 21 24
FU 35 24 0
FU 35 25 0
FU 35 26 0
FU 35 30 19
FU 35 31 0
FU 35 33 0
FU 35 38 0
FU 35 39 0
FU 35 40 0
FU 35 41 0
FU 35 42 37
FU 35 43 0
FU 35 52 0
FU 35 54 0
FU 35 56 23
FU 35 61 0
FU 35 66 0
FU 35 67 0
FU 35 74 0
FU 35 77 204
FU 35 79 0
FU 35 81 0
FU 35 84 78
FU 35 88 107
FU 37 1 95
FU 37 2 0
FU 37 5 72
FU 37 7 0
FU 37 8 0
FU 37 9 0
FU 37 10 0
FU 37 11 0
FU 37 12 27
FU 37 13 31
FU 37 14 0
FU 37 15 0
FU 37 16 0
FU 37 17 0
FU 37 18 0
FU 37 19 0
FU 37 20 766
FU 37 21 33
FU 37 23 16
FU 37 24 314
FU 37 25 0
FU 37 26 0
FU 37 27 0
FU 37 30 28
FU 37 31 0
FU 37 32 117
FU 37 33 0
FU 37 38 228
FU 37 40 0
FU 37 41 0
FU 37 43 0
FU 37 44 0
FU 37 48 0
FU 37 50 0
FU 37 52 0
FU 37 54 0
FU 37 55 86
FU 37 57 0
FU 37 60 90
FU 37 62 0
FU 37 63 23
FU 37 64 0
FU 37 69 0
FU 37 70 0
FU 37 71 0
FU 37 72 0
FU 37 74 0
FU 37 76 0
FU 37 77 0
FU 37 78 74
FU 37 79 0
FU 37 81 0
FU 37 87 0
FU 38 12 63
FU 38 21 35
FU 38 25 0
FU 38 27 1992
FU 38 31 0
FU 38 37 600
FU 38 40 0
FU 38 42 21
FU 38 48 477
FU 38 57 854
FU 38 69 386
FU 38 77 0
FU 38 81 0
FU 38 87 686
FU 39 12 46
FU 39 13 55
FU 39 21 39
FU 39 26 0
FU 39 31 0
FU 39 40 1994
FU 39 41 0
FU 39 42 37
FU 39 77 389
FU 39 81 1985
FU 40 1 72
FU 40 2 0
FU 40 5 90
FU 40 7 0
FU 40 8 0
FU 40 9 0
FU 40 10 0
FU 40 11 0
FU 40 12 23
FU 40 13 80
FU 40 14 0
FU 40 15 0
FU 40 17 0
FU 40 18 0
FU 40 21 9
FU 40 23 72
FU 40 24 0
FU 40 25 0
FU 40 26 0
FU 40 27 0
FU 40 30 33
FU 40 33 0
FU 40 34 70
FU 40 35 0
FU 40 37 0
FU 40 38 0
FU 40 39 0
FU 40 42 55
FU 40 43 0
FU 40 44 0
FU 40 48 0
FU 40 50 0
FU 40 54 0
FU 40 56 31
FU 40 57 0
FU 40 67 0
FU 40 69 0
FU 40 70 0
FU 40 71 0
FU 40 72 0
FU 40 74 0
FU 40 76 0
FU 40 77 0
FU 40 79 0
FU 40 81 0
FU 40 84 112
FU 40 86 103
FU 40 87 0
FU 41 1 20
FU 41 2 0
FU 41 7 0
FU 41 8 0
FU 41 9 0
FU 41 10 0
FU 41 11 0
FU 41 12 12
FU 41 13 25
FU 41 14 0
FU 41 15 0
FU 41 17 0
FU 41 18 0
FU 41 21 26
FU 41 23 82
FU 41 24 0
FU 41 25 0
FU 41 26 0
FU 41 27 0
FU 41 30 22
FU 41 33 0
FU 41 34 49
FU 41 35 0
FU 41 37 0
FU 41 39 5
FU 41 44 0
FU 41 48 0
FU 41 50 0
FU 41 54 0
FU 41 57 0
FU 41 62 0
FU 41 69 2
FU 41 70 0
FU 41 71 0
FU 41 72 0
FU 41 74 0
FU 41 76 0
FU 41 77 0
FU 41 78 88
FU 41 79 0
FU 41 81 0
FU 41 85 171
FU 41 87 1
FU 42 9 0
FU 42 12 51
FU 42 13 17
FU 42 31 0
FU 42 39 0
FU 42 47 0
FU 43 1 36
FU 43 4 0
FU 43 5 36
FU 43 7 0
FU 43 8 0
FU 43 9 0
FU 43 10 0
FU 43 12 93
FU 43 13 8
FU 43 17 0
FU 43 18 0
FU 43 21 1
FU 43 23 3
FU 43 24 0
FU 43 25 0
FU 43 26 0
FU 43 27 0
FU 43 30 43
FU 43 31 0
FU 43 33 0
FU 43 35 0
FU 43 37 0
FU 43 38 0
FU 43 39 0
FU 43 40 0
FU 43 42 76
FU 43 44 0
FU 43 48 0
FU 43 52 0
FU 43 54 0
FU 43 56 29
FU 43 57 0
FU 43 61 0
FU 43 63 22
FU 43 66 0
FU 43 67 0
FU 43 69 0
FU 43 72 0
FU 43 74 0
FU 43 77 0
FU 43 79 0
FU 43 81 0
FU 43 84 107
FU 43 87 0
FU 44 1 24
FU 44 2 0
FU 44 5 66
FU 44 7 0
FU 44 8 0
FU 44 9 0
FU 44 10 0
FU 44 11 0
FU 44 12 45
FU 44 13 76
FU 44 14 0
FU 44 15 0
FU 44 16 0
FU 44 17 0
FU 44 18 0
FU 44 19 0
FU 44 20 0
FU 44 21 10
FU 44 23 21
FU 44 25 0
FU 44 26 0
FU 44 27 0
FU 44 30 55
FU 44 31 0
FU 44 32 152
FU 44 33 0
FU 44 34 56
FU 44 37 0
FU 44 40 0
FU 44 41 0
FU 44 43 0
FU 44 48 0
FU 44 50 0
FU 44 52 0
FU 44 54 0
FU 44 55 77
FU 44 57 0
FU 44 60 102
FU 44 61 0
FU 44 62 0
FU 44 63 64
FU 44 64 0
FU 44 69 0
FU 44 70 0
FU 44 71 0
FU 44 72 0
FU 44 74 0
FU 44 76 0
FU 44 77 0
FU 44 78 137
FU 44 79 0
FU 44 81 0
FU 44 85 121
FU 47 1 29
FU 47 5 96
FU 47 7 0
FU 47 8 0
FU 47 11 0
FU 47 17 0
FU 47 21 10
FU 47 23 72
FU 47 25 0
FU 47 26 0
FU 47 30 48
FU 47 34 34
FU 47 42 113
FU 47 54 0
FU 47 67 0
FU 47 71 0
FU 47 72 8
FU 47 73 0
FU 47 74 0
FU 47 77 0
FU 47 79 0
FU 47 85 160
FU 47 86 99
FU 48 1 41
FU 48 2 0
FU 48 7 0
FU 48 9 0
FU 48 10 0
FU 48 12 37
FU 48 13 60
FU 48 14 0
FU 48 15 1
FU 48 16 0
FU 48 18 0
FU 48 21 12
FU 48 23 49
FU 48 24 359
FU 48 25 7
FU 48 27 0
FU 48 30 89
FU 48 31 0
FU 48 32 56
FU 48 33 0
FU 48 37 10
FU 48 38 383
FU 48 40 0
FU 48 41 0
FU 48 43 1
FU 48 44 1
FU 48 50 0
FU 48 52 0
FU 48 54 0
FU 48 57 0
FU 48 60 102
FU 48 62 0
FU 48 63 95
FU 48 64 0
FU 48 69 2
FU 48 70 1
FU 48 71 0
FU 48 74 0
FU 48 76 1
FU 48 77 6
FU 48 78 120
FU 48 79 0
FU 48 81 3
FU 50 5 86
FU 50 7 0
FU 50 8 0
FU 50 9 1999
FU 50 16 0
FU 50 18 0
FU 50 33 0
FU 50 55 24
FU 50 62 0
FU 50 71 1990
FU 50 72 0
FU 50 74 0
FU 50 76 0
FU 50 78 111
FU 50 87 5
FU 52 1 33
FU 52 2 0
FU 52 4 0
FU 52 5 54
FU 52 7 0
FU 52 8 0
FU 52 9 0
FU 52 10 0
FU 52 11 0
FU 52 12 28
FU 52 13 92
FU 52 14 0
FU 52 15 0
FU 52 17 0
FU 52 18 0
FU 52 20 0
FU 52 21 48
FU 52 23 52
FU 52 24 11
FU 52 25 0
FU 52 26 0
FU 52 27 0
FU 52 30 16
FU 52 33 0
FU 52 34 119
FU 52 35 0
FU 52 37 11
FU 52 38 3
FU 52 39 0
FU 52 42 38
FU 52 43 0
FU 52 44 0
FU 52 48 16
FU 52 50 0
FU 52 54 0
FU 52 56 42
FU 52 57 2
FU 52 63 60
FU 52 67 0
FU 52 69 2
FU 52 70 1
FU 52 71 0
FU 52 72 0
FU 52 74 0
FU 52 77 0
FU 52 79 0
FU 52 81 0
FU 52 84 52
FU 52 85 74
FU 52 86 77
FU 52 87 1
FU 54 1 109
FU 54 4 0
FU 54 5 35
FU 54 7 0
FU 54 8 0
FU 54 9 0
FU 54 10 0
FU 54 11 0
FU 54 12 19
FU 54 13 48
FU 54 14 0
FU 54 15 0
FU 54 16 0
FU 54 17 0
FU 54 18 0
FU 54 19 0
FU 54 20 0
FU 54 21 17
FU 54 23 115
FU 54 24 0
FU 54 25 0
FU 54 26 0
FU 54 27 0
FU 54 30 83
FU 54 31 0
FU 54 32 85
FU 54 33 0
FU 54 34 33
FU 54 35 0
FU 54 37 0
FU 54 38 9
FU 54 39 0
FU 54 40 0
FU 54 41 0
FU 54 42 54
FU 54 43 0
FU 54 44 0
FU 54 47 0
FU 54 48 0
FU 54 50 0
FU 54 52 0
FU 54 55 83
FU 54 56 36
FU 54 57 0
FU 54 60 164
FU 54 61 0
FU 54 63 34
FU 54 64 0
FU 54 66 0
FU 54 67 0
FU 54 69 3
FU 54 70 0
FU 54 71 0
FU 54 72 0
FU 54 74 0
FU 54 77 0
FU 54 79 0
FU 54 81 0
FU 54 84 82
FU 54 86 43
FU 54 87 0
FU 55 21 39
FU 55 25 1
FU 55 34 30
FU 55 50 0
FU 55 72 13
FU 55 79 0
FU 56 13 103
FU 56 25 393
FU 56 26 0
FU 56 35 6
FU 56 38 5
FU 56 40 0
FU 56 42 53
FU 56 77 424
FU 57 1 17
FU 57 2 0
FU 57 5 12
FU 57 7 0
FU 57 8 0
FU 57 9 0
FU 57 10 0
FU 57 12 39
FU 57 13 14
FU 57 14 0
FU 57 15 0
FU 57 17 0
FU 57 18 0
FU 57 21 6
FU 57 24 0
FU 57 25 0
FU 57 26 0
FU 57 27 0
FU 57 30 6
FU 57 31 0
FU 57 32 124
FU 57 33 0
FU 57 37 0
FU 57 38 237
FU 57 40 0
FU 57 41 0
FU 57 43 0
FU 57 44 0
FU 57 48 0
FU 57 50 0
FU 57 52 0
FU 57 54 0
FU 57 60 118
FU 57 62 0
FU 57 63 44
FU 57 64 0
FU 57 69 0
FU 57 70 0
FU 57 74 0
FU 57 76 1991
FU 57 77 0
FU 57 79 0
FU 57 81 0
FU 60 25 0
FU 61 1 66
FU 61 4 0
FU 61 5 56
FU 61 7 0
FU 61 8 0
FU 61 9 0
FU 61 10 0
FU 61 11 0
FU 61 12 118
FU 61 13 17
FU 61 17 0
FU 61 18 0
FU 61 21 15
FU 61 23 41
FU 61 24 1
FU 61 25 0
FU 61 26 0
FU 61 30 121
FU 61 33 0
FU 61 35 4
FU 61 38 23
FU 61 39 0
FU 61 42 75
FU 61 43 0
FU 61 44 0
FU 61 54 0
FU 61 56 24
FU 61 67 0
FU 61 72 0
FU 61 74 0
FU 61 77 0
FU 61 79 0
FU 61 81 0
FU 61 84 48
FU 61 86 109
FU 62 2 0
FU 62 10 0
FU 62 12 16
FU 62 13 11
FU 62 14 0
FU 62 15 0
FU 62 23 19
FU 62 27 0
FU 62 32 108
FU 62 37 0
FU 62 41 0
FU 62 44 0
FU 62 48 0
FU 62 50 0
FU 62 57 0
FU 62 60 143
FU 62 63 38
FU 62 64 0
FU 62 69 0
FU 62 70 0
FU 62 71 0
FU 62 76 0
FU 62 78 102
FU 62 81 0
FU 63 24 7
FU 63 78 159
FU 64 1 50
FU 64 2 0
FU 64 5 32
FU 64 7 0
FU 64 8 0
FU 64 9 0
FU 64 10 0
FU 64 12 52
FU 64 13 41
FU 64 14 0
FU 64 15 0
FU 64 18 0
FU 64 21 20
FU 64 23 114
FU 64 25 0
FU 64 26 0
FU 64 27 0
FU 64 30 36
FU 64 33 0
FU 64 37 0
FU 64 44 0
FU 64 48 0
FU 64 50 0
FU 64 54 0
FU 64 57 0
FU 64 62 0
FU 64 69 8
FU 64 70 0
FU 64 71 0
FU 64 72 0
FU 64 74 0
FU 64 76 0
FU 64 77 0
FU 64 78 137
FU 64 79 0
FU 64 81 0
FU 64 87 3
FU 66 1 53
FU 66 4 0
FU 66 5 20
FU 66 7 0
FU 66 8 0
FU 66 9 0
FU 66 10 0
FU 66 11 0
FU 66 12 4
FU 66 13 25
FU 66 17 0
FU 66 18 0
FU 66 21 30
FU 66 23 66
FU 66 24 0
FU 66 25 0
FU 66 26 0
FU 66 30 15
FU 66 33 0
FU 66 34 46
FU 66 35 0
FU 66 38 0
FU 66 39 0
FU 66 42 43
FU 66 43 0
FU 66 54 0
FU 66 56 32
FU 66 67 0
FU 66 71 0
FU 66 72 0
FU 66 74 0
FU 66 77 0
FU 66 79 0
FU 66 81 0
FU 66 84 54
FU 66 85 132
FU 66 86 59
FU 67 1 28
FU 67 4 0
FU 67 5 52
FU 67 7 0
FU 67 8 0
FU 67 9 0
FU 67 10 0
FU 67 11 0
FU 67 12 48
FU 67 13 47
FU 67 17 0
FU 67 18 0
FU 67 19 0
FU 67 20 0
FU 67 21 16
FU 67 23 74
FU 67 24 0
FU 67 25 0
FU 67 26 0
FU 67 30 53
FU 67 31 0
FU 67 33 0
FU 67 35 0
FU 67 38 0
FU 67 39 0
FU 67 40 0
FU 67 42 63
FU 67 43 0
FU 67 47 0
FU 67 52 0
FU 67 54 0
FU 67 56 25
FU 67 61 0
FU 67 63 74
FU 67 66 0
FU 67 71 0
FU 67 72 0
FU 67 73 0
FU 67 74 0
FU 67 77 0
FU 67 79 0
FU 67 81 0
FU 67 84 127
FU 67 86 71
FU 67 88 371
FU 69 1 38
FU 69 2 0
FU 69 5 77
FU 69 7 0
FU 69 8 0
FU 69 9 0
FU 69 10 0
FU 69 12 45
FU 69 13 21
FU 69 14 0
FU 69 15 0
FU 69 17 0
FU 69 18 0
FU 69 21 12
FU 69 24 147
FU 69 25 7
FU 69 26 0
FU 69 27 0
FU 69 30 27
FU 69 31 0
FU 69 32 90
FU 69 33 0
FU 69 37 0
FU 69 38 955
FU 69 40 0
FU 69 41 0
FU 69 43 0
FU 69 44 0
FU 69 48 0
FU 69 50 0
FU 69 52 0
FU 69 54 0
FU 69 57 0
FU 69 60 209
FU 69 62 0
FU 69 63 51
FU 69 64 0
FU 69 70 0
FU 69 72 306
FU 69 74 0
FU 69 76 0
FU 69 77 0
FU 69 79 0
FU 69 81 0
FU 70 1 47
FU 70 2 0
FU 70 5 25
FU 70 7 0
FU 70 8 0
FU 70 10 0
FU 70 11 0
FU 70 12 21
FU 70 13 39
FU 70 14 0
FU 70 15 0
FU 70 16 0
FU 70 17 0
FU 70 19 0
FU 70 20 0
FU 70 21 23
FU 70 23 62
FU 70 25 0
FU 70 26 0
FU 70 27 0
FU 70 30 40
FU 70 31 0
FU 70 32 65
FU 70 33 0
FU 70 34 68
FU 70 37 1
FU 70 40 0
FU 70 41 0
FU 70 44 0
FU 70 48 1
FU 70 50 0
FU 70 52 0
FU 70 54 0
FU 70 55 125
FU 70 57 17
FU 70 60 45
FU 70 62 0
FU 70 63 47
FU 70 64 0
FU 70 69 5
FU 70 71 0
FU 70 72 0
FU 70 74 0
FU 70 76 0
FU 70 77 0
FU 70 78 71
FU 70 79 0
FU 70 81 0
FU 71 1 34
FU 71 2 0
FU 71 5 11
FU 71 7 0
FU 71 8 0
FU 71 9 0
FU 71 11 0
FU 71 12 12
FU 71 13 57
FU 71 14 0
FU 71 15 0
FU 71 16 0
FU 71 17 0
FU 71 19 0
FU 71 20 0
FU 71 21 15
FU 71 23 46
FU 71 25 0
FU 71 26 0
FU 71 27 0
FU 71 30 3
FU 71 32 49
FU 71 34 62
FU 71 37 3
FU 71 40 0
FU 71 41 0
FU 71 42 29
FU 71 44 0
FU 71 47 0
FU 71 48 0
FU 71 50 0
FU 71 52 0
FU 71 54 0
FU 71 55 135
FU 71 60 37
FU 71 62 0
FU 71 63 98
FU 71 64 0
FU 71 66 0
FU 71 67 0
FU 71 70 0
FU 71 72 0
FU 71 73 0
FU 71 74 0
FU 71 76 0
FU 71 77 0
FU 71 78 60
FU 71 79 0
FU 71 81 0
FU 71 85 115
FU 71 86 113
FU 72 9 0
FU 72 12 54
FU 72 14 0
FU 72 18 0
FU 72 21 9
FU 72 24 377
FU 72 25 0
FU 72 31 0
FU 72 33 0
FU 72 34 20
FU 72 41 0
FU 72 43 1992
FU 72 47 464
FU 72 50 0
FU 72 55 39
FU 72 61 1977
FU 72 69 907
FU 72 79 0
FU 73 1 190
FU 73 5 102
FU 73 7 1999
FU 73 8 1999
FU 73 11 1999
FU 73 16 1999
FU 73 19 1999
FU 73 20 1233
FU 73 21 1005
FU 73 23 73
FU 73 25 1351
FU 73 26 1999
FU 73 30 115
FU 73 34 448
FU 73 42 132
FU 73 47 709
FU 73 55 132
FU 73 67 1999
FU 73 71 9
FU 73 72 1037
FU 73 74 1999
FU 73 77 939
FU 73 79 1999
FU 73 85 136
FU 73 86 120
FU 73 0 2000
FU 74 1 30
FU 74 4 0
FU 74 5 62
FU 74 7 0
FU 74 8 0
FU 74 9 0
FU 74 10 0
FU 74 11 0
FU 74 12 39
FU 74 13 39
FU 74 14 0
FU 74 16 0
FU 74 17 0
FU 74 18 0
FU 74 19 0
FU 74 20 0
FU 74 21 6
FU 74 23 94
FU 74 24 0
FU 74 25 0
FU 74 26 0
FU 74 27 0
FU 74 30 125
FU 74 31 0
FU 74 33 0
FU 74 34 68
FU 74 35 0
FU 74 37 0
FU 74 38 0
FU 74 39 0
FU 74 40 0
FU 74 41 0
FU 74 42 59
FU 74 43 0
FU 74 44 0
FU 74 47 0
FU 74 48 0
FU 74 50 0
FU 74 52 0
FU 74 54 0
FU 74 55 130
FU 74 56 20
FU 74 57 0
FU 74 61 0
FU 74 63 17
FU 74 64 0
FU 74 66 0
FU 74 67 0
FU 74 69 0
FU 74 70 0
FU 74 71 0
FU 74 72 0
FU 74 73 0
FU 74 77 0
FU 74 79 0
FU 74 81 0
FU 74 84 115
FU 74 85 43
FU 74 86 175
FU 74 87 0
FU 76 2 0
FU 76 10 0
FU 76 12 24
FU 76 13 6
FU 76 14 0
FU 76 15 0
FU 76 16 0
FU 76 21 13
FU 76 23 27
FU 76 25 0
FU 76 27 0
FU 76 32 156
FU 76 37 0
FU 76 40 0
FU 76 41 0
FU 76 44 0
FU 76 48 0
FU 76 50 0
FU 76 55 36
FU 76 57 0
FU 76 60 86
FU 76 62 0
FU 76 63 36
FU 76 64 0
FU 76 69 0
FU 76 70 0
FU 76 71 0
FU 76 72 0
FU 76 77 0
FU 76 78 85
FU 77 1 12
FU 77 2 0
FU 77 4 0
FU 77 5 26
FU 77 7 0
FU 77 8 0
FU 77 9 0
FU 77 10 0
FU 77 11 0
FU 77 12 55
FU 77 13 79
FU 77 14 0
FU 77 15 0
FU 77 16 0
FU 77 17 0
FU 77 18 0
FU 77 19 0
FU 77 20 0
FU 77 21 38
FU 77 23 21
FU 77 24 15
FU 77 25 0
FU 77 26 0
FU 77 27 0
FU 77 30 15
FU 77 31 0
FU 77 32 44
FU 77 33 0
FU 77 34 45
FU 77 35 967
FU 77 37 0
FU 77 38 5
FU 77 39 1019
FU 77 40 0
FU 77 41 0
FU 77 42 10
FU 77 43 0
FU 77 44 0
FU 77 47 0
FU 77 48 6
FU 77 50 0
FU 77 52 0
FU 77 54 0
FU 77 55 95
FU 77 56 577
FU 77 57 2
FU 77 61 2
FU 77 63 69
FU 77 64 0
FU 77 66 0
FU 77 67 0
FU 77 69 1
FU 77 70 0
FU 77 71 0
FU 77 72 13
FU 77 73 0
FU 77 74 0
FU 77 76 0
FU 77 79 0
FU 77 81 0
FU 77 85 124
FU 77 86 55
FU 78 19 0
FU 78 27 0
FU 79 1 13
FU 79 2 0
FU 79 4 0
FU 79 5 66
FU 79 7 0
FU 79 8 0
FU 79 9 0
FU 79 10 0
FU 79 11 0
FU 79 12 81
FU 79 13 18
FU 79 14 0
FU 79 15 0
FU 79 16 0
FU 79 17 0
FU 79 18 0
FU 79 19 0
FU 79 20 0
FU 79 21 13
FU 79 23 4
FU 79 24 0
FU 79 25 0
FU 79 26 0
FU 79 27 0
FU 79 30 49
FU 79 31 0
FU 79 32 106
FU 79 33 0
FU 79 34 115
FU 79 35 0
FU 79 37 0
FU 79 38 3
FU 79 39 13
FU 79 40 0
FU 79 41 0
FU 79 42 22
FU 79 43 0
FU 79 44 0
FU 79 47 0
FU 79 48 2
FU 79 50 0
FU 79 52 0
FU 79 54 0
FU 79 55 48
FU 79 56 20
FU 79 57 0
FU 79 61 0
FU 79 63 19
FU 79 64 0
FU 79 66 0
FU 79 67 0
FU 79 69 1
FU 79 70 0
FU 79 71 0
FU 79 72 11
FU 79 73 0
FU 79 74 0
FU 79 77 7
FU 79 81 0
FU 79 84 54
FU 79 86 160
FU 79 87 0
FU 81 1 78
FU 81 2 0
FU 81 5 35
FU 81 7 0
FU 81 8 0
FU 81 9 0
FU 81 10 0
FU 81 11 0
FU 81 12 56
FU 81 13 30
FU 81 14 0
FU 81 15 0
FU 81 16 0
FU 81 17 0
FU 81 18 0
FU 81 19 0
FU 81 20 0
FU 81 21 13
FU 81 23 28
FU 81 24 0
FU 81 25 0
FU 81 26 0
FU 81 27 0
FU 81 30 18
FU 81 31 0
FU 81 32 121
FU 81 33 0
FU 81 34 63
FU 81 35 0
FU 81 37 0
FU 81 38 3
FU 81 39 0
FU 81 40 0
FU 81 41 0
FU 81 42 87
FU 81 43 0
FU 81 44 0
FU 81 48 0
FU 81 50 0
FU 81 52 0
FU 81 54 0
FU 81 55 76
FU 81 56 73
FU 81 57 0
FU 81 60 116
FU 81 61 0
FU 81 62 0
FU 81 63 81
FU 81 64 0
FU 81 66 0
FU 81 67 0
FU 81 69 0
FU 81 70 0
FU 81 71 0
FU 81 72 0
FU 81 74 0
FU 81 77 0
FU 81 79 0
FU 81 86 133
FU 81 87 0
FU 84 10 0
FU 84 40 0
FU 85 13 11
FU 85 14 0
FU 85 41 0
FU 86 9 0
FU 86 12 70
FU 86 13 14
FU 86 61 0
FU 86 79 0
FU 87 1 31
FU 87 8 0
FU 87 10 0
FU 87 12 74
FU 87 14 0
FU 87 15 0
FU 87 17 0
FU 87 18 0
FU 87 21 31
FU 87 23 75
FU 87 24 198
FU 87 26 0
FU 87 30 82
FU 87 31 0
FU 87 32 99
FU 87 37 0
FU 87 38 120
FU 87 40 0
FU 87 41 0
FU 87 43 0
FU 87 50 0
FU 87 52 0
FU 87 54 0
FU 87 60 221
FU 87 63 61
FU 87 64 0
FU 87 74 0
FU 87 79 0
FU 87 81 0
FU 88 35 1
