Nodes: 81
Arcs: 2504
Terminals_rem: 0
Nodes_rem: 3
Arcs_rem: 636
First LB: 2
LB: 2
Iter. LB: 0
First UB: 29
UB: 12
Iter. UB: 618
gap: 83.3333
BM. Time: 0
Runtime: 1186
FL 0 62 62
FL 0 61 33
FL 0 26 9
FL 0 37 64
FL 0 76 26
FL 0 1 25
FL 0 57 0
FL 0 12 72
FL 0 24 30
FL 0 69 71
FL 0 39 21
FL 0 6 21
FL 0 68 24
FL 0 41 34
FL 0 10 67
FL 0 72 9
FL 0 80 37
FL 0 65 2522
FL 0 23 21
FL 0 49 5
FL 0 56 8
FL 0 46 10
FL 0 53 57
FL 0 27 6
FL 0 48 25
FL 0 45 12
FL 0 9 28
FL 0 3 49
FL 0 13 58
FL 0 52 12
FL 0 42 8
FL 0 20 23
FL 0 17 3132
FL 0 71 25
FL 0 38 115
FL 0 79 9
FL 0 15 108
FL 0 22 36
FL 0 2 14
FL 0 5 15
FL 0 67 20
FL 0 66 43
FL 0 36 56
FL 0 4 10
FL 0 28 0
FL 0 75 46
FL 0 64 56
FL 0 33 11
FL 0 7 81
FL 0 8 466
FL 0 11 217
FL 0 14 2000
FL 0 16 1510
FL 0 18 54
FL 0 19 170
FL 0 21 2000
FL 0 25 1
FL 0 29 44
FL 0 30 257
FL 0 31 247
FL 0 32 286
FL 0 34 246
FL 0 40 219
FL 0 43 151
FL 0 44 846
FL 0 47 1000
FL 0 50 222
FL 0 51 200
FL 0 54 0
FL 0 55 142
FL 0 58 111
FL 0 59 54
FL 0 60 68
FL 0 63 129
FL 0 70 409
FL 0 73 2000
FL 0 74 111
FL 0 77 150
FL 0 78 79
FL 1 2 24
FL 1 5 18
FL 1 6 24
FL 1 7 84
FL 1 8 676
FL 1 9 52
FL 1 10 56
FL 1 13 46
FL 1 17 29
FL 1 18 119
FL 1 19 194
FL 1 20 35
FL 1 22 63
FL 1 23 36
FL 1 24 53
FL 1 26 374
FL 1 29 88
FL 1 30 576
FL 1 33 14
FL 1 34 162
FL 1 35 0
FL 1 36 42
FL 1 37 56
FL 1 39 35
FL 1 41 63
FL 1 42 969
FL 1 44 650
FL 1 45 15
FL 1 46 1063
FL 1 47 1664
FL 1 48 74
FL 1 49 1329
FL 1 50 72
FL 1 51 838
FL 1 52 16
FL 1 54 1
FL 1 57 0
FL 1 58 60
FL 1 59 62
FL 1 60 86
FL 1 61 60
FL 1 64 1754
FL 1 65 21
FL 1 66 92
FL 1 67 413
FL 1 68 56
FL 1 71 982
FL 1 74 118
FL 1 75 73
FL 1 76 76
FL 1 77 372
FL 1 80 193
FL 2 1 47
FL 2 5 14
FL 2 6 28
FL 2 7 61
FL 2 9 28
FL 2 18 39
FL 2 19 231
FL 2 20 25
FL 2 22 29
FL 2 23 18
FL 2 24 37
FL 2 30 209
FL 2 34 50
FL 2 35 0
FL 2 39 18
FL 2 41 39
FL 2 42 13
FL 2 45 12
FL 2 46 14
FL 2 48 49
FL 2 51 157
FL 2 52 12
FL 2 54 0
FL 2 57 0
FL 2 59 90
FL 2 60 118
FL 2 61 31
FL 2 65 16
FL 2 66 31
FL 2 68 24
FL 2 77 150
FL 2 80 104
FL 3 4 6
FL 3 5 0
FL 3 11 241
FL 3 13 18
FL 3 15 26
FL 3 16 103
FL 3 25 0
FL 3 26 3
FL 3 31 259
FL 3 45 6
FL 3 62 9
FL 3 71 4
FL 4 3 383
FL 4 5 1
FL 4 11 218
FL 4 15 3
FL 4 16 9
FL 4 25 0
FL 4 26 0
FL 4 27 34
FL 4 28 0
FL 4 29 13
FL 4 31 173
FL 4 33 0
FL 4 35 0
FL 4 43 51
FL 4 49 14
FL 4 55 58
FL 4 56 71
FL 4 62 84
FL 4 63 99
FL 4 67 3
FL 4 71 20
FL 4 72 0
FL 4 74 107
FL 4 78 34
FL 4 79 39
FL 5 1 5
FL 5 2 2
FL 5 3 572
FL 5 4 0
FL 5 6 636
FL 5 8 34
FL 5 10 12
FL 5 13 8
FL 5 15 1
FL 5 16 14
FL 5 18 33
FL 5 19 55
FL 5 20 2123
FL 5 22 11
FL 5 23 2592
FL 5 25 0
FL 5 26 0
FL 5 28 0
FL 5 29 90
FL 5 30 48
FL 5 31 213
FL 5 33 0
FL 5 35 0
FL 5 36 4
FL 5 44 54
FL 5 45 1
FL 5 48 453
FL 5 49 0
FL 5 50 97
FL 5 51 21
FL 5 52 0
FL 5 54 0
FL 5 57 0
FL 5 58 9
FL 5 59 125
FL 5 60 38
FL 5 61 2043
FL 5 65 0
FL 5 66 1651
FL 5 67 0
FL 5 68 720
FL 5 69 4
FL 5 70 25
FL 5 71 0
FL 5 74 39
FL 5 75 7
FL 5 76 5
FL 5 77 99
FL 6 1 10
FL 6 2 2
FL 6 5 0
FL 6 7 57
FL 6 9 0
FL 6 10 18
FL 6 18 70
FL 6 20 15
FL 6 22 12
FL 6 24 10
FL 6 30 14
FL 6 34 65
FL 6 37 15
FL 6 39 7
FL 6 41 15
FL 6 45 3
FL 6 48 10
FL 6 51 49
FL 6 52 1
FL 6 54 0
FL 6 57 0
FL 6 59 48
FL 6 60 46
FL 6 61 13
FL 6 65 0
FL 6 66 9
FL 6 80 13
FL 8 5 0
FL 8 10 16
FL 8 12 17
FL 8 13 20
FL 8 20 17
FL 8 30 81
FL 8 32 110
FL 8 48 16
FL 8 50 94
FL 8 52 11
FL 8 58 24
FL 8 59 122
FL 8 64 15
FL 8 69 16
FL 8 70 182
FL 9 1 14
FL 9 2 7
FL 9 6 16
FL 9 7 32
FL 9 8 69
FL 9 10 17
FL 9 13 16
FL 9 17 0
FL 9 18 20
FL 9 19 63
FL 9 20 17
FL 9 22 16
FL 9 23 15
FL 9 24 16
FL 9 25 0
FL 9 30 27
FL 9 32 119
FL 9 34 49
FL 9 36 16
FL 9 37 17
FL 9 38 16
FL 9 39 14
FL 9 40 119
FL 9 41 16
FL 9 42 5
FL 9 44 30
FL 9 45 5
FL 9 46 6
FL 9 47 70
FL 9 48 17
FL 9 50 29
FL 9 51 19
FL 9 52 10
FL 9 54 0
FL 9 57 0
FL 9 58 17
FL 9 59 92
FL 9 60 79
FL 9 61 15
FL 9 64 14
FL 9 65 0
FL 9 66 15
FL 9 67 1
FL 9 68 16
FL 9 71 3
FL 9 74 60
FL 9 75 14
FL 9 76 15
FL 9 77 88
FL 9 80 16
FL 10 1 3
FL 10 5 31
FL 10 6 361
FL 10 7 30
FL 10 8 69
FL 10 9 0
FL 10 12 2263
FL 10 13 8
FL 10 17 0
FL 10 20 9
FL 10 22 9
FL 10 24 4
FL 10 30 28
FL 10 32 164
FL 10 36 3
FL 10 37 6
FL 10 38 6
FL 10 40 155
FL 10 41 6
FL 10 44 66
FL 10 45 1
FL 10 47 9
FL 10 48 2
FL 10 50 16
FL 10 51 28
FL 10 52 0
FL 10 54 0
FL 10 57 0
FL 10 58 9
FL 10 59 17
FL 10 60 74
FL 10 61 6
FL 10 64 138
FL 10 65 0
FL 10 66 2
FL 10 68 4
FL 10 69 2230
FL 10 70 291
FL 10 75 1263
FL 10 76 666
FL 10 80 5171
FL 12 8 27
FL 12 10 19
FL 12 13 9
FL 12 17 0
FL 12 24 11
FL 12 36 9
FL 12 38 10
FL 12 40 97
FL 12 44 53
FL 12 47 12
FL 12 50 74
FL 12 51 18
FL 12 53 11
FL 12 58 16
FL 12 64 3
FL 12 69 7
FL 12 70 84
FL 12 75 11
FL 12 76 9
FL 13 1 9
FL 13 3 3
FL 13 5 0
FL 13 7 121
FL 13 8 54
FL 13 9 0
FL 13 10 16
FL 13 11 157
FL 13 12 6
FL 13 17 0
FL 13 20 9
FL 13 22 12
FL 13 24 12
FL 13 32 35
FL 13 36 7
FL 13 37 16
FL 13 38 7
FL 13 40 56
FL 13 41 13
FL 13 44 19
FL 13 45 2
FL 13 47 8
FL 13 48 8
FL 13 50 50
FL 13 51 24
FL 13 52 2
FL 13 53 6
FL 13 58 16
FL 13 59 10
FL 13 60 48
FL 13 61 9
FL 13 64 5
FL 13 66 5
FL 13 69 5
FL 13 71 2
FL 13 74 68
FL 13 75 9
FL 13 76 8
FL 15 3 4
FL 15 4 6
FL 15 5 0
FL 15 11 62
FL 15 16 111
FL 15 22 21
FL 15 25 1
FL 15 26 1
FL 15 28 0
FL 15 29 40
FL 15 31 195
FL 15 33 3
FL 15 36 21
FL 15 43 82
FL 15 44 33
FL 15 45 5
FL 15 49 1
FL 15 51 12
FL 15 57 0
FL 15 59 51
FL 15 62 16
FL 15 67 2
FL 15 71 4
FL 15 74 47
FL 15 75 18
FL 15 78 43
FL 16 3 21
FL 16 4 7
FL 16 5 244
FL 16 11 234
FL 16 18 85
FL 16 25 1
FL 16 26 7
FL 16 28 0
FL 16 29 38
FL 16 31 248
FL 16 33 7
FL 16 44 128
FL 16 45 10
FL 16 49 2
FL 16 56 6
FL 16 62 15
FL 16 63 114
FL 16 67 8
FL 16 71 8
FL 16 74 53
FL 16 78 93
FL 16 79 5
FL 17 1 15
FL 17 8 26
FL 17 9 0
FL 17 10 17
FL 17 12 13
FL 17 13 17
FL 17 22 16
FL 17 24 15
FL 17 32 159
FL 17 36 17
FL 17 37 17
FL 17 38 16
FL 17 40 118
FL 17 41 16
FL 17 44 59
FL 17 47 80
FL 17 48 16
FL 17 50 211
FL 17 51 47
FL 17 52 10
FL 17 53 15
FL 17 58 18
FL 17 59 34
FL 17 60 18
FL 17 64 12
FL 17 66 14
FL 17 69 13
FL 17 70 122
FL 17 75 15
FL 17 76 15
FL 18 2 0
FL 18 6 2
FL 18 7 57
FL 18 16 40
FL 18 19 109
FL 18 20 3
FL 18 22 3
FL 18 23 3
FL 18 25 0
FL 18 26 0
FL 18 28 0
FL 18 29 49
FL 18 30 69
FL 18 33 85
FL 18 34 44
FL 18 35 0
FL 18 39 1
FL 18 41 522
FL 18 42 1
FL 18 46 0
FL 18 48 2
FL 18 49 22
FL 18 52 1
FL 18 54 0
FL 18 55 84
FL 18 56 90
FL 18 67 0
FL 18 68 2
FL 18 74 120
FL 18 79 156
FL 18 80 5
FL 19 2 5
FL 19 5 0
FL 19 18 38
FL 19 20 14
FL 19 24 12
FL 19 30 33
FL 19 39 10
FL 19 45 2
FL 19 48 11
FL 19 52 6
FL 19 54 0
FL 19 59 51
FL 20 1 6
FL 20 2 0
FL 20 5 0
FL 20 6 6
FL 20 7 63
FL 20 8 43
FL 20 9 0
FL 20 10 15
FL 20 13 2410
FL 20 18 34
FL 20 19 98
FL 20 22 10
FL 20 23 8
FL 20 24 9
FL 20 30 7
FL 20 34 57
FL 20 37 14
FL 20 39 8
FL 20 41 13
FL 20 42 3
FL 20 45 0
FL 20 46 3
FL 20 48 3
FL 20 51 5
FL 20 52 0
FL 20 54 0
FL 20 57 0
FL 20 59 29
FL 20 60 56
FL 20 61 7
FL 20 64 5
FL 20 65 0
FL 20 66 2
FL 20 68 3
FL 20 77 59
FL 20 80 12
FL 22 1 12
FL 22 2 442
FL 22 5 42
FL 22 6 851
FL 22 7 43
FL 22 8 46
FL 22 9 0
FL 22 10 17
FL 22 13 11
FL 22 15 7
FL 22 17 0
FL 22 18 26
FL 22 19 73
FL 22 20 20
FL 22 23 800
FL 22 24 1191
FL 22 28 0
FL 22 29 63
FL 22 30 35
FL 22 33 2
FL 22 36 9
FL 22 39 938
FL 22 41 1333
FL 22 42 5
FL 22 44 11
FL 22 45 3
FL 22 46 6
FL 22 48 771
FL 22 49 18
FL 22 50 85
FL 22 51 84
FL 22 52 506
FL 22 54 0
FL 22 57 0
FL 22 58 13
FL 22 59 72
FL 22 60 29
FL 22 61 752
FL 22 64 301
FL 22 65 0
FL 22 66 9
FL 22 67 131
FL 22 68 1075
FL 22 71 267
FL 22 74 42
FL 22 75 10
FL 22 76 1100
FL 22 77 73
FL 22 80 16
FL 23 1 10
FL 23 2 291
FL 23 5 37
FL 23 7 59
FL 23 9 0
FL 23 18 6
FL 23 20 17
FL 23 22 11
FL 23 24 729
FL 23 30 77
FL 23 34 44
FL 23 37 15
FL 23 39 666
FL 23 41 12
FL 23 45 3
FL 23 48 6
FL 23 51 31
FL 23 52 0
FL 23 54 0
FL 23 57 0
FL 23 59 90
FL 23 60 24
FL 23 61 10
FL 23 65 0
FL 23 66 5
FL 23 80 13
FL 24 1 10
FL 24 2 2
FL 24 6 7
FL 24 7 48
FL 24 8 60
FL 24 9 0
FL 24 10 17
FL 24 12 6
FL 24 13 10
FL 24 17 0
FL 24 19 98
FL 24 20 14
FL 24 22 10
FL 24 23 8
FL 24 30 47
FL 24 32 77
FL 24 34 95
FL 24 36 7
FL 24 37 15
FL 24 38 7
FL 24 39 8
FL 24 40 125
FL 24 41 13
FL 24 42 3
FL 24 46 5
FL 24 47 13
FL 24 48 5
FL 24 50 41
FL 24 51 35
FL 24 53 6
FL 24 54 0
FL 24 58 14
FL 24 59 65
FL 24 60 6
FL 24 61 9
FL 24 64 4
FL 24 65 0
FL 24 66 6
FL 24 68 6
FL 24 69 5
FL 24 75 10
FL 24 76 7
FL 24 77 26
FL 24 80 13
FL 25 5 258
FL 25 9 3230
FL 25 16 225
FL 25 18 79
FL 25 26 72
FL 25 28 0
FL 25 29 54
FL 25 33 187
FL 25 35 0
FL 25 49 44
FL 25 55 116
FL 25 56 115
FL 25 71 480
FL 25 72 151
FL 25 78 21
FL 25 79 254
FL 26 1 240
FL 26 3 847
FL 26 4 4
FL 26 5 3
FL 26 11 257
FL 26 15 7
FL 26 16 81
FL 26 18 19
FL 26 25 0
FL 26 27 4
FL 26 28 0
FL 26 29 17
FL 26 31 111
FL 26 33 2
FL 26 35 0
FL 26 43 32
FL 26 44 326
FL 26 45 7
FL 26 49 0
FL 26 51 268
FL 26 55 55
FL 26 56 1
FL 26 62 5
FL 26 63 62
FL 26 67 5
FL 26 71 4
FL 26 74 55
FL 26 78 37
FL 26 79 3
FL 27 4 108
FL 27 26 67
FL 27 28 0
FL 27 29 21
FL 27 33 134
FL 27 35 0
FL 27 43 120
FL 27 49 11
FL 27 55 106
FL 27 56 203
FL 27 62 213
FL 27 63 95
FL 27 67 1
FL 27 72 256
FL 27 74 72
FL 27 78 49
FL 27 79 160
FL 28 4 109
FL 28 5 80
FL 28 15 1
FL 28 16 69
FL 28 18 31
FL 28 22 13
FL 28 25 0
FL 28 26 50
FL 28 27 128
FL 28 29 32
FL 28 31 72
FL 28 33 95
FL 28 35 0
FL 28 36 2388
FL 28 43 23
FL 28 45 3
FL 28 49 27
FL 28 52 377
FL 28 55 44
FL 28 56 127
FL 28 62 158
FL 28 63 108
FL 28 67 0
FL 28 71 106
FL 28 72 0
FL 28 74 36
FL 28 75 11
FL 28 78 75
FL 28 79 90
FL 29 1 141
FL 29 4 79
FL 29 5 576
FL 29 16 106
FL 29 18 10
FL 29 22 366
FL 29 25 0
FL 29 26 104
FL 29 27 244
FL 29 28 1
FL 29 33 137
FL 29 35 0
FL 29 43 47
FL 29 44 6
FL 29 45 228
FL 29 49 76
FL 29 51 321
FL 29 52 313
FL 29 55 98
FL 29 56 94
FL 29 62 213
FL 29 63 90
FL 29 67 117
FL 29 71 187
FL 29 72 157
FL 29 74 100
FL 29 78 52
FL 29 79 81
FL 30 2 5
FL 30 5 0
FL 30 6 11
FL 30 7 105
FL 30 8 54
FL 30 10 16
FL 30 18 71
FL 30 19 82
FL 30 20 14
FL 30 22 12
FL 30 23 12
FL 30 24 11
FL 30 37 14
FL 30 39 8
FL 30 41 13
FL 30 42 4
FL 30 45 4
FL 30 46 5
FL 30 48 10
FL 30 52 4
FL 30 54 0
FL 30 57 0
FL 30 68 11
FL 30 77 55
FL 30 80 13
FL 32 48 17
FL 33 1 9
FL 33 4 1
FL 33 5 0
FL 33 15 4
FL 33 16 120
FL 33 18 13
FL 33 22 12
FL 33 25 0
FL 33 26 0
FL 33 27 1
FL 33 28 0
FL 33 29 16
FL 33 35 0
FL 33 43 51
FL 33 44 355
FL 33 45 2
FL 33 49 11
FL 33 51 94
FL 33 52 1
FL 33 55 37
FL 33 56 111
FL 33 62 63
FL 33 63 192
FL 33 67 0
FL 33 71 1
FL 33 74 101
FL 33 78 36
FL 33 79 94
FL 34 18 41
FL 35 1 11408
FL 35 2 2353
FL 35 4 1995
FL 35 5 12147
FL 35 18 2124
FL 35 25 7283
FL 35 26 3100
FL 35 27 2311
FL 35 28 6252
FL 35 29 4827
FL 35 33 1882
FL 35 43 2133
FL 35 45 1442
FL 35 49 15678
FL 35 52 1280
FL 35 54 30136
FL 35 55 2238
FL 35 56 1900
FL 35 57 11271
FL 35 63 180
FL 35 65 38
FL 35 67 5697
FL 35 72 4655
FL 35 74 120
FL 35 78 2765
FL 35 79 2170
FL 35 0 20615
FL 36 1 13
FL 36 5 0
FL 36 8 30
FL 36 9 0
FL 36 10 17
FL 36 12 9
FL 36 13 12
FL 36 15 7
FL 36 17 0
FL 36 22 14
FL 36 24 12
FL 36 28 0
FL 36 31 168
FL 36 37 18
FL 36 41 15
FL 36 44 12
FL 36 45 3
FL 36 48 10
FL 36 50 79
FL 36 51 47
FL 36 52 6
FL 36 58 16
FL 36 59 21
FL 36 60 31
FL 36 64 7
FL 36 66 10
FL 36 69 7
FL 36 70 54
FL 36 71 2
FL 36 74 44
FL 36 75 10
FL 36 76 9
FL 37 1 5
FL 37 6 7
FL 37 7 41
FL 37 8 84
FL 37 9 0
FL 37 10 11
FL 37 13 9
FL 37 17 0
FL 37 19 91
FL 37 20 8
FL 37 23 8
FL 37 24 5
FL 37 30 98
FL 37 32 66
FL 37 34 124
FL 37 36 5
FL 37 38 8
FL 37 39 8
FL 37 40 44
FL 37 41 10
FL 37 42 3
FL 37 46 4
FL 37 47 11
FL 37 48 4
FL 37 50 88
FL 37 51 32
FL 37 52 0
FL 37 54 0
FL 37 57 0
FL 37 58 12
FL 37 59 11
FL 37 60 52
FL 37 61 5
FL 37 64 2
FL 37 65 0
FL 37 66 3
FL 37 68 7
FL 37 75 1303
FL 37 76 5
FL 37 77 155
FL 37 80 12
FL 38 7 64
FL 38 8 85
FL 38 9 1
FL 38 10 19
FL 38 12 15
FL 38 13 12
FL 38 17 0
FL 38 24 14
FL 38 32 188
FL 38 34 78
FL 38 37 14
FL 38 40 155
FL 38 41 13
FL 38 47 17
FL 38 48 10
FL 38 53 13
FL 38 58 21
FL 38 59 65
FL 38 61 8
FL 38 64 2
FL 38 80 14
FL 39 1 9
FL 39 2 2
FL 39 6 12
FL 39 7 66
FL 39 9 0
FL 39 18 16
FL 39 19 131
FL 39 20 13
FL 39 22 11
FL 39 23 9
FL 39 24 9
FL 39 30 29
FL 39 34 64
FL 39 37 16
FL 39 41 13
FL 39 42 4
FL 39 45 3
FL 39 46 5
FL 39 48 8
FL 39 51 59
FL 39 52 2
FL 39 54 0
FL 39 57 0
FL 39 59 20
FL 39 60 76
FL 39 61 9
FL 39 65 0
FL 39 66 7
FL 39 68 8
FL 39 77 49
FL 39 80 14
FL 40 50 72
FL 40 75 22
FL 41 1 10
FL 41 2 3
FL 41 6 8
FL 41 7 59
FL 41 8 123
FL 41 9 0
FL 41 10 17
FL 41 13 10
FL 41 17 0
FL 41 18 6
FL 41 19 47
FL 41 20 13
FL 41 22 8
FL 41 23 9
FL 41 24 8
FL 41 30 55
FL 41 32 90
FL 41 34 86
FL 41 36 7
FL 41 37 16
FL 41 38 7
FL 41 39 7
FL 41 40 102
FL 41 42 4
FL 41 44 37
FL 41 46 5
FL 41 47 12
FL 41 48 6
FL 41 50 90
FL 41 51 42
FL 41 52 2
FL 41 54 0
FL 41 57 0
FL 41 58 10
FL 41 59 80
FL 41 60 35
FL 41 61 9
FL 41 64 3
FL 41 65 0
FL 41 66 6
FL 41 68 7
FL 41 75 10
FL 41 76 5
FL 41 77 58
FL 41 80 13
FL 42 1 8
FL 42 2 6
FL 42 7 19
FL 42 9 0
FL 42 18 8
FL 42 20 15
FL 42 22 16
FL 42 24 13
FL 42 30 68
FL 42 34 88
FL 42 37 17
FL 42 39 13
FL 42 41 15
FL 42 45 4
FL 42 48 12
FL 42 52 9
FL 42 54 0
FL 42 57 0
FL 42 59 24
FL 42 60 62
FL 42 61 11
FL 42 65 0
FL 42 66 10
FL 42 80 15
FL 43 4 130
FL 43 15 757
FL 43 26 0
FL 43 27 0
FL 43 29 23
FL 43 33 0
FL 43 35 0
FL 43 49 0
FL 43 55 105
FL 43 56 0
FL 43 62 150
FL 43 72 1
FL 43 74 30
FL 43 78 123
FL 43 79 0
FL 44 1 18
FL 44 5 0
FL 44 7 51
FL 44 8 45
FL 44 10 18
FL 44 12 15
FL 44 13 18
FL 44 16 46
FL 44 22 17
FL 44 26 102
FL 44 29 39
FL 44 31 181
FL 44 33 52
FL 44 41 18
FL 44 45 5
FL 44 48 14
FL 44 50 63
FL 44 52 11
FL 44 58 27
FL 44 60 75
FL 44 64 18
FL 44 66 15
FL 44 67 227
FL 44 69 16
FL 44 70 160
FL 44 71 4
FL 44 74 31
FL 44 75 18
FL 44 76 17
FL 45 1 5
FL 45 2 2
FL 45 3 2
FL 45 5 0
FL 45 6 8
FL 45 9 0
FL 45 10 12
FL 45 11 256
FL 45 13 10
FL 45 15 4
FL 45 16 42
FL 45 18 10
FL 45 19 134
FL 45 20 13
FL 45 22 12
FL 45 23 9
FL 45 25 0
FL 45 26 0
FL 45 28 0
FL 45 29 13
FL 45 30 48
FL 45 33 0
FL 45 35 0
FL 45 36 4
FL 45 39 8
FL 45 42 3
FL 45 44 24
FL 45 46 3
FL 45 48 7
FL 45 49 29
FL 45 50 21
FL 45 51 11
FL 45 52 1
FL 45 54 0
FL 45 57 0
FL 45 58 11
FL 45 59 15
FL 45 60 66
FL 45 64 5
FL 45 65 0
FL 45 66 8
FL 45 67 0
FL 45 68 6
FL 45 71 1
FL 45 74 68
FL 45 75 10
FL 45 76 5
FL 45 77 74
FL 46 1 10
FL 46 2 6
FL 46 7 75
FL 46 9 0
FL 46 18 56
FL 46 20 16
FL 46 22 16
FL 46 24 15
FL 46 30 62
FL 46 34 88
FL 46 37 17
FL 46 39 13
FL 46 41 15
FL 46 45 4
FL 46 48 14
FL 46 52 11
FL 46 54 0
FL 46 57 0
FL 46 59 66
FL 46 60 35
FL 46 61 11
FL 46 65 0
FL 46 66 11
FL 46 80 15
FL 47 48 888
FL 47 64 1396
FL 47 66 1099
FL 48 1 10
FL 48 2 5
FL 48 5 0
FL 48 6 13
FL 48 7 47
FL 48 8 55
FL 48 9 0
FL 48 10 17
FL 48 13 12
FL 48 17 0
FL 48 18 5
FL 48 19 127
FL 48 20 15
FL 48 22 15
FL 48 23 13
FL 48 24 12
FL 48 30 52
FL 48 32 144
FL 48 34 78
FL 48 36 11
FL 48 37 15
FL 48 38 9
FL 48 39 9
FL 48 40 84
FL 48 41 14
FL 48 42 5
FL 48 44 38
FL 48 45 4
FL 48 46 5
FL 48 47 18
FL 48 51 30
FL 48 52 6
FL 48 54 0
FL 48 57 0
FL 48 58 17
FL 48 59 46
FL 48 60 71
FL 48 61 11
FL 48 64 8
FL 48 65 0
FL 48 66 10
FL 48 68 9
FL 48 75 10
FL 48 76 10
FL 48 77 134
FL 48 80 13
FL 49 1 3313
FL 49 4 111
FL 49 5 210
FL 49 15 549
FL 49 16 158
FL 49 18 37
FL 49 22 8821
FL 49 25 0
FL 49 26 67
FL 49 27 53
FL 49 28 0
FL 49 29 64
FL 49 33 130
FL 49 35 0
FL 49 43 199
FL 49 45 361
FL 49 55 102
FL 49 56 89
FL 49 62 171
FL 49 63 167
FL 49 67 88
FL 49 71 294
FL 49 72 209
FL 49 74 77
FL 49 78 159
FL 49 79 78
FL 50 60 122
FL 51 1 11
FL 51 2 6
FL 51 5 0
FL 51 7 65
FL 51 10 16
FL 51 12 11
FL 51 15 7
FL 51 20 15
FL 51 22 16
FL 51 23 12
FL 51 24 16
FL 51 26 91
FL 51 29 33
FL 51 30 44
FL 51 33 2
FL 51 39 13
FL 51 41 16
FL 51 44 24
FL 51 45 5
FL 51 50 20
FL 51 52 11
FL 51 54 0
FL 51 57 0
FL 51 58 19
FL 51 60 69
FL 51 61 13
FL 51 64 13
FL 51 65 0
FL 51 66 13
FL 51 67 203
FL 51 68 14
FL 51 69 7
FL 51 71 3
FL 51 74 59
FL 51 75 11
FL 51 76 11
FL 51 77 82
FL 51 80 15
FL 52 1 5
FL 52 2 0
FL 52 5 0
FL 52 6 6
FL 52 7 73
FL 52 8 90
FL 52 9 0
FL 52 10 10
FL 52 13 8
FL 52 17 0
FL 52 18 85
FL 52 19 68
FL 52 20 10
FL 52 22 8
FL 52 23 7
FL 52 28 0
FL 52 29 45
FL 52 30 26
FL 52 33 0
FL 52 34 65
FL 52 35 0
FL 52 36 5
FL 52 37 10
FL 52 39 7
FL 52 41 9
FL 52 42 2
FL 52 44 6
FL 52 45 2
FL 52 46 3
FL 52 48 2
FL 52 50 60
FL 52 51 31
FL 52 54 0
FL 52 57 0
FL 52 59 64
FL 52 60 120
FL 52 61 6
FL 52 65 0
FL 52 66 4
FL 52 68 5
FL 52 74 28
FL 52 75 9
FL 52 76 6
FL 52 77 29
FL 52 80 13
FL 53 8 47
FL 53 12 11
FL 53 13 10
FL 53 17 0
FL 53 24 10
FL 53 32 148
FL 53 38 13
FL 53 40 147
FL 53 50 45
FL 53 58 17
FL 53 70 182
FL 54 2 495
FL 54 5 110
FL 54 6 444
FL 54 7 28
FL 54 10 14506
FL 54 18 31
FL 54 19 34
FL 54 20 2404
FL 54 22 64
FL 54 23 536
FL 54 24 579
FL 54 30 33
FL 54 34 137
FL 54 35 0
FL 54 37 2065
FL 54 39 789
FL 54 41 759
FL 54 42 1383
FL 54 45 281
FL 54 46 1395
FL 54 48 638
FL 54 52 269
FL 54 57 0
FL 54 59 44
FL 54 60 102
FL 54 61 371
FL 54 68 572
FL 54 77 56
FL 54 80 12
FL 55 4 217
FL 55 18 22
FL 55 25 0
FL 55 26 118
FL 55 27 116
FL 55 28 0
FL 55 29 48
FL 55 33 139
FL 55 35 0
FL 55 43 72
FL 55 49 17
FL 55 56 72
FL 55 62 121
FL 55 63 172
FL 55 67 0
FL 55 72 204
FL 55 74 45
FL 55 78 67
FL 55 79 147
FL 56 4 58
FL 56 16 87
FL 56 18 19
FL 56 25 0
FL 56 26 86
FL 56 27 188
FL 56 28 0
FL 56 29 55
FL 56 33 70
FL 56 35 0
FL 56 43 53
FL 56 49 25
FL 56 55 28
FL 56 62 155
FL 56 63 139
FL 56 67 1
FL 56 72 56
FL 56 74 88
FL 56 78 59
FL 56 79 127
FL 57 1 6
FL 57 2 0
FL 57 5 0
FL 57 6 6
FL 57 7 49
FL 57 9 0
FL 57 10 17
FL 57 15 6
FL 57 18 13
FL 57 19 17
FL 57 20 12
FL 57 22 4
FL 57 23 4
FL 57 30 54
FL 57 34 40
FL 57 35 0
FL 57 37 1765
FL 57 39 6
FL 57 41 9
FL 57 42 3
FL 57 45 1
FL 57 46 4
FL 57 48 3
FL 57 51 30
FL 57 52 0
FL 57 54 0
FL 57 58 6275
FL 57 59 27
FL 57 60 20
FL 57 61 5
FL 57 64 99
FL 57 65 0
FL 57 66 2
FL 57 68 3
FL 57 76 689
FL 57 77 92
FL 57 80 11
FL 58 1 12
FL 58 5 35
FL 58 8 52
FL 58 10 24
FL 58 12 6
FL 58 13 10
FL 58 22 204
FL 58 38 13
FL 58 40 119
FL 58 45 478
FL 58 50 178
FL 58 53 2522
FL 58 57 1
FL 58 64 11
FL 58 66 1097
FL 58 69 5
FL 58 70 59
FL 60 50 46
FL 61 1 12
FL 61 2 6
FL 61 5 0
FL 61 6 13
FL 61 7 40
FL 61 8 95
FL 61 9 0
FL 61 10 17
FL 61 13 12
FL 61 18 35
FL 61 19 121
FL 61 20 15
FL 61 22 13
FL 61 23 12
FL 61 24 13
FL 61 30 127
FL 61 32 79
FL 61 34 87
FL 61 37 15
FL 61 38 10
FL 61 39 11
FL 61 40 153
FL 61 41 13
FL 61 42 5
FL 61 46 6
FL 61 47 10
FL 61 48 13
FL 61 51 8
FL 61 52 7
FL 61 54 0
FL 61 57 0
FL 61 59 8
FL 61 60 16
FL 61 64 1289
FL 61 65 0
FL 61 66 12
FL 61 68 12
FL 61 77 91
FL 61 80 18
FL 62 3 791
FL 62 4 112
FL 62 11 158
FL 62 15 9
FL 62 16 138
FL 62 25 0
FL 62 26 74
FL 62 27 168
FL 62 28 0
FL 62 29 31
FL 62 31 67
FL 62 33 57
FL 62 43 50
FL 62 49 24
FL 62 55 110
FL 62 56 132
FL 62 63 59
FL 62 67 58
FL 62 71 292
FL 62 72 119
FL 62 74 57
FL 64 1 16
FL 64 7 69
FL 64 8 115
FL 64 9 0
FL 64 10 17
FL 64 12 16
FL 64 13 18
FL 64 17 0
FL 64 20 16
FL 64 22 17
FL 64 24 17
FL 64 32 150
FL 64 36 19
FL 64 37 18
FL 64 38 17
FL 64 40 120
FL 64 41 18
FL 64 44 57
FL 64 45 5
FL 64 47 1095
FL 64 48 17
FL 64 50 34
FL 64 51 31
FL 64 57 0
FL 64 58 22
FL 64 59 50
FL 64 60 59
FL 64 61 913
FL 64 66 17
FL 64 69 14
FL 64 70 190
FL 64 75 17
FL 64 76 18
FL 65 1 6
FL 65 2 0
FL 65 5 0
FL 65 6 6
FL 65 7 60
FL 65 9 0
FL 65 10 17
FL 65 18 47
FL 65 19 35
FL 65 20 12
FL 65 22 5
FL 65 23 6
FL 65 24 7
FL 65 30 52
FL 65 34 87
FL 65 35 0
FL 65 37 15
FL 65 39 7
FL 65 41 10
FL 65 42 3
FL 65 45 1
FL 65 46 4
FL 65 48 3
FL 65 51 15
FL 65 52 0
FL 65 54 0
FL 65 57 0
FL 65 59 46
FL 65 60 81
FL 65 61 6
FL 65 66 2
FL 65 68 4
FL 65 77 48
FL 65 80 12
FL 66 1 12
FL 66 2 5
FL 66 5 0
FL 66 6 12
FL 66 7 55
FL 66 8 58
FL 66 9 0
FL 66 10 17
FL 66 13 11
FL 66 17 0
FL 66 18 14
FL 66 19 99
FL 66 20 15
FL 66 22 13
FL 66 23 13
FL 66 24 12
FL 66 30 14
FL 66 34 63
FL 66 36 9
FL 66 37 15
FL 66 39 11
FL 66 40 51
FL 66 41 13
FL 66 42 5
FL 66 44 36
FL 66 45 4
FL 66 46 6
FL 66 47 1347
FL 66 48 11
FL 66 51 53
FL 66 52 5
FL 66 54 0
FL 66 57 0
FL 66 58 16
FL 66 59 134
FL 66 60 7
FL 66 61 12
FL 66 64 8
FL 66 65 0
FL 66 68 10
FL 66 75 10
FL 66 76 9
FL 66 77 52
FL 66 80 17
FL 67 1 526
FL 67 4 7
FL 67 5 8
FL 67 9 0
FL 67 15 27
FL 67 16 101
FL 67 18 59
FL 67 22 3320
FL 67 25 0
FL 67 26 3
FL 67 27 6
FL 67 28 0
FL 67 29 46
FL 67 33 6
FL 67 35 0
FL 67 43 148
FL 67 44 228
FL 67 45 10
FL 67 49 1
FL 67 51 124
FL 67 55 57
FL 67 56 7
FL 67 62 18
FL 67 63 141
FL 67 71 8
FL 67 74 55
FL 67 78 74
FL 67 79 4
FL 68 1 11
FL 68 2 3
FL 68 5 0
FL 68 7 46
FL 68 9 0
FL 68 10 18
FL 68 18 29
FL 68 20 14
FL 68 22 12
FL 68 24 12
FL 68 30 134
FL 68 34 10
FL 68 37 15
FL 68 39 8
FL 68 41 14
FL 68 45 4
FL 68 48 9
FL 68 51 52
FL 68 52 2
FL 68 54 0
FL 68 57 0
FL 68 59 86
FL 68 60 96
FL 68 61 10
FL 68 65 0
FL 68 66 7
FL 68 80 15
FL 69 5 1
FL 69 8 43
FL 69 10 18
FL 69 12 7
FL 69 13 13
FL 69 17 0
FL 69 24 13
FL 69 36 13
FL 69 44 43
FL 69 50 39
FL 69 51 9
FL 69 58 24
FL 69 64 6
FL 69 70 173
FL 69 71 2
FL 69 75 10
FL 69 76 16
FL 70 5 11
FL 70 8 103
FL 71 1 15
FL 71 3 3
FL 71 4 5
FL 71 5 0
FL 71 9 3
FL 71 11 200
FL 71 13 17
FL 71 15 7
FL 71 16 38
FL 71 22 18
FL 71 25 0
FL 71 26 1
FL 71 28 0
FL 71 29 32
FL 71 31 66
FL 71 33 4
FL 71 36 17
FL 71 44 102
FL 71 45 5
FL 71 49 2
FL 71 51 18
FL 71 62 12
FL 71 67 4
FL 71 69 19
FL 71 74 93
FL 71 75 21
FL 72 4 185
FL 72 25 0
FL 72 27 124
FL 72 28 0
FL 72 29 57
FL 72 35 0
FL 72 43 80
FL 72 49 79
FL 72 55 87
FL 72 56 121
FL 72 62 3041
FL 72 63 39
FL 72 78 61
FL 72 79 56
FL 75 1 11
FL 75 5 0
FL 75 7 98
FL 75 8 92
FL 75 9 1
FL 75 10 19
FL 75 12 7
FL 75 13 14
FL 75 15 9
FL 75 17 0
FL 75 22 12
FL 75 24 12
FL 75 28 0
FL 75 36 7
FL 75 37 14
FL 75 40 96
FL 75 41 14
FL 75 44 36
FL 75 45 3
FL 75 48 10
FL 75 50 155
FL 75 51 52
FL 75 52 3
FL 75 58 14
FL 75 59 15
FL 75 60 66
FL 75 64 4
FL 75 66 11
FL 75 69 6
FL 75 70 89
FL 75 71 3
FL 75 74 76
FL 75 76 9
FL 76 1 12
FL 76 5 1
FL 76 7 108
FL 76 9 1
FL 76 10 18
FL 76 12 6
FL 76 13 10
FL 76 17 0
FL 76 22 15
FL 76 24 12
FL 76 36 7
FL 76 37 19
FL 76 41 16
FL 76 44 42
FL 76 45 4
FL 76 48 10
FL 76 50 141
FL 76 51 18
FL 76 52 6
FL 76 57 0
FL 76 58 18
FL 76 59 117
FL 76 60 28
FL 76 64 4
FL 76 66 14
FL 76 69 5
FL 76 70 94
FL 76 75 10
FL 77 2 6
FL 77 5 2
FL 77 20 15
FL 77 22 17
FL 77 24 20
FL 77 30 93
FL 77 39 13
FL 77 45 7
FL 77 48 17
FL 77 52 11
FL 77 54 0
FL 77 57 0
FL 77 80 18
FL 78 15 1240
FL 78 25 0
FL 78 26 63
FL 78 27 132
FL 78 28 0
FL 78 29 45
FL 78 33 128
FL 78 35 0
FL 78 49 20
FL 78 55 57
FL 78 56 76
FL 78 79 107
FL 79 4 264
FL 79 16 336
FL 79 18 24
FL 79 25 0
FL 79 26 60
FL 79 27 101
FL 79 28 0
FL 79 29 21
FL 79 33 178
FL 79 35 0
FL 79 43 27
FL 79 49 72
FL 79 55 53
FL 79 56 71
FL 79 63 214
FL 79 67 5
FL 79 72 113
FL 79 78 41
FL 80 1 8
FL 80 2 2
FL 80 6 4
FL 80 7 46
FL 80 9 3
FL 80 10 20
FL 80 18 42
FL 80 19 105
FL 80 20 12
FL 80 22 10
FL 80 23 5
FL 80 24 12
FL 80 30 37
FL 80 32 202
FL 80 34 134
FL 80 37 28
FL 80 38 2554
FL 80 39 7
FL 80 40 134
FL 80 41 13
FL 80 42 2
FL 80 46 4
FL 80 47 17
FL 80 48 6
FL 80 51 53
FL 80 52 3
FL 80 54 0
FL 80 57 0
FL 80 59 49
FL 80 60 67
FL 80 61 6
FL 80 65 0
FL 80 66 12
FL 80 68 9
FL 80 77 227
FU 0 62 17
FU 0 61 9
FU 0 26 2
FU 0 37 8
FU 0 76 2
FU 0 1 8
FU 0 57 1
FU 0 12 10
FU 0 24 5
FU 0 69 8
FU 0 39 3
FU 0 6 3
FU 0 68 4
FU 0 41 4
FU 0 10 1
FU 0 72 1
FU 0 80 1
FU 0 65 2000
FU 0 23 2
FU 0 49 2
FU 0 56 1
FU 0 46 1
FU 0 53 2
FU 0 27 1
FU 0 48 7
FU 0 45 1
FU 0 9 1
FU 0 3 10
FU 0 13 2
FU 0 52 1
FU 0 42 1
FU 0 20 1
FU 0 17 1994
FU 0 71 7
FU 0 38 21
FU 0 79 3
FU 0 15 22
FU 0 22 5
FU 0 2 3
FU 0 5 1
FU 0 67 1
FU 0 66 13
FU 0 36 2
FU 0 4 3
FU 0 28 1
FU 0 75 7
FU 0 64 14
FU 0 33 2
FU 0 7 80
FU 0 8 229
FU 0 11 212
FU 0 14 2000
FU 0 16 598
FU 0 18 39
FU 0 19 142
FU 0 21 2000
FU 0 25 2
FU 0 29 41
FU 0 30 178
FU 0 31 246
FU 0 32 272
FU 0 34 225
FU 0 40 152
FU 0 43 157
FU 0 44 366
FU 0 47 275
FU 0 50 155
FU 0 51 98
FU 0 54 1
FU 0 55 96
FU 0 58 3
FU 0 59 54
FU 0 60 75
FU 0 63 129
FU 0 70 331
FU 0 73 2000
FU 0 74 114
FU 0 77 116
FU 0 78 51
FU 1 2 6
FU 1 5 0
FU 1 6 3
FU 1 7 83
FU 1 8 318
FU 1 9 2
FU 1 10 0
FU 1 13 0
FU 1 17 6
FU 1 18 86
FU 1 19 152
FU 1 20 4
FU 1 22 3
FU 1 23 3
FU 1 24 10
FU 1 26 192
FU 1 29 40
FU 1 30 303
FU 1 33 3
FU 1 34 150
FU 1 35 0
FU 1 36 0
FU 1 37 9
FU 1 39 5
FU 1 41 13
FU 1 42 628
FU 1 44 263
FU 1 45 0
FU 1 46 644
FU 1 47 449
FU 1 48 15
FU 1 49 325
FU 1 50 62
FU 1 51 355
FU 1 52 1
FU 1 54 0
FU 1 57 0
FU 1 58 1
FU 1 59 58
FU 1 60 79
FU 1 61 12
FU 1 64 481
FU 1 65 0
FU 1 66 18
FU 1 67 255
FU 1 68 9
FU 1 71 600
FU 1 74 118
FU 1 75 9
FU 1 76 14
FU 1 77 218
FU 1 80 3
FU 2 1 2
FU 2 5 0
FU 2 6 4
FU 2 7 59
FU 2 9 0
FU 2 18 25
FU 2 19 173
FU 2 20 1
FU 2 22 3
FU 2 23 0
FU 2 24 5
FU 2 30 122
FU 2 34 53
FU 2 35 0
FU 2 39 1
FU 2 41 5
FU 2 42 2
FU 2 45 1
FU 2 46 8
FU 2 48 12
FU 2 51 77
FU 2 52 0
FU 2 54 0
FU 2 57 0
FU 2 59 85
FU 2 60 106
FU 2 61 6
FU 2 65 0
FU 2 66 7
FU 2 68 1
FU 2 77 134
FU 2 80 1
FU 3 4 0
FU 3 5 0
FU 3 11 245
FU 3 13 0
FU 3 15 3
FU 3 16 112
FU 3 25 0
FU 3 26 0
FU 3 31 258
FU 3 45 0
FU 3 62 1
FU 3 71 0
FU 4 3 345
FU 4 5 0
FU 4 11 225
FU 4 15 0
FU 4 16 21
FU 4 25 0
FU 4 26 0
FU 4 27 36
FU 4 28 0
FU 4 29 14
FU 4 31 170
FU 4 33 0
FU 4 35 0
FU 4 43 45
FU 4 49 19
FU 4 55 64
FU 4 56 62
FU 4 62 61
FU 4 63 93
FU 4 67 0
FU 4 71 2
FU 4 72 0
FU 4 74 108
FU 4 78 39
FU 4 79 55
FU 5 1 0
FU 5 2 0
FU 5 3 571
FU 5 4 0
FU 5 6 581
FU 5 8 25
FU 5 10 0
FU 5 13 0
FU 5 15 0
FU 5 16 19
FU 5 18 25
FU 5 19 48
FU 5 20 931
FU 5 22 0
FU 5 23 978
FU 5 25 0
FU 5 26 0
FU 5 28 0
FU 5 29 89
FU 5 30 34
FU 5 31 218
FU 5 33 0
FU 5 35 0
FU 5 36 0
FU 5 44 59
FU 5 45 0
FU 5 48 442
FU 5 49 0
FU 5 50 98
FU 5 51 28
FU 5 52 0
FU 5 54 0
FU 5 57 0
FU 5 58 0
FU 5 59 130
FU 5 60 35
FU 5 61 771
FU 5 65 0
FU 5 66 696
FU 5 67 0
FU 5 68 660
FU 5 69 0
FU 5 70 26
FU 5 71 0
FU 5 74 38
FU 5 75 0
FU 5 76 0
FU 5 77 98
FU 6 1 0
FU 6 2 0
FU 6 5 0
FU 6 7 59
FU 6 9 0
FU 6 10 0
FU 6 18 72
FU 6 20 0
FU 6 22 0
FU 6 24 0
FU 6 30 19
FU 6 34 64
FU 6 37 0
FU 6 39 0
FU 6 41 0
FU 6 45 0
FU 6 48 0
FU 6 51 56
FU 6 52 0
FU 6 54 0
FU 6 57 0
FU 6 59 42
FU 6 60 46
FU 6 61 0
FU 6 65 0
FU 6 66 0
FU 6 80 0
FU 8 5 0
FU 8 10 0
FU 8 12 0
FU 8 13 0
FU 8 20 0
FU 8 30 61
FU 8 32 105
FU 8 48 0
FU 8 50 89
FU 8 52 0
FU 8 58 0
FU 8 59 123
FU 8 64 2
FU 8 69 0
FU 8 70 181
FU 9 1 0
FU 9 2 0
FU 9 6 0
FU 9 7 29
FU 9 8 48
FU 9 10 0
FU 9 13 0
FU 9 17 0
FU 9 18 15
FU 9 19 66
FU 9 20 0
FU 9 22 0
FU 9 23 0
FU 9 24 0
FU 9 25 0
FU 9 30 32
FU 9 32 120
FU 9 34 47
FU 9 36 0
FU 9 37 0
FU 9 38 0
FU 9 39 0
FU 9 40 107
FU 9 41 0
FU 9 42 0
FU 9 44 38
FU 9 45 0
FU 9 46 0
FU 9 47 169
FU 9 48 0
FU 9 50 23
FU 9 51 17
FU 9 52 0
FU 9 54 0
FU 9 57 0
FU 9 58 0
FU 9 59 90
FU 9 60 83
FU 9 61 0
FU 9 64 0
FU 9 65 0
FU 9 66 0
FU 9 67 0
FU 9 68 0
FU 9 71 0
FU 9 74 59
FU 9 75 0
FU 9 76 0
FU 9 77 77
FU 9 80 0
FU 10 1 0
FU 10 5 109
FU 10 6 333
FU 10 7 30
FU 10 8 72
FU 10 9 0
FU 10 12 1988
FU 10 13 0
FU 10 17 0
FU 10 20 0
FU 10 22 0
FU 10 24 0
FU 10 30 21
FU 10 32 164
FU 10 36 0
FU 10 37 0
FU 10 38 0
FU 10 40 152
FU 10 41 0
FU 10 44 63
FU 10 45 0
FU 10 47 58
FU 10 48 0
FU 10 50 21
FU 10 51 30
FU 10 52 0
FU 10 54 0
FU 10 57 0
FU 10 58 0
FU 10 59 22
FU 10 60 79
FU 10 61 0
FU 10 64 207
FU 10 65 0
FU 10 66 0
FU 10 68 0
FU 10 69 1990
FU 10 70 279
FU 10 75 997
FU 10 76 590
FU 10 80 1995
FU 12 8 23
FU 12 10 0
FU 12 13 0
FU 12 17 0
FU 12 24 0
FU 12 36 0
FU 12 38 0
FU 12 40 87
FU 12 44 51
FU 12 47 31
FU 12 50 81
FU 12 51 25
FU 12 53 0
FU 12 58 0
FU 12 64 0
FU 12 69 1
FU 12 70 87
FU 12 75 0
FU 12 76 0
FU 13 1 0
FU 13 3 0
FU 13 5 0
FU 13 7 124
FU 13 8 46
FU 13 9 0
FU 13 10 0
FU 13 11 158
FU 13 12 0
FU 13 17 0
FU 13 20 0
FU 13 22 0
FU 13 24 0
FU 13 32 41
FU 13 36 0
FU 13 37 1
FU 13 38 0
FU 13 40 56
FU 13 41 0
FU 13 44 16
FU 13 45 0
FU 13 47 44
FU 13 48 0
FU 13 50 47
FU 13 51 25
FU 13 52 0
FU 13 53 0
FU 13 58 0
FU 13 59 10
FU 13 60 50
FU 13 61 0
FU 13 64 0
FU 13 66 0
FU 13 69 0
FU 13 71 0
FU 13 74 64
FU 13 75 0
FU 13 76 0
FU 15 3 2
FU 15 4 0
FU 15 5 0
FU 15 11 65
FU 15 16 90
FU 15 22 1
FU 15 25 0
FU 15 26 0
FU 15 28 0
FU 15 29 34
FU 15 31 195
FU 15 33 0
FU 15 36 0
FU 15 43 87
FU 15 44 16
FU 15 45 0
FU 15 49 0
FU 15 51 12
FU 15 57 0
FU 15 59 53
FU 15 62 3
FU 15 67 0
FU 15 71 0
FU 15 74 50
FU 15 75 1
FU 15 78 37
FU 16 3 2
FU 16 4 0
FU 16 5 137
FU 16 11 232
FU 16 18 68
FU 16 25 0
FU 16 26 0
FU 16 28 0
FU 16 29 30
FU 16 31 246
FU 16 33 0
FU 16 44 82
FU 16 45 6
FU 16 49 0
FU 16 56 0
FU 16 62 3
FU 16 63 114
FU 16 67 0
FU 16 71 5
FU 16 74 45
FU 16 78 94
FU 16 79 0
FU 17 1 0
FU 17 8 19
FU 17 9 0
FU 17 10 0
FU 17 12 0
FU 17 13 0
FU 17 22 0
FU 17 24 0
FU 17 32 160
FU 17 36 0
FU 17 37 1
FU 17 38 0
FU 17 40 124
FU 17 41 0
FU 17 44 54
FU 17 47 54
FU 17 48 0
FU 17 50 204
FU 17 51 30
FU 17 52 0
FU 17 53 0
FU 17 58 0
FU 17 59 32
FU 17 60 15
FU 17 64 0
FU 17 66 0
FU 17 69 0
FU 17 70 116
FU 17 75 0
FU 17 76 0
FU 18 2 0
FU 18 6 0
FU 18 7 56
FU 18 16 35
FU 18 19 106
FU 18 20 0
FU 18 22 0
FU 18 23 0
FU 18 25 0
FU 18 26 0
FU 18 28 0
FU 18 29 43
FU 18 30 59
FU 18 33 87
FU 18 34 46
FU 18 35 0
FU 18 39 0
FU 18 41 472
FU 18 42 0
FU 18 46 0
FU 18 48 0
FU 18 49 78
FU 18 52 0
FU 18 54 0
FU 18 55 69
FU 18 56 94
FU 18 67 0
FU 18 68 0
FU 18 74 118
FU 18 79 136
FU 18 80 0
FU 19 2 0
FU 19 5 0
FU 19 18 53
FU 19 20 0
FU 19 24 0
FU 19 30 27
FU 19 39 0
FU 19 45 0
FU 19 48 0
FU 19 52 0
FU 19 54 0
FU 19 59 52
FU 20 1 0
FU 20 2 0
FU 20 5 0
FU 20 6 0
FU 20 7 58
FU 20 8 38
FU 20 9 0
FU 20 10 0
FU 20 13 1998
FU 20 18 24
FU 20 19 92
FU 20 22 0
FU 20 23 0
FU 20 24 0
FU 20 30 12
FU 20 34 55
FU 20 37 0
FU 20 39 0
FU 20 41 0
FU 20 42 0
FU 20 45 0
FU 20 46 0
FU 20 48 0
FU 20 51 2
FU 20 52 0
FU 20 54 0
FU 20 57 0
FU 20 59 23
FU 20 60 55
FU 20 61 0
FU 20 64 0
FU 20 65 0
FU 20 66 0
FU 20 68 0
FU 20 77 61
FU 20 80 0
FU 22 1 0
FU 22 2 376
FU 22 5 51
FU 22 6 665
FU 22 7 44
FU 22 8 67
FU 22 9 0
FU 22 10 0
FU 22 13 0
FU 22 15 0
FU 22 17 0
FU 22 18 26
FU 22 19 67
FU 22 20 0
FU 22 23 520
FU 22 24 759
FU 22 28 0
FU 22 29 49
FU 22 30 30
FU 22 33 0
FU 22 36 0
FU 22 39 702
FU 22 41 822
FU 22 42 0
FU 22 44 11
FU 22 45 0
FU 22 46 0
FU 22 48 585
FU 22 49 29
FU 22 50 93
FU 22 51 91
FU 22 52 458
FU 22 54 0
FU 22 57 0
FU 22 58 0
FU 22 59 83
FU 22 60 35
FU 22 61 498
FU 22 64 216
FU 22 65 0
FU 22 66 0
FU 22 67 121
FU 22 68 801
FU 22 71 239
FU 22 74 39
FU 22 75 0
FU 22 76 756
FU 22 77 95
FU 22 80 0
FU 23 1 0
FU 23 2 282
FU 23 5 30
FU 23 7 60
FU 23 9 0
FU 23 18 7
FU 23 20 0
FU 23 22 0
FU 23 24 659
FU 23 30 72
FU 23 34 52
FU 23 37 0
FU 23 39 579
FU 23 41 0
FU 23 45 0
FU 23 48 0
FU 23 51 24
FU 23 52 0
FU 23 54 0
FU 23 57 0
FU 23 59 89
FU 23 60 22
FU 23 61 0
FU 23 65 0
FU 23 66 0
FU 23 80 0
FU 24 1 0
FU 24 2 0
FU 24 6 0
FU 24 7 50
FU 24 8 69
FU 24 9 0
FU 24 10 0
FU 24 12 0
FU 24 13 0
FU 24 17 0
FU 24 19 86
FU 24 20 0
FU 24 22 0
FU 24 23 0
FU 24 30 46
FU 24 32 82
FU 24 34 94
FU 24 36 0
FU 24 37 0
FU 24 38 0
FU 24 39 0
FU 24 40 122
FU 24 41 0
FU 24 42 0
FU 24 46 0
FU 24 47 13
FU 24 48 0
FU 24 50 41
FU 24 51 36
FU 24 53 0
FU 24 54 0
FU 24 58 0
FU 24 59 63
FU 24 60 5
FU 24 61 0
FU 24 64 0
FU 24 65 0
FU 24 66 0
FU 24 68 0
FU 24 69 0
FU 24 75 0
FU 24 76 0
FU 24 77 25
FU 24 80 0
FU 25 5 131
FU 25 9 1997
FU 25 16 129
FU 25 18 87
FU 25 26 45
FU 25 28 0
FU 25 29 59
FU 25 33 113
FU 25 35 0
FU 25 49 51
FU 25 55 112
FU 25 56 64
FU 25 71 320
FU 25 72 148
FU 25 78 21
FU 25 79 181
FU 26 1 103
FU 26 3 611
FU 26 4 0
FU 26 5 0
FU 26 11 254
FU 26 15 0
FU 26 16 67
FU 26 18 22
FU 26 25 0
FU 26 27 0
FU 26 28 0
FU 26 29 33
FU 26 31 110
FU 26 33 0
FU 26 35 0
FU 26 43 19
FU 26 44 189
FU 26 45 0
FU 26 49 0
FU 26 51 158
FU 26 55 47
FU 26 56 0
FU 26 62 0
FU 26 63 59
FU 26 67 0
FU 26 71 0
FU 26 74 55
FU 26 78 32
FU 26 79 0
FU 27 4 95
FU 27 26 68
FU 27 28 0
FU 27 29 26
FU 27 33 124
FU 27 35 0
FU 27 43 106
FU 27 49 130
FU 27 55 103
FU 27 56 214
FU 27 62 186
FU 27 63 95
FU 27 67 0
FU 27 72 204
FU 27 74 75
FU 27 78 58
FU 27 79 183
FU 28 4 110
FU 28 5 83
FU 28 15 0
FU 28 16 70
FU 28 18 31
FU 28 22 0
FU 28 25 0
FU 28 26 50
FU 28 27 148
FU 28 29 50
FU 28 31 70
FU 28 33 79
FU 28 35 0
FU 28 36 1998
FU 28 43 23
FU 28 45 0
FU 28 49 42
FU 28 52 344
FU 28 55 59
FU 28 56 120
FU 28 62 139
FU 28 63 115
FU 28 67 0
FU 28 71 96
FU 28 72 0
FU 28 74 33
FU 28 75 0
FU 28 78 73
FU 28 79 89
FU 29 1 262
FU 29 4 91
FU 29 5 252
FU 29 16 73
FU 29 18 7
FU 29 22 196
FU 29 25 0
FU 29 26 123
FU 29 27 216
FU 29 28 1
FU 29 33 130
FU 29 35 0
FU 29 43 46
FU 29 44 10
FU 29 45 203
FU 29 49 40
FU 29 51 181
FU 29 52 296
FU 29 55 87
FU 29 56 103
FU 29 62 188
FU 29 63 90
FU 29 67 104
FU 29 71 193
FU 29 72 109
FU 29 74 106
FU 29 78 51
FU 29 79 65
FU 30 2 0
FU 30 5 0
FU 30 6 0
FU 30 7 110
FU 30 8 61
FU 30 10 0
FU 30 18 63
FU 30 19 71
FU 30 20 0
FU 30 22 0
FU 30 23 0
FU 30 24 0
FU 30 37 0
FU 30 39 0
FU 30 41 0
FU 30 42 0
FU 30 45 0
FU 30 46 0
FU 30 48 0
FU 30 52 0
FU 30 54 0
FU 30 57 0
FU 30 68 0
FU 30 77 75
FU 30 80 0
FU 32 48 0
FU 33 1 0
FU 33 4 0
FU 33 5 0
FU 33 15 0
FU 33 16 112
FU 33 18 11
FU 33 22 0
FU 33 25 0
FU 33 26 0
FU 33 27 0
FU 33 28 0
FU 33 29 33
FU 33 35 0
FU 33 43 53
FU 33 44 176
FU 33 45 0
FU 33 49 38
FU 33 51 65
FU 33 52 0
FU 33 55 41
FU 33 56 103
FU 33 62 59
FU 33 63 188
FU 33 67 0
FU 33 71 0
FU 33 74 112
FU 33 78 32
FU 33 79 80
FU 34 18 33
FU 35 1 898
FU 35 2 857
FU 35 4 769
FU 35 5 1005
FU 35 18 784
FU 35 25 1998
FU 35 26 886
FU 35 27 806
FU 35 28 1998
FU 35 29 953
FU 35 33 725
FU 35 43 859
FU 35 45 738
FU 35 49 1000
FU 35 52 622
FU 35 54 1999
FU 35 55 789
FU 35 56 733
FU 35 57 1998
FU 35 63 176
FU 35 65 0
FU 35 67 972
FU 35 72 943
FU 35 74 119
FU 35 78 924
FU 35 79 736
FU 35 0 2000
FU 36 1 0
FU 36 5 0
FU 36 8 32
FU 36 9 0
FU 36 10 0
FU 36 12 0
FU 36 13 0
FU 36 15 0
FU 36 17 0
FU 36 22 0
FU 36 24 0
FU 36 28 0
FU 36 31 170
FU 36 37 1
FU 36 41 0
FU 36 44 13
FU 36 45 0
FU 36 48 0
FU 36 50 84
FU 36 51 58
FU 36 52 0
FU 36 58 0
FU 36 59 21
FU 36 60 27
FU 36 64 0
FU 36 66 0
FU 36 69 0
FU 36 70 55
FU 36 71 0
FU 36 74 40
FU 36 75 0
FU 36 76 0
FU 37 1 0
FU 37 6 0
FU 37 7 42
FU 37 8 76
FU 37 9 0
FU 37 10 0
FU 37 13 0
FU 37 17 0
FU 37 19 81
FU 37 20 0
FU 37 23 0
FU 37 24 0
FU 37 30 81
FU 37 32 64
FU 37 34 119
FU 37 36 0
FU 37 38 0
FU 37 39 0
FU 37 40 44
FU 37 41 0
FU 37 42 0
FU 37 46 0
FU 37 47 42
FU 37 48 0
FU 37 50 86
FU 37 51 50
FU 37 52 0
FU 37 54 0
FU 37 57 0
FU 37 58 0
FU 37 59 17
FU 37 60 50
FU 37 61 0
FU 37 64 0
FU 37 65 0
FU 37 66 0
FU 37 68 0
FU 37 75 983
FU 37 76 0
FU 37 77 148
FU 37 80 0
FU 38 7 59
FU 38 8 73
FU 38 9 0
FU 38 10 0
FU 38 12 1
FU 38 13 0
FU 38 17 0
FU 38 24 1
FU 38 32 190
FU 38 34 77
FU 38 37 0
FU 38 40 149
FU 38 41 1
FU 38 47 19
FU 38 48 1
FU 38 53 0
FU 38 58 0
FU 38 59 60
FU 38 61 0
FU 38 64 0
FU 38 80 0
FU 39 1 0
FU 39 2 0
FU 39 6 0
FU 39 7 67
FU 39 9 0
FU 39 18 9
FU 39 19 133
FU 39 20 0
FU 39 22 0
FU 39 23 0
FU 39 24 0
FU 39 30 27
FU 39 34 63
FU 39 37 0
FU 39 41 0
FU 39 42 0
FU 39 45 0
FU 39 46 0
FU 39 48 0
FU 39 51 56
FU 39 52 0
FU 39 54 0
FU 39 57 0
FU 39 59 18
FU 39 60 79
FU 39 61 0
FU 39 65 0
FU 39 66 0
FU 39 68 0
FU 39 77 48
FU 39 80 0
FU 40 50 65
FU 40 75 2
FU 41 1 0
FU 41 2 0
FU 41 6 0
FU 41 7 58
FU 41 8 118
FU 41 9 0
FU 41 10 0
FU 41 13 0
FU 41 17 0
FU 41 18 2
FU 41 19 44
FU 41 20 0
FU 41 22 0
FU 41 23 0
FU 41 24 0
FU 41 30 82
FU 41 32 86
FU 41 34 90
FU 41 36 0
FU 41 37 0
FU 41 38 0
FU 41 39 0
FU 41 40 96
FU 41 42 0
FU 41 44 30
FU 41 46 0
FU 41 47 28
FU 41 48 0
FU 41 50 83
FU 41 51 33
FU 41 52 0
FU 41 54 0
FU 41 57 0
FU 41 58 0
FU 41 59 83
FU 41 60 32
FU 41 61 0
FU 41 64 0
FU 41 65 0
FU 41 66 0
FU 41 68 0
FU 41 75 0
FU 41 76 0
FU 41 77 57
FU 41 80 0
FU 42 1 0
FU 42 2 0
FU 42 7 21
FU 42 9 0
FU 42 18 19
FU 42 20 0
FU 42 22 0
FU 42 24 0
FU 42 30 63
FU 42 34 85
FU 42 37 0
FU 42 39 0
FU 42 41 0
FU 42 45 0
FU 42 48 0
FU 42 52 0
FU 42 54 0
FU 42 57 0
FU 42 59 24
FU 42 60 57
FU 42 61 0
FU 42 65 0
FU 42 66 0
FU 42 80 0
FU 43 4 132
FU 43 15 707
FU 43 26 0
FU 43 27 0
FU 43 29 24
FU 43 33 0
FU 43 35 0
FU 43 49 0
FU 43 55 103
FU 43 56 0
FU 43 62 133
FU 43 72 0
FU 43 74 31
FU 43 78 126
FU 43 79 0
FU 44 1 13
FU 44 5 0
FU 44 7 49
FU 44 8 29
FU 44 10 0
FU 44 12 0
FU 44 13 0
FU 44 16 42
FU 44 22 1
FU 44 26 91
FU 44 29 37
FU 44 31 181
FU 44 33 51
FU 44 41 1
FU 44 45 0
FU 44 48 0
FU 44 50 59
FU 44 52 0
FU 44 58 0
FU 44 60 78
FU 44 64 6
FU 44 66 0
FU 44 67 171
FU 44 69 0
FU 44 70 132
FU 44 71 0
FU 44 74 30
FU 44 75 0
FU 44 76 0
FU 45 1 0
FU 45 2 0
FU 45 3 4
FU 45 5 0
FU 45 6 0
FU 45 9 0
FU 45 10 0
FU 45 11 252
FU 45 13 0
FU 45 15 0
FU 45 16 43
FU 45 18 4
FU 45 19 126
FU 45 20 0
FU 45 22 0
FU 45 23 0
FU 45 25 0
FU 45 26 0
FU 45 28 0
FU 45 29 18
FU 45 30 47
FU 45 33 0
FU 45 35 0
FU 45 36 0
FU 45 39 0
FU 45 42 0
FU 45 44 30
FU 45 46 0
FU 45 48 0
FU 45 49 40
FU 45 50 25
FU 45 51 17
FU 45 52 0
FU 45 54 0
FU 45 57 0
FU 45 58 0
FU 45 59 11
FU 45 60 64
FU 45 64 0
FU 45 65 0
FU 45 66 0
FU 45 67 0
FU 45 68 0
FU 45 71 0
FU 45 74 68
FU 45 75 0
FU 45 76 0
FU 45 77 60
FU 46 1 0
FU 46 2 0
FU 46 7 76
FU 46 9 0
FU 46 18 61
FU 46 20 0
FU 46 22 0
FU 46 24 0
FU 46 30 55
FU 46 34 88
FU 46 37 0
FU 46 39 0
FU 46 41 0
FU 46 45 0
FU 46 48 0
FU 46 52 0
FU 46 54 0
FU 46 57 0
FU 46 59 63
FU 46 60 36
FU 46 61 0
FU 46 65 0
FU 46 66 0
FU 46 80 0
FU 47 48 353
FU 47 64 438
FU 47 66 554
FU 48 1 0
FU 48 2 0
FU 48 5 0
FU 48 6 0
FU 48 7 54
FU 48 8 52
FU 48 9 0
FU 48 10 0
FU 48 13 0
FU 48 17 0
FU 48 18 16
FU 48 19 123
FU 48 20 0
FU 48 22 0
FU 48 23 0
FU 48 24 0
FU 48 30 49
FU 48 32 144
FU 48 34 81
FU 48 36 0
FU 48 37 0
FU 48 38 0
FU 48 39 0
FU 48 40 91
FU 48 41 0
FU 48 42 0
FU 48 44 41
FU 48 45 0
FU 48 46 0
FU 48 47 28
FU 48 51 45
FU 48 52 0
FU 48 54 0
FU 48 57 0
FU 48 58 0
FU 48 59 43
FU 48 60 66
FU 48 61 0
FU 48 64 0
FU 48 65 0
FU 48 66 0
FU 48 68 0
FU 48 75 0
FU 48 76 0
FU 48 77 133
FU 48 80 0
FU 49 1 595
FU 49 4 99
FU 49 5 98
FU 49 15 441
FU 49 16 118
FU 49 18 30
FU 49 22 946
FU 49 25 0
FU 49 26 66
FU 49 27 40
FU 49 28 0
FU 49 29 60
FU 49 33 139
FU 49 35 0
FU 49 43 185
FU 49 45 357
FU 49 55 91
FU 49 56 83
FU 49 62 138
FU 49 63 164
FU 49 67 84
FU 49 71 269
FU 49 72 149
FU 49 74 78
FU 49 78 155
FU 49 79 72
FU 50 60 121
FU 51 1 0
FU 51 2 0
FU 51 5 0
FU 51 7 63
FU 51 10 0
FU 51 12 0
FU 51 15 0
FU 51 20 0
FU 51 22 0
FU 51 23 0
FU 51 24 0
FU 51 26 91
FU 51 29 30
FU 51 30 41
FU 51 33 0
FU 51 39 0
FU 51 41 0
FU 51 44 19
FU 51 45 0
FU 51 50 15
FU 51 52 0
FU 51 54 0
FU 51 57 0
FU 51 58 0
FU 51 60 48
FU 51 61 0
FU 51 64 0
FU 51 65 0
FU 51 66 0
FU 51 67 214
FU 51 68 0
FU 51 69 0
FU 51 71 0
FU 51 74 57
FU 51 75 0
FU 51 76 0
FU 51 77 74
FU 51 80 0
FU 52 1 0
FU 52 2 0
FU 52 5 0
FU 52 6 0
FU 52 7 68
FU 52 8 97
FU 52 9 0
FU 52 10 0
FU 52 13 0
FU 52 17 0
FU 52 18 73
FU 52 19 62
FU 52 20 0
FU 52 22 0
FU 52 23 0
FU 52 28 0
FU 52 29 44
FU 52 30 28
FU 52 33 0
FU 52 34 69
FU 52 35 0
FU 52 36 0
FU 52 37 0
FU 52 39 0
FU 52 41 0
FU 52 42 0
FU 52 44 31
FU 52 45 0
FU 52 46 0
FU 52 48 0
FU 52 50 53
FU 52 51 28
FU 52 54 0
FU 52 57 0
FU 52 59 67
FU 52 60 121
FU 52 61 0
FU 52 65 0
FU 52 66 0
FU 52 68 0
FU 52 74 27
FU 52 75 0
FU 52 76 0
FU 52 77 30
FU 52 80 0
FU 53 8 40
FU 53 12 1
FU 53 13 0
FU 53 17 0
FU 53 24 0
FU 53 32 143
FU 53 38 0
FU 53 40 157
FU 53 50 45
FU 53 58 0
FU 53 70 188
FU 54 2 474
FU 54 5 67
FU 54 6 409
FU 54 7 27
FU 54 10 1999
FU 54 18 28
FU 54 19 32
FU 54 20 1061
FU 54 22 147
FU 54 23 497
FU 54 24 557
FU 54 30 29
FU 54 34 124
FU 54 35 0
FU 54 37 1068
FU 54 39 710
FU 54 41 681
FU 54 42 1369
FU 54 45 263
FU 54 46 1347
FU 54 48 579
FU 54 52 278
FU 54 57 0
FU 54 59 48
FU 54 60 103
FU 54 61 387
FU 54 68 524
FU 54 77 59
FU 54 80 0
FU 55 4 204
FU 55 18 27
FU 55 25 0
FU 55 26 130
FU 55 27 119
FU 55 28 0
FU 55 29 30
FU 55 33 138
FU 55 35 0
FU 55 43 91
FU 55 49 8
FU 55 56 63
FU 55 62 73
FU 55 63 180
FU 55 67 0
FU 55 72 188
FU 55 74 44
FU 55 78 60
FU 55 79 150
FU 56 4 55
FU 56 16 66
FU 56 18 15
FU 56 25 0
FU 56 26 74
FU 56 27 186
FU 56 28 0
FU 56 29 46
FU 56 33 71
FU 56 35 0
FU 56 43 66
FU 56 49 42
FU 56 55 28
FU 56 62 127
FU 56 63 143
FU 56 67 0
FU 56 72 67
FU 56 74 87
FU 56 78 73
FU 56 79 105
FU 57 1 0
FU 57 2 0
FU 57 5 0
FU 57 6 0
FU 57 7 46
FU 57 9 0
FU 57 10 0
FU 57 15 0
FU 57 18 15
FU 57 19 31
FU 57 20 0
FU 57 22 0
FU 57 23 0
FU 57 30 62
FU 57 34 41
FU 57 35 0
FU 57 37 903
FU 57 39 0
FU 57 41 0
FU 57 42 0
FU 57 45 0
FU 57 46 0
FU 57 48 0
FU 57 51 20
FU 57 52 0
FU 57 54 0
FU 57 58 1996
FU 57 59 30
FU 57 60 19
FU 57 61 0
FU 57 64 164
FU 57 65 0
FU 57 66 0
FU 57 68 0
FU 57 76 636
FU 57 77 84
FU 57 80 0
FU 58 1 3
FU 58 5 36
FU 58 8 58
FU 58 10 0
FU 58 12 0
FU 58 13 0
FU 58 22 221
FU 58 38 1
FU 58 40 117
FU 58 45 431
FU 58 50 175
FU 58 53 1998
FU 58 57 1
FU 58 64 1
FU 58 66 704
FU 58 69 1
FU 58 70 62
FU 60 50 47
FU 61 1 0
FU 61 2 0
FU 61 5 0
FU 61 6 0
FU 61 7 49
FU 61 8 80
FU 61 9 0
FU 61 10 0
FU 61 13 0
FU 61 18 27
FU 61 19 118
FU 61 20 0
FU 61 22 0
FU 61 23 0
FU 61 24 0
FU 61 30 124
FU 61 32 74
FU 61 34 90
FU 61 37 0
FU 61 38 0
FU 61 39 0
FU 61 40 142
FU 61 41 0
FU 61 42 0
FU 61 46 0
FU 61 47 8
FU 61 48 0
FU 61 51 28
FU 61 52 0
FU 61 54 0
FU 61 57 0
FU 61 59 10
FU 61 60 16
FU 61 64 471
FU 61 65 0
FU 61 66 0
FU 61 68 0
FU 61 77 84
FU 61 80 0
FU 62 3 455
FU 62 4 81
FU 62 11 156
FU 62 15 1
FU 62 16 119
FU 62 25 0
FU 62 26 65
FU 62 27 129
FU 62 28 0
FU 62 29 25
FU 62 31 68
FU 62 33 72
FU 62 43 41
FU 62 49 40
FU 62 55 101
FU 62 56 112
FU 62 63 57
FU 62 67 78
FU 62 71 269
FU 62 72 123
FU 62 74 59
FU 64 1 0
FU 64 7 71
FU 64 8 71
FU 64 9 0
FU 64 10 0
FU 64 12 0
FU 64 13 0
FU 64 17 0
FU 64 20 0
FU 64 22 2
FU 64 24 0
FU 64 32 149
FU 64 36 0
FU 64 37 0
FU 64 38 1
FU 64 40 113
FU 64 41 0
FU 64 44 48
FU 64 45 0
FU 64 47 340
FU 64 48 0
FU 64 50 27
FU 64 51 21
FU 64 57 0
FU 64 58 0
FU 64 59 45
FU 64 60 54
FU 64 61 302
FU 64 66 0
FU 64 69 0
FU 64 70 188
FU 64 75 0
FU 64 76 1
FU 65 1 0
FU 65 2 0
FU 65 5 0
FU 65 6 0
FU 65 7 60
FU 65 9 0
FU 65 10 0
FU 65 18 46
FU 65 19 35
FU 65 20 0
FU 65 22 0
FU 65 23 0
FU 65 24 0
FU 65 30 52
FU 65 34 85
FU 65 35 0
FU 65 37 0
FU 65 39 0
FU 65 41 0
FU 65 42 0
FU 65 45 0
FU 65 46 0
FU 65 48 0
FU 65 51 20
FU 65 52 0
FU 65 54 0
FU 65 57 0
FU 65 59 49
FU 65 60 79
FU 65 61 0
FU 65 66 0
FU 65 68 0
FU 65 77 45
FU 65 80 0
FU 66 1 0
FU 66 2 0
FU 66 5 0
FU 66 6 0
FU 66 7 56
FU 66 8 44
FU 66 9 0
FU 66 10 0
FU 66 13 0
FU 66 17 0
FU 66 18 18
FU 66 19 105
FU 66 20 0
FU 66 22 1
FU 66 23 0
FU 66 24 0
FU 66 30 17
FU 66 34 62
FU 66 36 0
FU 66 37 0
FU 66 39 0
FU 66 40 46
FU 66 41 0
FU 66 42 0
FU 66 44 39
FU 66 45 0
FU 66 46 0
FU 66 47 391
FU 66 48 0
FU 66 51 51
FU 66 52 0
FU 66 54 0
FU 66 57 0
FU 66 58 0
FU 66 59 141
FU 66 60 8
FU 66 61 0
FU 66 64 0
FU 66 65 0
FU 66 68 0
FU 66 75 0
FU 66 76 0
FU 66 77 51
FU 66 80 0
FU 67 1 114
FU 67 4 0
FU 67 5 0
FU 67 9 0
FU 67 15 2
FU 67 16 61
FU 67 18 59
FU 67 22 466
FU 67 25 0
FU 67 26 0
FU 67 27 0
FU 67 28 0
FU 67 29 46
FU 67 33 0
FU 67 35 0
FU 67 43 126
FU 67 44 105
FU 67 45 0
FU 67 49 0
FU 67 51 71
FU 67 55 45
FU 67 56 0
FU 67 62 3
FU 67 63 136
FU 67 71 0
FU 67 74 51
FU 67 78 76
FU 67 79 0
FU 68 1 0
FU 68 2 0
FU 68 5 0
FU 68 7 48
FU 68 9 0
FU 68 10 0
FU 68 18 19
FU 68 20 0
FU 68 22 0
FU 68 24 0
FU 68 30 116
FU 68 34 11
FU 68 37 0
FU 68 39 0
FU 68 41 0
FU 68 45 0
FU 68 48 0
FU 68 51 51
FU 68 52 0
FU 68 54 0
FU 68 57 0
FU 68 59 81
FU 68 60 95
FU 68 61 14
FU 68 65 0
FU 68 66 4
FU 68 80 0
FU 69 5 0
FU 69 8 57
FU 69 10 0
FU 69 12 0
FU 69 13 0
FU 69 17 0
FU 69 24 0
FU 69 36 0
FU 69 44 48
FU 69 50 33
FU 69 51 7
FU 69 58 0
FU 69 64 0
FU 69 70 170
FU 69 71 0
FU 69 75 0
FU 69 76 0
FU 70 5 0
FU 70 8 71
FU 71 1 2
FU 71 3 0
FU 71 4 0
FU 71 5 0
FU 71 9 0
FU 71 11 201
FU 71 13 0
FU 71 15 0
FU 71 16 29
FU 71 22 1
FU 71 25 0
FU 71 26 0
FU 71 28 0
FU 71 29 31
FU 71 31 68
FU 71 33 0
FU 71 36 0
FU 71 44 131
FU 71 45 0
FU 71 49 0
FU 71 51 19
FU 71 62 1
FU 71 67 0
FU 71 69 0
FU 71 74 92
FU 71 75 1
FU 72 4 135
FU 72 25 0
FU 72 27 93
FU 72 28 0
FU 72 29 54
FU 72 35 0
FU 72 43 73
FU 72 49 38
FU 72 55 63
FU 72 56 118
FU 72 62 868
FU 72 63 48
FU 72 78 65
FU 72 79 51
FU 75 1 0
FU 75 5 0
FU 75 7 89
FU 75 8 87
FU 75 9 0
FU 75 10 0
FU 75 12 0
FU 75 13 0
FU 75 15 4
FU 75 17 0
FU 75 22 0
FU 75 24 1
FU 75 28 0
FU 75 36 0
FU 75 37 1
FU 75 40 100
FU 75 41 0
FU 75 44 33
FU 75 45 0
FU 75 48 0
FU 75 50 152
FU 75 51 44
FU 75 52 0
FU 75 58 0
FU 75 59 18
FU 75 60 66
FU 75 64 0
FU 75 66 1
FU 75 69 0
FU 75 70 88
FU 75 71 0
FU 75 74 83
FU 75 76 1
FU 76 1 0
FU 76 5 0
FU 76 7 106
FU 76 9 0
FU 76 10 0
FU 76 12 0
FU 76 13 0
FU 76 17 0
FU 76 22 7
FU 76 24 0
FU 76 36 0
FU 76 37 0
FU 76 41 0
FU 76 44 38
FU 76 45 0
FU 76 48 0
FU 76 50 137
FU 76 51 25
FU 76 52 0
FU 76 57 0
FU 76 58 0
FU 76 59 112
FU 76 60 30
FU 76 64 0
FU 76 66 1
FU 76 69 0
FU 76 70 97
FU 76 75 0
FU 77 2 2
FU 77 5 0
FU 77 20 1
FU 77 22 0
FU 77 24 0
FU 77 30 79
FU 77 39 0
FU 77 45 0
FU 77 48 6
FU 77 52 0
FU 77 54 0
FU 77 57 0
FU 77 80 0
FU 78 15 820
FU 78 25 0
FU 78 26 64
FU 78 27 153
FU 78 28 0
FU 78 29 45
FU 78 33 118
FU 78 35 0
FU 78 49 14
FU 78 55 56
FU 78 56 71
FU 78 79 94
FU 79 4 226
FU 79 16 196
FU 79 18 11
FU 79 25 0
FU 79 26 53
FU 79 27 73
FU 79 28 0
FU 79 29 16
FU 79 33 148
FU 79 35 0
FU 79 43 23
FU 79 49 64
FU 79 55 46
FU 79 56 59
FU 79 63 213
FU 79 67 0
FU 79 72 68
FU 79 78 33
FU 80 1 0
FU 80 2 0
FU 80 6 2
FU 80 7 49
FU 80 9 0
FU 80 10 0
FU 80 18 43
FU 80 19 107
FU 80 20 1
FU 80 22 0
FU 80 23 0
FU 80 24 3
FU 80 30 32
FU 80 32 206
FU 80 34 129
FU 80 37 8
FU 80 38 1977
FU 80 39 0
FU 80 40 145
FU 80 41 1
FU 80 42 0
FU 80 46 0
FU 80 47 51
FU 80 48 0
FU 80 51 46
FU 80 52 0
FU 80 54 0
FU 80 57 0
FU 80 59 50
FU 80 60 66
FU 80 61 1
FU 80 65 0
FU 80 66 2
FU 80 68 1
FU 80 77 228
