Nodes: 51
Arcs: 876
Terminals_rem: 0
Nodes_rem: 0
Arcs_rem: 212
First LB: 3
LB: 3
Iter. LB: 0
First UB: 19
UB: 10
Iter. UB: 255
gap: 70
BM. Time: 0
Runtime: 249
FL 0 46 20
FL 0 5 70
FL 0 44 69
FL 0 26 3
FL 0 33 6
FL 0 14 2876
FL 0 38 12
FL 0 20 8
FL 0 29 0
FL 0 8 12
FL 0 4 14
FL 0 36 48
FL 0 7 52
FL 0 6 32
FL 0 18 6
FL 0 39 31
FL 0 48 17
FL 0 23 61
FL 0 11 31
FL 0 12 2947
FL 0 3 32
FL 0 49 6
FL 0 34 38
FL 0 50 88
FL 0 30 6
FL 0 17 0
FL 0 1 233
FL 0 43 1
FL 0 35 4
FL 0 32 2794
FL 0 2 443
FL 0 9 1
FL 0 10 125
FL 0 13 208
FL 0 15 122
FL 0 16 247
FL 0 19 198
FL 0 21 227
FL 0 22 285
FL 0 24 1023
FL 0 25 41
FL 0 28 91
FL 0 31 311
FL 0 37 115
FL 0 40 518
FL 0 41 108
FL 0 42 703
FL 0 45 212
FL 0 47 6
FL 1 2 137
FL 1 5 13
FL 1 6 6
FL 1 7 1311
FL 1 8 6
FL 1 9 0
FL 1 10 138
FL 1 13 66
FL 1 17 0
FL 1 18 4
FL 1 19 72
FL 1 20 374
FL 1 22 160
FL 1 23 2294
FL 1 24 126
FL 1 29 0
FL 1 30 421
FL 1 33 2
FL 1 34 2333
FL 1 36 19
FL 1 37 56
FL 1 39 1239
FL 1 41 131
FL 1 44 23
FL 1 45 151
FL 1 47 2008
FL 1 48 477
FL 1 50 1738
FL 2 6 7
FL 2 19 102
FL 2 20 6
FL 2 23 13
FL 2 24 72
FL 2 30 4
FL 2 39 6
FL 2 42 154
FL 2 46 6
FL 2 48 8
FL 3 4 234
FL 3 5 10
FL 3 11 463
FL 3 13 72
FL 3 15 187
FL 3 16 46
FL 3 25 55
FL 3 26 51
FL 3 28 16
FL 3 31 209
FL 4 3 445
FL 4 11 485
FL 4 15 137
FL 4 16 63
FL 4 25 93
FL 4 26 90
FL 4 28 28
FL 4 29 0
FL 4 31 203
FL 4 33 62
FL 4 49 89
FL 5 1 1
FL 5 2 92
FL 5 3 348
FL 5 6 1238
FL 5 8 665
FL 5 9 0
FL 5 10 143
FL 5 13 114
FL 5 15 241
FL 5 16 45
FL 5 17 0
FL 5 18 30
FL 5 19 61
FL 5 20 310
FL 5 22 86
FL 5 23 5568
FL 5 26 83
FL 5 28 30
FL 5 29 0
FL 5 30 518
FL 5 31 171
FL 5 33 84
FL 5 36 11
FL 5 41 79
FL 5 44 581
FL 5 45 153
FL 5 48 189
FL 5 50 1439
FL 6 1 3
FL 6 2 88
FL 6 5 5
FL 6 7 6
FL 6 9 0
FL 6 19 96
FL 6 20 5
FL 6 23 6
FL 6 24 86
FL 6 34 0
FL 6 37 28
FL 6 39 3
FL 6 41 130
FL 6 42 140
FL 6 46 4
FL 6 48 5
FL 7 1 2
FL 7 2 81
FL 7 6 6
FL 7 8 6
FL 7 9 0
FL 7 10 147
FL 7 17 0
FL 7 18 3
FL 7 19 153
FL 7 22 66
FL 7 23 10
FL 7 24 44
FL 7 30 4
FL 7 32 0
FL 7 34 0
FL 7 36 14
FL 7 37 66
FL 7 39 5
FL 7 41 67
FL 7 42 115
FL 7 44 9
FL 7 46 5
FL 7 47 3
FL 7 48 4
FL 8 1 0
FL 8 5 1
FL 8 7 1
FL 8 9 0
FL 8 10 149
FL 8 12 0
FL 8 13 68
FL 8 14 0
FL 8 17 0
FL 8 21 127
FL 8 22 69
FL 8 24 50
FL 8 30 279
FL 8 32 0
FL 8 36 11
FL 8 37 35
FL 8 40 194
FL 8 41 71
FL 8 44 4
FL 8 47 1
FL 8 48 0
FL 8 50 2
FL 9 8 1511
FL 9 13 127
FL 9 15 67
FL 9 17 2698
FL 9 18 551
FL 9 19 464
FL 9 20 955
FL 9 22 584
FL 9 25 103
FL 9 26 120
FL 9 27 0
FL 9 29 0
FL 9 30 1192
FL 9 33 210
FL 9 35 443
FL 9 37 2431
FL 9 40 266
FL 9 41 170
FL 9 45 145
FL 9 47 2461
FL 9 48 2349
FL 11 3 7
FL 11 4 3
FL 11 13 138
FL 11 15 114
FL 11 16 36
FL 11 25 72
FL 11 26 1
FL 11 28 64
FL 11 31 202
FL 11 45 127
FL 12 8 7
FL 12 10 187
FL 12 13 90
FL 12 14 0
FL 12 17 0
FL 12 21 307
FL 12 24 79
FL 12 32 0
FL 12 36 15
FL 12 38 7
FL 12 40 222
FL 12 44 11
FL 12 47 5
FL 12 50 18
FL 14 8 6
FL 14 10 118
FL 14 12 0
FL 14 13 202
FL 14 17 0
FL 14 21 210
FL 14 24 88
FL 14 32 1
FL 14 36 12
FL 14 38 6
FL 14 40 214
FL 14 44 9
FL 14 50 13
FL 15 49 0
FL 16 3 1724
FL 16 4 1021
FL 16 5 9961
FL 16 11 1088
FL 16 15 126
FL 16 18 939
FL 16 25 125
FL 16 26 109
FL 16 27 0
FL 16 28 125
FL 16 29 2
FL 16 31 248
FL 16 33 227
FL 16 35 417
FL 16 44 2866
FL 16 45 215
FL 16 49 580
FL 17 1 0
FL 17 5 1
FL 17 7 2
FL 17 8 0
FL 17 9 0
FL 17 12 0
FL 17 13 82
FL 17 14 0
FL 17 21 196
FL 17 24 80
FL 17 32 0
FL 17 36 10
FL 17 37 29
FL 17 40 243
FL 17 41 48
FL 17 44 6
FL 17 47 1
FL 17 48 0
FL 17 50 0
FL 18 1 0
FL 18 2 139
FL 18 5 3
FL 18 7 478
FL 18 9 0
FL 18 16 16
FL 18 19 75
FL 18 20 477
FL 18 23 187
FL 18 25 76
FL 18 26 41
FL 18 28 46
FL 18 29 0
FL 18 33 101
FL 18 39 567
FL 18 41 80
FL 18 42 174
FL 18 46 1060
FL 18 48 278
FL 18 49 64
FL 19 2 6
FL 19 5 1
FL 19 6 2
FL 19 7 1
FL 19 18 1
FL 19 20 0
FL 19 23 0
FL 19 24 49
FL 19 30 1
FL 19 34 0
FL 19 37 74
FL 19 39 1
FL 19 41 98
FL 19 42 141
FL 19 46 2
FL 19 48 0
FL 20 1 0
FL 20 2 84
FL 20 5 1
FL 20 6 2
FL 20 9 0
FL 20 10 77
FL 20 18 1
FL 20 19 93
FL 20 22 84
FL 20 23 0
FL 20 24 62
FL 20 30 1
FL 20 37 26
FL 20 41 71
FL 20 42 108
FL 20 46 3
FL 20 48 1
FL 21 36 26
FL 22 2 99
FL 22 5 3
FL 22 7 2
FL 22 8 1
FL 22 9 1
FL 22 13 133
FL 22 19 87
FL 22 20 1
FL 22 23 1
FL 22 24 72
FL 22 29 0
FL 22 33 1
FL 22 39 1
FL 22 41 104
FL 22 44 8
FL 22 48 1
FL 22 50 3
FL 23 1 3
FL 23 2 163
FL 23 5 7
FL 23 6 1269
FL 23 7 410
FL 23 9 0
FL 23 18 36
FL 23 19 84
FL 23 20 454
FL 23 22 153
FL 23 24 41
FL 23 30 432
FL 23 34 0
FL 23 37 698
FL 23 39 669
FL 23 41 137
FL 23 42 102
FL 23 46 1358
FL 23 48 200
FL 24 2 152
FL 24 6 7
FL 24 7 10
FL 24 19 124
FL 24 20 6
FL 24 22 183
FL 24 23 15
FL 24 30 5
FL 24 42 178
FL 24 46 6
FL 24 48 8
FL 25 3 334
FL 25 4 137
FL 25 9 0
FL 25 11 306
FL 25 15 133
FL 25 16 63
FL 25 18 112
FL 25 26 68
FL 25 27 0
FL 25 28 66
FL 25 29 1
FL 25 31 230
FL 25 33 170
FL 25 35 217
FL 25 43 274
FL 25 49 61
FL 26 3 160
FL 26 4 68
FL 26 5 1257
FL 26 9 0
FL 26 11 3
FL 26 15 89
FL 26 16 15
FL 26 18 0
FL 26 25 62
FL 26 27 0
FL 26 28 26
FL 26 29 0
FL 26 31 103
FL 26 33 84
FL 26 35 0
FL 26 43 0
FL 26 44 315
FL 26 45 139
FL 26 49 0
FL 27 9 18844
FL 27 16 19663
FL 27 25 2664
FL 27 26 2927
FL 27 28 3926
FL 27 29 24029
FL 27 33 2710
FL 27 43 1353
FL 27 49 7383
FL 27 0 14501
FL 28 3 293
FL 28 4 139
FL 28 5 5
FL 28 11 388
FL 28 13 84
FL 28 15 139
FL 28 16 30
FL 28 18 38
FL 28 25 74
FL 28 26 98
FL 28 27 0
FL 28 29 0
FL 28 31 163
FL 28 33 84
FL 28 35 307
FL 28 36 1288
FL 28 44 334
FL 28 49 49
FL 29 1 14978
FL 29 4 694
FL 29 5 2831
FL 29 9 0
FL 29 15 109
FL 29 16 485
FL 29 18 1168
FL 29 22 158
FL 29 25 216
FL 29 26 166
FL 29 27 0
FL 29 28 264
FL 29 33 95
FL 29 35 237
FL 29 43 234
FL 29 45 132
FL 29 49 267
FL 30 1 0
FL 30 2 171
FL 30 5 3
FL 30 7 3
FL 30 8 329
FL 30 9 0
FL 30 19 137
FL 30 20 1
FL 30 23 2
FL 30 24 50
FL 30 34 0
FL 30 37 79
FL 30 39 1
FL 30 41 50
FL 30 42 55
FL 30 46 3
FL 30 48 1
FL 31 5 33
FL 31 25 58
FL 31 28 45
FL 32 7 8
FL 32 8 6
FL 32 9 1
FL 32 10 126
FL 32 12 0
FL 32 14 1
FL 32 17 0
FL 32 21 162
FL 32 24 133
FL 32 34 8
FL 32 37 91
FL 32 38 7
FL 32 40 177
FL 32 41 71
FL 32 47 5
FL 33 1 2
FL 33 4 427
FL 33 5 21
FL 33 9 0
FL 33 13 131
FL 33 15 62
FL 33 16 190
FL 33 18 69
FL 33 22 63
FL 33 25 96
FL 33 26 122
FL 33 27 0
FL 33 28 123
FL 33 29 0
FL 33 35 210
FL 33 43 274
FL 33 45 253
FL 33 49 129
FL 34 1 3
FL 34 6 6
FL 34 7 8
FL 34 9 0
FL 34 19 89
FL 34 23 11
FL 34 24 44
FL 34 30 3
FL 34 32 1
FL 34 37 55
FL 34 39 5
FL 34 41 60
FL 34 42 100
FL 34 46 5
FL 34 47 5
FL 34 48 7
FL 35 2 117
FL 35 9 0
FL 35 16 39
FL 35 25 85
FL 35 26 33
FL 35 28 17
FL 35 29 0
FL 35 33 82
FL 35 43 174
FL 35 49 66
FL 36 1 1
FL 36 5 2
FL 36 7 4
FL 36 8 2
FL 36 9 0
FL 36 10 144
FL 36 12 0
FL 36 13 100
FL 36 14 0
FL 36 15 158
FL 36 17 0
FL 36 21 147
FL 36 22 119
FL 36 24 42
FL 36 28 45
FL 36 31 152
FL 36 37 58
FL 36 41 99
FL 36 44 6
FL 36 45 136
FL 36 48 212
FL 36 50 8
FL 37 6 2
FL 37 19 65
FL 37 20 1
FL 37 23 2
FL 37 30 1
FL 37 36 1910
FL 37 48 1
FL 38 10 76
FL 38 12 0
FL 38 14 0
FL 38 21 285
FL 38 32 0
FL 38 40 166
FL 38 47 1
FL 39 1 2
FL 39 2 102
FL 39 6 6
FL 39 7 8
FL 39 18 5
FL 39 19 86
FL 39 22 96
FL 39 23 9
FL 39 30 4
FL 39 34 2
FL 39 41 62
FL 39 42 176
FL 39 46 4
FL 39 48 6
FL 41 18 5
FL 42 2 187
FL 42 6 8
FL 42 7 17
FL 42 18 5
FL 42 19 174
FL 42 20 6
FL 42 23 14
FL 42 24 137
FL 42 30 5
FL 42 39 9
FL 42 46 7
FL 42 48 8
FL 43 25 118
FL 43 26 95
FL 43 27 0
FL 43 28 30
FL 43 29 0
FL 43 33 63
FL 43 35 231
FL 43 49 118
FL 44 1 3
FL 44 5 4
FL 44 7 462
FL 44 8 497
FL 44 9 0
FL 44 10 118
FL 44 12 1
FL 44 13 88
FL 44 14 2
FL 44 15 212
FL 44 16 35
FL 44 17 0
FL 44 21 165
FL 44 22 118
FL 44 26 52
FL 44 28 82
FL 44 31 144
FL 44 36 14
FL 44 41 118
FL 44 45 126
FL 44 50 13
FL 46 2 172
FL 46 6 3
FL 46 7 6
FL 46 18 2
FL 46 19 52
FL 46 20 3
FL 46 23 3
FL 46 24 76
FL 46 30 3
FL 46 34 1
FL 46 39 3
FL 46 42 164
FL 46 48 4
FL 47 38 2496
FL 48 1 69
FL 48 2 145
FL 48 5 42
FL 48 6 11
FL 48 7 21
FL 48 8 9
FL 48 9 0
FL 48 10 129
FL 48 13 154
FL 48 17 0
FL 48 18 7
FL 48 19 165
FL 48 20 7
FL 48 22 166
FL 48 23 20
FL 48 24 241
FL 48 30 6
FL 48 34 20
FL 48 36 40
FL 48 37 92
FL 48 39 28
FL 48 41 128
FL 48 42 267
FL 48 46 9
FL 49 4 958
FL 49 15 104
FL 49 16 800
FL 49 18 2880
FL 49 25 234
FL 49 26 262
FL 49 27 0
FL 49 28 489
FL 49 29 2
FL 49 33 191
FL 49 35 547
FL 49 43 345
FL 50 1 5
FL 50 5 6
FL 50 8 5
FL 50 9 0
FL 50 10 323
FL 50 12 0
FL 50 13 143
FL 50 14 0
FL 50 17 0
FL 50 21 200
FL 50 22 128
FL 50 24 99
FL 50 36 17
FL 50 37 49
FL 50 41 123
FL 50 44 13
FL 50 45 211
FU 0 46 6
FU 0 5 41
FU 0 44 11
FU 0 26 7
FU 0 33 1
FU 0 14 2000
FU 0 38 6
FU 0 20 2
FU 0 29 1
FU 0 8 3
FU 0 4 8
FU 0 36 10
FU 0 7 10
FU 0 6 4
FU 0 18 4
FU 0 39 10
FU 0 48 3
FU 0 23 29
FU 0 11 11
FU 0 12 2000
FU 0 3 10
FU 0 49 1
FU 0 34 7
FU 0 50 15
FU 0 30 1
FU 0 17 1
FU 0 1 28
FU 0 43 1
FU 0 35 1
FU 0 32 2000
FU 0 2 226
FU 0 9 1
FU 0 10 121
FU 0 13 212
FU 0 15 120
FU 0 16 124
FU 0 19 142
FU 0 21 206
FU 0 22 198
FU 0 24 464
FU 0 25 62
FU 0 28 101
FU 0 31 275
FU 0 37 81
FU 0 40 516
FU 0 41 118
FU 0 42 367
FU 0 45 211
FU 0 47 2
FU 1 2 112
FU 1 5 3
FU 1 6 0
FU 1 7 783
FU 1 8 0
FU 1 9 0
FU 1 10 135
FU 1 13 66
FU 1 17 0
FU 1 18 0
FU 1 19 65
FU 1 20 296
FU 1 22 129
FU 1 23 582
FU 1 24 132
FU 1 29 0
FU 1 30 354
FU 1 33 0
FU 1 34 1988
FU 1 36 2
FU 1 37 50
FU 1 39 831
FU 1 41 128
FU 1 44 3
FU 1 45 149
FU 1 47 978
FU 1 48 331
FU 1 50 1004
FU 2 6 0
FU 2 19 77
FU 2 20 0
FU 2 23 3
FU 2 24 37
FU 2 30 0
FU 2 39 1
FU 2 42 156
FU 2 46 0
FU 2 48 0
FU 3 4 199
FU 3 5 13
FU 3 11 305
FU 3 13 72
FU 3 15 184
FU 3 16 14
FU 3 25 60
FU 3 26 68
FU 3 28 36
FU 3 31 204
FU 4 3 309
FU 4 11 380
FU 4 15 133
FU 4 16 42
FU 4 25 82
FU 4 26 97
FU 4 28 31
FU 4 29 0
FU 4 31 190
FU 4 33 94
FU 4 49 96
FU 5 1 0
FU 5 2 86
FU 5 3 270
FU 5 6 1015
FU 5 8 483
FU 5 9 0
FU 5 10 143
FU 5 13 114
FU 5 15 240
FU 5 16 60
FU 5 17 0
FU 5 18 65
FU 5 19 54
FU 5 20 257
FU 5 22 89
FU 5 23 985
FU 5 26 70
FU 5 28 50
FU 5 29 0
FU 5 30 370
FU 5 31 166
FU 5 33 102
FU 5 36 0
FU 5 41 79
FU 5 44 390
FU 5 45 156
FU 5 48 198
FU 5 50 974
FU 6 1 0
FU 6 2 82
FU 6 5 0
FU 6 7 0
FU 6 9 0
FU 6 19 95
FU 6 20 0
FU 6 23 0
FU 6 24 114
FU 6 34 0
FU 6 37 27
FU 6 39 0
FU 6 41 132
FU 6 42 112
FU 6 46 0
FU 6 48 0
FU 7 1 0
FU 7 2 76
FU 7 6 0
FU 7 8 0
FU 7 9 0
FU 7 10 145
FU 7 17 0
FU 7 18 0
FU 7 19 152
FU 7 22 76
FU 7 23 0
FU 7 24 38
FU 7 30 0
FU 7 32 0
FU 7 34 0
FU 7 36 1
FU 7 37 67
FU 7 39 0
FU 7 41 75
FU 7 42 98
FU 7 44 0
FU 7 46 0
FU 7 47 0
FU 7 48 0
FU 8 1 0
FU 8 5 0
FU 8 7 0
FU 8 9 0
FU 8 10 147
FU 8 12 0
FU 8 13 74
FU 8 14 0
FU 8 17 0
FU 8 21 131
FU 8 22 59
FU 8 24 54
FU 8 30 275
FU 8 32 0
FU 8 36 0
FU 8 37 52
FU 8 40 199
FU 8 41 68
FU 8 44 0
FU 8 47 0
FU 8 48 0
FU 8 50 0
FU 9 8 745
FU 9 13 122
FU 9 15 73
FU 9 17 1999
FU 9 18 237
FU 9 19 259
FU 9 20 564
FU 9 22 288
FU 9 25 90
FU 9 26 77
FU 9 27 0
FU 9 29 0
FU 9 30 644
FU 9 33 145
FU 9 35 269
FU 9 37 803
FU 9 40 263
FU 9 41 163
FU 9 45 149
FU 9 47 1020
FU 9 48 833
FU 11 3 2
FU 11 4 0
FU 11 13 145
FU 11 15 114
FU 11 16 15
FU 11 25 52
FU 11 26 0
FU 11 28 73
FU 11 31 195
FU 11 45 132
FU 12 8 0
FU 12 10 191
FU 12 13 91
FU 12 14 0
FU 12 17 0
FU 12 21 302
FU 12 24 70
FU 12 32 0
FU 12 36 1
FU 12 38 3
FU 12 40 222
FU 12 44 1
FU 12 47 0
FU 12 50 2
FU 14 8 0
FU 14 10 119
FU 14 12 0
FU 14 13 200
FU 14 17 0
FU 14 21 217
FU 14 24 81
FU 14 32 0
FU 14 36 0
FU 14 38 2
FU 14 40 216
FU 14 44 0
FU 14 50 3
FU 15 49 0
FU 16 3 717
FU 16 4 408
FU 16 5 939
FU 16 11 636
FU 16 15 125
FU 16 18 280
FU 16 25 96
FU 16 26 75
FU 16 27 0
FU 16 28 73
FU 16 29 0
FU 16 31 217
FU 16 33 118
FU 16 35 279
FU 16 44 934
FU 16 45 215
FU 16 49 240
FU 17 1 0
FU 17 5 0
FU 17 7 0
FU 17 8 0
FU 17 9 0
FU 17 12 0
FU 17 13 85
FU 17 14 0
FU 17 21 197
FU 17 24 81
FU 17 32 0
FU 17 36 0
FU 17 37 68
FU 17 40 239
FU 17 41 49
FU 17 44 0
FU 17 47 0
FU 17 48 0
FU 17 50 0
FU 18 1 0
FU 18 2 138
FU 18 5 0
FU 18 7 445
FU 18 9 0
FU 18 16 41
FU 18 19 74
FU 18 20 446
FU 18 23 396
FU 18 25 75
FU 18 26 46
FU 18 28 59
FU 18 29 0
FU 18 33 124
FU 18 39 550
FU 18 41 73
FU 18 42 169
FU 18 46 999
FU 18 48 251
FU 18 49 70
FU 19 2 15
FU 19 5 0
FU 19 6 0
FU 19 7 0
FU 19 18 0
FU 19 20 0
FU 19 23 0
FU 19 24 56
FU 19 30 0
FU 19 34 0
FU 19 37 72
FU 19 39 0
FU 19 41 94
FU 19 42 116
FU 19 46 0
FU 19 48 0
FU 20 1 0
FU 20 2 80
FU 20 5 0
FU 20 6 0
FU 20 9 0
FU 20 10 80
FU 20 18 0
FU 20 19 78
FU 20 22 83
FU 20 23 0
FU 20 24 75
FU 20 30 0
FU 20 37 26
FU 20 41 68
FU 20 42 120
FU 20 46 0
FU 20 48 0
FU 21 36 3
FU 22 2 116
FU 22 5 0
FU 22 7 0
FU 22 8 0
FU 22 9 0
FU 22 13 131
FU 22 19 88
FU 22 20 0
FU 22 23 0
FU 22 24 74
FU 22 29 0
FU 22 33 0
FU 22 39 0
FU 22 41 102
FU 22 44 0
FU 22 48 0
FU 22 50 0
FU 23 1 0
FU 23 2 142
FU 23 5 1
FU 23 6 978
FU 23 7 348
FU 23 9 0
FU 23 18 74
FU 23 19 70
FU 23 20 435
FU 23 22 136
FU 23 24 40
FU 23 30 356
FU 23 34 0
FU 23 37 354
FU 23 39 596
FU 23 41 140
FU 23 42 73
FU 23 46 994
FU 23 48 201
FU 24 2 119
FU 24 6 1
FU 24 7 2
FU 24 19 107
FU 24 20 0
FU 24 22 136
FU 24 23 1
FU 24 30 0
FU 24 42 146
FU 24 46 0
FU 24 48 0
FU 25 3 315
FU 25 4 141
FU 25 9 0
FU 25 11 327
FU 25 15 137
FU 25 16 52
FU 25 18 101
FU 25 26 70
FU 25 27 0
FU 25 28 47
FU 25 29 0
FU 25 31 226
FU 25 33 147
FU 25 35 185
FU 25 43 268
FU 25 49 67
FU 26 3 161
FU 26 4 137
FU 26 5 366
FU 26 9 0
FU 26 11 0
FU 26 15 83
FU 26 16 29
FU 26 18 0
FU 26 25 71
FU 26 27 0
FU 26 28 23
FU 26 29 0
FU 26 31 98
FU 26 33 79
FU 26 35 0
FU 26 43 0
FU 26 44 321
FU 26 45 134
FU 26 49 0
FU 27 9 1999
FU 27 16 1011
FU 27 25 762
FU 27 26 822
FU 27 28 870
FU 27 29 1998
FU 27 33 801
FU 27 43 773
FU 27 49 986
FU 27 0 2000
FU 28 3 216
FU 28 4 203
FU 28 5 6
FU 28 11 341
FU 28 13 73
FU 28 15 143
FU 28 16 25
FU 28 18 73
FU 28 25 56
FU 28 26 115
FU 28 27 0
FU 28 29 0
FU 28 31 162
FU 28 33 74
FU 28 35 292
FU 28 36 979
FU 28 44 338
FU 28 49 108
FU 29 1 1967
FU 29 4 312
FU 29 5 603
FU 29 9 0
FU 29 15 117
FU 29 16 171
FU 29 18 372
FU 29 22 155
FU 29 25 128
FU 29 26 117
FU 29 27 0
FU 29 28 155
FU 29 33 62
FU 29 35 180
FU 29 43 215
FU 29 45 128
FU 29 49 133
FU 30 1 0
FU 30 2 158
FU 30 5 0
FU 30 7 0
FU 30 8 349
FU 30 9 0
FU 30 19 151
FU 30 20 0
FU 30 23 0
FU 30 24 50
FU 30 34 0
FU 30 37 73
FU 30 39 0
FU 30 41 54
FU 30 42 51
FU 30 46 0
FU 30 48 0
FU 31 5 3
FU 31 25 58
FU 31 28 42
FU 32 7 2
FU 32 8 0
FU 32 9 0
FU 32 10 127
FU 32 12 0
FU 32 14 0
FU 32 17 0
FU 32 21 157
FU 32 24 99
FU 32 34 1
FU 32 37 86
FU 32 38 2
FU 32 40 184
FU 32 41 73
FU 32 47 0
FU 33 1 0
FU 33 4 235
FU 33 5 20
FU 33 9 0
FU 33 13 135
FU 33 15 63
FU 33 16 88
FU 33 18 67
FU 33 22 58
FU 33 25 77
FU 33 26 97
FU 33 27 0
FU 33 28 72
FU 33 29 0
FU 33 35 201
FU 33 43 272
FU 33 45 255
FU 33 49 95
FU 34 1 0
FU 34 6 0
FU 34 7 1
FU 34 9 0
FU 34 19 89
FU 34 23 0
FU 34 24 42
FU 34 30 0
FU 34 32 0
FU 34 37 73
FU 34 39 0
FU 34 41 61
FU 34 42 89
FU 34 46 0
FU 34 47 0
FU 34 48 0
FU 35 2 118
FU 35 9 0
FU 35 16 17
FU 35 25 81
FU 35 26 25
FU 35 28 17
FU 35 29 0
FU 35 33 73
FU 35 43 162
FU 35 49 83
FU 36 1 0
FU 36 5 0
FU 36 7 0
FU 36 8 0
FU 36 9 0
FU 36 10 144
FU 36 12 0
FU 36 13 97
FU 36 14 0
FU 36 15 156
FU 36 17 0
FU 36 21 137
FU 36 22 111
FU 36 24 36
FU 36 28 35
FU 36 31 138
FU 36 37 54
FU 36 41 101
FU 36 44 0
FU 36 45 141
FU 36 48 182
FU 36 50 1
FU 37 6 0
FU 37 19 60
FU 37 20 0
FU 37 23 0
FU 37 30 0
FU 37 36 997
FU 37 48 0
FU 38 10 80
FU 38 12 0
FU 38 14 0
FU 38 21 280
FU 38 32 0
FU 38 40 161
FU 38 47 0
FU 39 1 0
FU 39 2 105
FU 39 6 0
FU 39 7 0
FU 39 18 0
FU 39 19 98
FU 39 22 98
FU 39 23 1
FU 39 30 0
FU 39 34 0
FU 39 41 61
FU 39 42 146
FU 39 46 0
FU 39 48 0
FU 41 18 0
FU 42 2 162
FU 42 6 1
FU 42 7 2
FU 42 18 0
FU 42 19 171
FU 42 20 0
FU 42 23 2
FU 42 24 126
FU 42 30 0
FU 42 39 1
FU 42 46 0
FU 42 48 1
FU 43 25 106
FU 43 26 123
FU 43 27 0
FU 43 28 35
FU 43 29 0
FU 43 33 72
FU 43 35 241
FU 43 49 121
FU 44 1 0
FU 44 5 0
FU 44 7 405
FU 44 8 417
FU 44 9 0
FU 44 10 118
FU 44 12 0
FU 44 13 88
FU 44 14 0
FU 44 15 211
FU 44 16 43
FU 44 17 0
FU 44 21 169
FU 44 22 107
FU 44 26 75
FU 44 28 86
FU 44 31 129
FU 44 36 1
FU 44 41 107
FU 44 45 126
FU 44 50 1
FU 46 2 163
FU 46 6 0
FU 46 7 0
FU 46 18 0
FU 46 19 43
FU 46 20 0
FU 46 23 0
FU 46 24 67
FU 46 30 0
FU 46 34 0
FU 46 39 0
FU 46 42 155
FU 46 48 0
FU 47 38 1987
FU 48 1 5
FU 48 2 102
FU 48 5 5
FU 48 6 1
FU 48 7 2
FU 48 8 3
FU 48 9 0
FU 48 10 128
FU 48 13 154
FU 48 17 0
FU 48 18 0
FU 48 19 127
FU 48 20 0
FU 48 22 142
FU 48 23 1
FU 48 24 169
FU 48 30 0
FU 48 34 4
FU 48 36 4
FU 48 37 73
FU 48 39 11
FU 48 41 130
FU 48 42 202
FU 48 46 1
FU 49 4 357
FU 49 15 101
FU 49 16 268
FU 49 18 727
FU 49 25 144
FU 49 26 116
FU 49 27 0
FU 49 28 195
FU 49 29 1
FU 49 33 108
FU 49 35 352
FU 49 43 309
FU 50 1 0
FU 50 5 0
FU 50 8 0
FU 50 9 0
FU 50 10 322
FU 50 12 0
FU 50 13 141
FU 50 14 0
FU 50 17 0
FU 50 21 204
FU 50 22 135
FU 50 24 95
FU 50 36 2
FU 50 37 41
FU 50 41 124
FU 50 44 2
FU 50 45 204
