Nodes: 61
Arcs: 1812
Terminals_rem: 0
Nodes_rem: 9
Arcs_rem: 731
First LB: 2
LB: 2
Iter. LB: 0
First UB: 27
UB: 15
Iter. UB: 29
gap: 86.6667
BM. Time: 0
Runtime: 429
FL 0 34 25
FL 0 27 0
FL 0 53 47
FL 0 47 2312
FL 0 36 24
FL 0 16 0
FL 0 21 20
FL 0 39 18
FL 0 48 0
FL 0 1 53
FL 0 13 26
FL 0 11 17
FL 0 58 2
FL 0 3 40
FL 0 50 3
FL 0 35 22
FL 0 23 0
FL 0 33 33
FL 0 9 32
FL 0 2 6
FL 0 57 12
FL 0 17 18
FL 0 49 31
FL 0 46 30
FL 0 8 77
FL 0 12 15
FL 0 41 27
FL 0 38 30
FL 0 59 62
FL 0 30 22
FL 0 51 56
FL 0 4 69
FL 0 55 2697
FL 0 42 47
FL 0 26 140
FL 0 5 39
FL 0 6 2000
FL 0 7 2000
FL 0 10 159
FL 0 14 2000
FL 0 15 2000
FL 0 18 157
FL 0 19 174
FL 0 20 135
FL 0 22 546
FL 0 24 2000
FL 0 25 135
FL 0 28 2000
FL 0 29 60
FL 0 31 76
FL 0 32 94
FL 0 37 2000
FL 0 40 1
FL 0 43 2000
FL 0 44 98
FL 0 45 2000
FL 0 52 1
FL 0 54 186
FL 0 56 122
FL 1 3 11
FL 1 4 6
FL 1 5 23
FL 1 8 4
FL 1 9 3
FL 1 11 0
FL 1 12 7
FL 1 13 12
FL 1 16 4
FL 1 17 1
FL 1 18 13
FL 1 19 74
FL 1 20 152
FL 1 21 1
FL 1 22 106
FL 1 23 0
FL 1 25 44
FL 1 26 9
FL 1 30 12
FL 1 31 60
FL 1 33 4
FL 1 34 3
FL 1 35 11
FL 1 36 11
FL 1 39 11
FL 1 40 0
FL 1 41 8
FL 1 42 0
FL 1 46 11
FL 1 47 1
FL 1 49 11
FL 1 51 0
FL 1 52 0
FL 1 53 8
FL 1 54 50
FL 1 55 2
FL 1 56 13
FL 1 59 11
FL 2 5 116
FL 2 10 290
FL 2 11 34
FL 2 12 42
FL 2 13 21
FL 2 16 6
FL 2 17 20
FL 2 23 1
FL 2 27 0
FL 2 29 77
FL 2 30 44
FL 2 31 33
FL 2 32 134
FL 2 40 1
FL 2 41 68
FL 2 44 108
FL 2 48 0
FL 2 50 3
FL 2 52 1
FL 2 57 70
FL 2 58 2
FL 2 60 0
FL 3 1 2
FL 3 4 3
FL 3 5 101
FL 3 8 5
FL 3 9 4
FL 3 11 0
FL 3 12 1
FL 3 13 9
FL 3 16 4
FL 3 17 1
FL 3 18 13
FL 3 19 33
FL 3 20 160
FL 3 21 2
FL 3 22 57
FL 3 25 98
FL 3 26 5
FL 3 30 7
FL 3 31 113
FL 3 33 3
FL 3 34 3
FL 3 35 4
FL 3 36 6
FL 3 39 3
FL 3 40 0
FL 3 41 5
FL 3 42 0
FL 3 46 5
FL 3 47 1
FL 3 49 6
FL 3 51 0
FL 3 52 0
FL 3 53 5
FL 3 54 72
FL 3 55 1
FL 3 56 15
FL 3 59 10
FL 4 1 5
FL 4 3 9
FL 4 5 68
FL 4 8 5
FL 4 9 5
FL 4 10 120
FL 4 11 2
FL 4 12 5
FL 4 13 11
FL 4 17 1
FL 4 18 16
FL 4 22 108
FL 4 23 0
FL 4 26 7
FL 4 29 95
FL 4 30 10
FL 4 31 69
FL 4 33 3
FL 4 35 6
FL 4 36 7
FL 4 38 10
FL 4 39 8
FL 4 40 0
FL 4 41 7
FL 4 42 0
FL 4 46 9
FL 4 49 11
FL 4 51 2
FL 4 52 0
FL 4 53 5
FL 4 54 62
FL 4 56 62
FL 4 59 15
FL 8 1 3
FL 8 3 8
FL 8 4 5
FL 8 5 60
FL 8 9 4
FL 8 10 84
FL 8 11 1
FL 8 12 2
FL 8 13 12
FL 8 16 3
FL 8 17 1
FL 8 18 16
FL 8 19 218
FL 8 20 168
FL 8 21 3
FL 8 22 77
FL 8 23 0
FL 8 25 68
FL 8 26 7
FL 8 27 0
FL 8 29 86
FL 8 30 4
FL 8 31 168
FL 8 33 4
FL 8 34 3
FL 8 35 6
FL 8 36 6
FL 8 39 7
FL 8 40 0
FL 8 41 7
FL 8 42 0
FL 8 44 93
FL 8 46 7
FL 8 49 7
FL 8 51 0
FL 8 52 0
FL 8 53 4
FL 8 54 61
FL 8 56 112
FL 8 57 1
FL 8 59 9
FL 9 1 3
FL 9 3 8
FL 9 4 4
FL 9 5 52
FL 9 8 4
FL 9 10 53
FL 9 11 1
FL 9 12 2
FL 9 13 12
FL 9 23 0
FL 9 26 10
FL 9 29 10
FL 9 30 8
FL 9 31 29
FL 9 34 3
FL 9 35 8
FL 9 36 8
FL 9 38 9
FL 9 40 0
FL 9 41 7
FL 9 44 73
FL 9 46 7
FL 9 49 8
FL 9 51 0
FL 9 52 0
FL 9 53 7
FL 9 54 125
FL 9 56 62
FL 9 59 10
FL 10 4 2
FL 10 9 2
FL 10 18 10
FL 10 22 79
FL 10 27 0
FL 10 30 2
FL 10 50 1
FL 10 52 0
FL 10 56 68
FL 10 57 0
FL 11 1 1
FL 11 2 4
FL 11 3 4
FL 11 4 2
FL 11 8 2
FL 11 9 1
FL 11 10 124
FL 11 12 0
FL 11 13 7
FL 11 16 2
FL 11 17 1
FL 11 19 221
FL 11 20 126
FL 11 21 1
FL 11 23 0
FL 11 25 76
FL 11 26 3
FL 11 27 0
FL 11 29 44
FL 11 30 1
FL 11 32 186
FL 11 34 2
FL 11 40 0
FL 11 41 3
FL 11 42 0
FL 11 47 1
FL 11 51 0
FL 11 52 0
FL 11 55 1
FL 11 59 9
FL 12 1 29
FL 12 2 9
FL 12 3 21
FL 12 4 26
FL 12 5 175
FL 12 8 33
FL 12 9 22
FL 12 10 68
FL 12 11 14
FL 12 13 27
FL 12 16 5
FL 12 17 24
FL 12 18 78
FL 12 19 103
FL 12 20 143
FL 12 22 208
FL 12 23 0
FL 12 25 175
FL 12 26 33
FL 12 27 0
FL 12 29 125
FL 12 30 19
FL 12 31 216
FL 12 32 166
FL 12 33 16
FL 12 34 20
FL 12 36 17
FL 12 40 0
FL 12 41 18
FL 12 42 1259
FL 12 44 164
FL 12 48 0
FL 12 50 2
FL 12 51 40
FL 12 52 0
FL 12 53 25
FL 12 54 82
FL 12 56 34
FL 12 57 15
FL 12 58 2
FL 12 59 53
FL 12 60 0
FL 13 1 4
FL 13 2 5
FL 13 3 7
FL 13 4 4
FL 13 5 31
FL 13 8 6
FL 13 9 5
FL 13 10 105
FL 13 11 1
FL 13 12 1
FL 13 16 2
FL 13 17 2
FL 13 18 14
FL 13 19 117
FL 13 20 58
FL 13 21 1
FL 13 22 115
FL 13 23 0
FL 13 25 159
FL 13 26 7
FL 13 27 0
FL 13 29 36
FL 13 30 6
FL 13 31 34
FL 13 32 61
FL 13 33 2
FL 13 34 3
FL 13 36 5
FL 13 39 2
FL 13 40 0
FL 13 41 6
FL 13 42 0
FL 13 44 122
FL 13 46 5
FL 13 48 0
FL 13 49 4
FL 13 50 1
FL 13 51 0
FL 13 52 0
FL 13 53 3
FL 13 54 86
FL 13 56 60
FL 13 57 1
FL 13 58 1
FL 13 59 9
FL 13 60 0
FL 16 1 3
FL 16 2 603
FL 16 3 5
FL 16 8 4
FL 16 11 3
FL 16 12 653
FL 16 13 7
FL 16 17 1
FL 16 19 96
FL 16 20 154
FL 16 21 4
FL 16 23 0
FL 16 25 151
FL 16 26 3
FL 16 27 2
FL 16 29 139
FL 16 30 4
FL 16 32 131
FL 16 34 3
FL 16 40 0
FL 16 42 0
FL 16 47 3
FL 16 48 0
FL 16 50 563
FL 16 52 0
FL 16 55 3
FL 16 58 0
FL 16 59 10
FL 16 60 0
FL 17 1 3
FL 17 2 4
FL 17 3 5
FL 17 4 3
FL 17 5 99
FL 17 8 3
FL 17 10 11
FL 17 11 0
FL 17 12 0
FL 17 13 8
FL 17 16 2
FL 17 23 0
FL 17 26 4
FL 17 29 55
FL 17 30 2
FL 17 31 59
FL 17 34 2
FL 17 35 4
FL 17 36 4
FL 17 38 4516
FL 17 40 0
FL 17 41 6
FL 17 44 33
FL 17 46 4
FL 17 49 1
FL 17 51 0
FL 17 52 0
FL 17 53 1
FL 17 54 58
FL 17 56 26
FL 17 57 0
FL 17 59 9
FL 18 1 1049
FL 18 3 2497
FL 18 4 1031
FL 18 10 187
FL 18 13 2644
FL 18 26 1055
FL 18 30 10
FL 18 35 1236
FL 18 36 2175
FL 18 40 0
FL 18 41 1072
FL 18 44 38
FL 18 46 2320
FL 18 52 0
FL 18 53 1025
FL 18 56 167
FL 19 8 18
FL 19 12 9
FL 19 27 0
FL 19 30 11
FL 20 30 11
FL 21 1 4
FL 21 3 9
FL 21 8 4
FL 21 11 1
FL 21 13 12
FL 21 16 2
FL 21 23 0
FL 21 26 8
FL 21 29 43
FL 21 30 8006
FL 21 34 3
FL 21 40 0
FL 21 41 8
FL 21 47 1
FL 21 52 0
FL 21 55 1
FL 21 59 10
FL 22 4 21
FL 22 10 109
FL 22 26 26
FL 22 30 11
FL 22 35 11
FL 22 36 11
FL 22 40 0
FL 22 41 13
FL 22 52 0
FL 22 53 17
FL 22 56 141
FL 23 1 0
FL 23 2 3
FL 23 4 0
FL 23 5 91
FL 23 8 0
FL 23 9 0
FL 23 10 26
FL 23 11 1
FL 23 12 1
FL 23 13 0
FL 23 16 0
FL 23 17 0
FL 23 18 0
FL 23 19 51
FL 23 20 99
FL 23 21 0
FL 23 22 55
FL 23 25 154
FL 23 26 0
FL 23 27 0
FL 23 29 17
FL 23 30 0
FL 23 31 29
FL 23 32 162
FL 23 33 0
FL 23 34 0
FL 23 40 0
FL 23 41 1
FL 23 42 0
FL 23 44 92
FL 23 48 0
FL 23 50 0
FL 23 51 0
FL 23 52 0
FL 23 53 0
FL 23 54 69
FL 23 55 1
FL 23 56 94
FL 23 58 0
FL 23 59 0
FL 23 60 0
FL 26 1 5
FL 26 3 9
FL 26 4 7
FL 26 5 97
FL 26 8 10
FL 26 9 11
FL 26 10 35
FL 26 11 3
FL 26 12 3
FL 26 13 14
FL 26 16 1
FL 26 17 7
FL 26 18 20
FL 26 19 160
FL 26 20 102
FL 26 21 3
FL 26 22 204
FL 26 23 0
FL 26 25 76
FL 26 27 0
FL 26 29 40
FL 26 30 8
FL 26 31 57
FL 26 32 127
FL 26 33 8
FL 26 34 7
FL 26 35 7
FL 26 36 8
FL 26 38 10
FL 26 39 9
FL 26 40 0
FL 26 41 8
FL 26 42 1
FL 26 44 67
FL 26 46 11
FL 26 49 11
FL 26 51 4
FL 26 52 0
FL 26 53 8
FL 26 54 79
FL 26 56 84
FL 26 57 1
FL 26 59 20
FL 27 2 4
FL 27 5 53
FL 27 8 16
FL 27 10 24
FL 27 11 2736
FL 27 12 12
FL 27 13 15
FL 27 16 471
FL 27 19 68
FL 27 23 0
FL 27 25 72
FL 27 26 38
FL 27 29 107
FL 27 30 12
FL 27 31 76
FL 27 32 146
FL 27 40 0
FL 27 41 14
FL 27 44 115
FL 27 48 0
FL 27 50 539
FL 27 51 2729
FL 27 52 0
FL 27 54 97
FL 27 57 2491
FL 27 58 2
FL 27 60 0
FL 30 1 1
FL 30 2 3
FL 30 3 5
FL 30 4 2
FL 30 5 53
FL 30 8 3
FL 30 9 2
FL 30 10 65
FL 30 11 0
FL 30 12 0
FL 30 13 8
FL 30 16 2
FL 30 17 1
FL 30 18 11
FL 30 19 74
FL 30 20 145
FL 30 21 0
FL 30 22 51
FL 30 23 0
FL 30 25 85
FL 30 26 4
FL 30 27 0
FL 30 29 31
FL 30 31 58
FL 30 32 128
FL 30 33 2
FL 30 35 1028
FL 30 36 3
FL 30 39 2107
FL 30 40 0
FL 30 41 4
FL 30 44 105
FL 30 46 4
FL 30 49 2193
FL 30 51 0
FL 30 52 0
FL 30 53 1
FL 30 54 107
FL 30 56 16
FL 30 57 0
FL 30 59 10
FL 31 46 5
FL 31 49 6
FL 32 30 11
FL 33 1 4
FL 33 3 8
FL 33 4 3
FL 33 5 128
FL 33 8 3
FL 33 10 68
FL 33 12 2
FL 33 13 12
FL 33 23 0
FL 33 26 9
FL 33 29 160
FL 33 30 11
FL 33 31 68
FL 33 35 8
FL 33 36 8
FL 33 38 10
FL 33 40 0
FL 33 41 7
FL 33 44 58
FL 33 46 7
FL 33 49 10
FL 33 51 0
FL 33 53 5
FL 33 54 52
FL 33 56 78
FL 33 59 10
FL 34 1 8
FL 34 3 11
FL 34 8 8
FL 34 9 5
FL 34 11 0
FL 34 12 5
FL 34 13 12
FL 34 16 2
FL 34 17 7
FL 34 19 68
FL 34 20 104
FL 34 21 4
FL 34 23 0
FL 34 25 72
FL 34 26 11
FL 34 29 109
FL 34 40 0
FL 34 41 10
FL 34 42 0
FL 34 47 1
FL 34 52 0
FL 34 55 1
FL 34 59 10
FL 35 1 2
FL 35 3 6
FL 35 4 2
FL 35 5 77
FL 35 8 4
FL 35 9 3
FL 35 17 1
FL 35 18 13
FL 35 22 28
FL 35 26 6
FL 35 30 9
FL 35 33 3
FL 35 36 4
FL 35 38 7
FL 35 39 2
FL 35 46 3
FL 35 49 4
FL 35 51 0
FL 35 53 3
FL 35 54 60
FL 35 56 136
FL 35 59 9
FL 36 1 2
FL 36 3 3
FL 36 4 2
FL 36 5 24
FL 36 8 5
FL 36 9 2
FL 36 12 1
FL 36 13 9
FL 36 17 1
FL 36 18 13
FL 36 22 71
FL 36 26 7
FL 36 30 6
FL 36 31 60
FL 36 33 3
FL 36 35 0
FL 36 38 6
FL 36 39 1
FL 36 41 7
FL 36 42 0
FL 36 46 3
FL 36 49 5
FL 36 51 0
FL 36 53 2
FL 36 54 86
FL 36 56 26
FL 36 59 10
FL 38 4 4
FL 38 9 2
FL 38 17 1
FL 38 18 12
FL 38 22 74
FL 38 26 4
FL 38 33 3
FL 38 35 2
FL 38 36 5
FL 38 39 1
FL 38 46 5
FL 38 49 5
FL 38 51 0
FL 38 53 4
FL 38 54 24
FL 38 56 47
FL 38 59 2455
FL 39 1 2
FL 39 3 6
FL 39 4 3
FL 39 8 5
FL 39 13 11
FL 39 26 6
FL 39 30 6
FL 39 35 2
FL 39 36 4
FL 39 38 9
FL 39 46 3
FL 39 49 4
FL 39 51 0
FL 39 53 4
FL 39 54 68
FL 39 56 53
FL 39 59 10
FL 40 1 1445
FL 40 4 1501
FL 40 8 3035
FL 40 9 2394
FL 40 17 6805
FL 40 18 12
FL 40 21 10044
FL 40 22 132
FL 40 25 193
FL 40 26 1840
FL 40 33 2615
FL 40 34 2313
FL 40 41 1858
FL 40 42 1373
FL 40 53 1539
FL 40 56 101
FL 40 57 0
FL 40 60 0
FL 41 1 1
FL 41 2 4
FL 41 3 6
FL 41 4 2
FL 41 5 53
FL 41 8 2
FL 41 9 1
FL 41 10 55
FL 41 11 0
FL 41 12 0
FL 41 13 9
FL 41 17 1
FL 41 18 12
FL 41 19 157
FL 41 20 116
FL 41 21 1
FL 41 22 33
FL 41 23 0
FL 41 25 90
FL 41 26 5
FL 41 27 0
FL 41 29 52
FL 41 30 2
FL 41 31 156
FL 41 32 85
FL 41 33 1
FL 41 34 2
FL 41 36 4
FL 41 40 0
FL 41 42 0
FL 41 44 125
FL 41 48 0
FL 41 49 5
FL 41 50 1
FL 41 51 0
FL 41 52 0
FL 41 53 2
FL 41 54 50
FL 41 56 211
FL 41 57 0
FL 41 58 1
FL 42 1 16
FL 42 3 12
FL 42 4 15
FL 42 8 17
FL 42 11 2
FL 42 12 366
FL 42 13 13
FL 42 16 5
FL 42 23 0
FL 42 26 17
FL 42 29 113
FL 42 34 23
FL 42 36 14
FL 42 40 0
FL 42 41 14
FL 42 46 12
FL 42 47 5
FL 42 49 21
FL 42 51 2
FL 42 52 0
FL 42 55 5
FL 42 59 22
FL 44 52 0
FL 44 53 2
FL 46 1 2
FL 46 3 5
FL 46 4 3
FL 46 5 49
FL 46 8 5
FL 46 9 3
FL 46 13 8
FL 46 17 1
FL 46 18 11
FL 46 22 91
FL 46 26 6
FL 46 30 6
FL 46 31 136
FL 46 33 4
FL 46 35 1
FL 46 36 1
FL 46 38 6
FL 46 39 1
FL 46 42 0
FL 46 49 4
FL 46 51 0
FL 46 53 2
FL 46 54 64
FL 46 56 64
FL 46 59 10
FL 47 1 13
FL 47 3 18
FL 47 11 0
FL 47 16 5
FL 47 19 121
FL 47 20 109
FL 47 21 12
FL 47 25 18
FL 47 34 19
FL 47 42 10
FL 47 55 1
FL 48 2 3
FL 48 10 104
FL 48 12 8
FL 48 13 12
FL 48 16 2
FL 48 23 0
FL 48 27 0
FL 48 29 103
FL 48 32 124
FL 48 40 0
FL 48 41 8
FL 48 44 124
FL 48 50 0
FL 48 58 1
FL 48 60 0
FL 49 1 4
FL 49 3 5
FL 49 4 3
FL 49 5 46
FL 49 8 4
FL 49 9 3
FL 49 13 10
FL 49 17 1
FL 49 18 11
FL 49 22 70
FL 49 26 8
FL 49 30 7
FL 49 31 85
FL 49 33 4
FL 49 35 3
FL 49 36 3
FL 49 38 6
FL 49 39 2
FL 49 41 5
FL 49 42 0
FL 49 46 6
FL 49 51 0
FL 49 53 4
FL 49 54 33
FL 49 56 44
FL 49 59 10
FL 50 2 4
FL 50 5 94
FL 50 10 76
FL 50 12 1
FL 50 13 12
FL 50 16 590
FL 50 23 0
FL 50 27 2
FL 50 29 178
FL 50 31 95
FL 50 32 129
FL 50 40 0
FL 50 41 5
FL 50 44 90
FL 50 48 0
FL 50 58 0
FL 50 60 0
FL 51 1 13
FL 51 3 12
FL 51 4 10
FL 51 5 77
FL 51 8 12
FL 51 9 12
FL 51 10 81
FL 51 11 2
FL 51 12 4
FL 51 13 12
FL 51 17 11
FL 51 18 18
FL 51 22 42
FL 51 23 0
FL 51 26 12
FL 51 27 0
FL 51 29 51
FL 51 30 12
FL 51 31 80
FL 51 33 12
FL 51 35 10
FL 51 36 13
FL 51 38 15
FL 51 39 10
FL 51 40 0
FL 51 41 11
FL 51 42 2
FL 51 44 79
FL 51 46 11
FL 51 49 15
FL 51 52 0
FL 51 53 14
FL 51 54 68
FL 51 56 95
FL 51 59 17
FL 52 2 565
FL 52 5 68
FL 52 10 84
FL 52 18 18029
FL 52 22 88
FL 52 30 4
FL 52 31 60
FL 52 44 184
FL 52 54 210
FL 52 58 1004
FL 52 60 0
FL 53 1 4
FL 53 3 10
FL 53 4 6
FL 53 5 82
FL 53 8 4
FL 53 9 2
FL 53 10 59
FL 53 12 2
FL 53 13 12
FL 53 17 1
FL 53 18 13
FL 53 22 88
FL 53 23 0
FL 53 26 10
FL 53 29 75
FL 53 30 12
FL 53 31 61
FL 53 33 3
FL 53 35 9
FL 53 36 9
FL 53 38 10
FL 53 39 11
FL 53 40 0
FL 53 41 7
FL 53 44 77
FL 53 46 9
FL 53 49 9
FL 53 51 0
FL 53 54 60
FL 53 56 88
FL 53 59 10
FL 55 1 13
FL 55 3 12
FL 55 11 2
FL 55 16 4
FL 55 19 206
FL 55 20 118
FL 55 21 11
FL 55 23 0
FL 55 25 244
FL 55 29 89
FL 55 34 11
FL 55 42 2
FL 55 47 1
FL 55 52 0
FL 56 10 25
FL 56 40 0
FL 56 41 13
FL 57 2 4
FL 57 5 114
FL 57 8 22
FL 57 10 128
FL 57 12 9
FL 57 13 17
FL 57 17 13
FL 57 26 37
FL 57 27 0
FL 57 30 12
FL 57 31 64
FL 57 40 0
FL 57 41 14
FL 57 44 157
FL 58 2 4
FL 58 12 0
FL 58 13 12
FL 58 16 2
FL 58 23 0
FL 58 27 0
FL 58 29 45
FL 58 32 173
FL 58 40 0
FL 58 41 4
FL 58 48 0
FL 58 50 0
FL 58 52 0
FL 58 60 0
FL 59 1 3
FL 59 3 5
FL 59 4 4
FL 59 5 130
FL 59 8 5
FL 59 9 5
FL 59 10 24
FL 59 11 2
FL 59 12 1
FL 59 13 12
FL 59 16 2
FL 59 17 1
FL 59 18 14
FL 59 19 97
FL 59 20 122
FL 59 21 5
FL 59 22 37
FL 59 23 0
FL 59 25 90
FL 59 26 5
FL 59 29 30
FL 59 30 4
FL 59 31 69
FL 59 33 6
FL 59 34 3
FL 59 35 4
FL 59 36 5
FL 59 38 4
FL 59 39 3
FL 59 40 0
FL 59 42 0
FL 59 46 6
FL 59 49 6
FL 59 51 0
FL 59 52 0
FL 59 53 6
FL 59 54 91
FL 59 56 19
FL 60 2 1846
FL 60 12 4314
FL 60 13 73
FL 60 16 3429
FL 60 23 2945
FL 60 27 11833
FL 60 29 30
FL 60 32 165
FL 60 40 39198
FL 60 48 2489
FL 60 50 2163
FL 60 52 22294
FL 60 58 1225
FL 60 0 25996
FU 0 34 2
FU 0 27 1
FU 0 53 9
FU 0 47 2000
FU 0 36 4
FU 0 16 1
FU 0 21 1
FU 0 39 2
FU 0 48 1
FU 0 1 11
FU 0 13 1
FU 0 11 3
FU 0 58 1
FU 0 3 7
FU 0 50 1
FU 0 35 5
FU 0 23 1
FU 0 33 6
FU 0 9 4
FU 0 2 1
FU 0 57 2
FU 0 17 1
FU 0 49 4
FU 0 46 5
FU 0 8 11
FU 0 12 3
FU 0 41 5
FU 0 38 1
FU 0 59 10
FU 0 30 1
FU 0 51 2
FU 0 4 15
FU 0 55 2000
FU 0 42 13
FU 0 26 24
FU 0 5 39
FU 0 6 2000
FU 0 7 2000
FU 0 10 132
FU 0 14 2000
FU 0 15 2000
FU 0 18 1
FU 0 19 146
FU 0 20 127
FU 0 22 255
FU 0 24 2000
FU 0 25 141
FU 0 28 2000
FU 0 29 61
FU 0 31 74
FU 0 32 93
FU 0 37 2000
FU 0 40 1
FU 0 43 2000
FU 0 44 101
FU 0 45 2000
FU 0 52 1
FU 0 54 183
FU 0 56 103
FU 1 3 0
FU 1 4 0
FU 1 5 23
FU 1 8 0
FU 1 9 0
FU 1 11 0
FU 1 12 0
FU 1 13 0
FU 1 16 0
FU 1 17 0
FU 1 18 0
FU 1 19 80
FU 1 20 155
FU 1 21 0
FU 1 22 108
FU 1 23 0
FU 1 25 50
FU 1 26 0
FU 1 30 0
FU 1 31 55
FU 1 33 0
FU 1 34 0
FU 1 35 0
FU 1 36 0
FU 1 39 0
FU 1 40 0
FU 1 41 0
FU 1 42 0
FU 1 46 0
FU 1 47 0
FU 1 49 0
FU 1 51 0
FU 1 52 0
FU 1 53 0
FU 1 54 57
FU 1 55 0
FU 1 56 10
FU 1 59 0
FU 2 5 113
FU 2 10 236
FU 2 11 5
FU 2 12 6
FU 2 13 3
FU 2 16 1
FU 2 17 0
FU 2 23 0
FU 2 27 0
FU 2 29 78
FU 2 30 5
FU 2 31 32
FU 2 32 132
FU 2 40 0
FU 2 41 9
FU 2 44 102
FU 2 48 0
FU 2 50 2
FU 2 52 0
FU 2 57 10
FU 2 58 0
FU 2 60 0
FU 3 1 0
FU 3 4 0
FU 3 5 100
FU 3 8 0
FU 3 9 0
FU 3 11 0
FU 3 12 0
FU 3 13 0
FU 3 16 0
FU 3 17 0
FU 3 18 0
FU 3 19 27
FU 3 20 164
FU 3 21 0
FU 3 22 52
FU 3 25 93
FU 3 26 0
FU 3 30 0
FU 3 31 119
FU 3 33 0
FU 3 34 0
FU 3 35 0
FU 3 36 0
FU 3 39 0
FU 3 40 0
FU 3 41 0
FU 3 42 0
FU 3 46 0
FU 3 47 0
FU 3 49 0
FU 3 51 0
FU 3 52 0
FU 3 53 0
FU 3 54 70
FU 3 55 0
FU 3 56 11
FU 3 59 0
FU 4 1 0
FU 4 3 0
FU 4 5 68
FU 4 8 0
FU 4 9 0
FU 4 10 116
FU 4 11 0
FU 4 12 0
FU 4 13 0
FU 4 17 0
FU 4 18 0
FU 4 22 102
FU 4 23 0
FU 4 26 0
FU 4 29 99
FU 4 30 0
FU 4 31 67
FU 4 33 0
FU 4 35 0
FU 4 36 0
FU 4 38 0
FU 4 39 0
FU 4 40 0
FU 4 41 0
FU 4 42 0
FU 4 46 0
FU 4 49 0
FU 4 51 0
FU 4 52 0
FU 4 53 0
FU 4 54 66
FU 4 56 59
FU 4 59 0
FU 8 1 0
FU 8 3 0
FU 8 4 0
FU 8 5 57
FU 8 9 0
FU 8 10 79
FU 8 11 0
FU 8 12 0
FU 8 13 0
FU 8 16 0
FU 8 17 0
FU 8 18 0
FU 8 19 221
FU 8 20 172
FU 8 21 0
FU 8 22 77
FU 8 23 0
FU 8 25 63
FU 8 26 0
FU 8 27 0
FU 8 29 84
FU 8 30 0
FU 8 31 169
FU 8 33 0
FU 8 34 0
FU 8 35 0
FU 8 36 0
FU 8 39 0
FU 8 40 0
FU 8 41 0
FU 8 42 0
FU 8 44 107
FU 8 46 0
FU 8 49 0
FU 8 51 0
FU 8 52 0
FU 8 53 0
FU 8 54 60
FU 8 56 109
FU 8 57 0
FU 8 59 0
FU 9 1 0
FU 9 3 0
FU 9 4 0
FU 9 5 49
FU 9 8 0
FU 9 10 52
FU 9 11 0
FU 9 12 0
FU 9 13 0
FU 9 23 0
FU 9 26 0
FU 9 29 7
FU 9 30 0
FU 9 31 31
FU 9 34 0
FU 9 35 0
FU 9 36 0
FU 9 38 0
FU 9 40 0
FU 9 41 0
FU 9 44 71
FU 9 46 0
FU 9 49 0
FU 9 51 0
FU 9 52 0
FU 9 53 0
FU 9 54 124
FU 9 56 65
FU 9 59 0
FU 10 4 0
FU 10 9 0
FU 10 18 0
FU 10 22 69
FU 10 27 0
FU 10 30 0
FU 10 50 0
FU 10 52 0
FU 10 56 62
FU 10 57 0
FU 11 1 0
FU 11 2 0
FU 11 3 0
FU 11 4 0
FU 11 8 0
FU 11 9 0
FU 11 10 122
FU 11 12 0
FU 11 13 0
FU 11 16 0
FU 11 17 0
FU 11 19 227
FU 11 20 125
FU 11 21 0
FU 11 23 0
FU 11 25 70
FU 11 26 0
FU 11 27 0
FU 11 29 42
FU 11 30 0
FU 11 32 190
FU 11 34 0
FU 11 40 0
FU 11 41 0
FU 11 42 0
FU 11 47 0
FU 11 51 0
FU 11 52 0
FU 11 55 0
FU 11 59 0
FU 12 1 1
FU 12 2 2
FU 12 3 3
FU 12 4 4
FU 12 5 179
FU 12 8 5
FU 12 9 2
FU 12 10 58
FU 12 11 2
FU 12 13 1
FU 12 16 0
FU 12 17 0
FU 12 18 0
FU 12 19 98
FU 12 20 140
FU 12 22 185
FU 12 23 0
FU 12 25 169
FU 12 26 2
FU 12 27 0
FU 12 29 125
FU 12 30 2
FU 12 31 204
FU 12 32 167
FU 12 33 1
FU 12 34 1
FU 12 36 0
FU 12 40 0
FU 12 41 2
FU 12 42 984
FU 12 44 161
FU 12 48 0
FU 12 50 0
FU 12 51 0
FU 12 52 0
FU 12 53 2
FU 12 54 79
FU 12 56 37
FU 12 57 0
FU 12 58 0
FU 12 59 8
FU 12 60 0
FU 13 1 0
FU 13 2 0
FU 13 3 0
FU 13 4 0
FU 13 5 27
FU 13 8 0
FU 13 9 0
FU 13 10 98
FU 13 11 0
FU 13 12 0
FU 13 16 0
FU 13 17 0
FU 13 18 0
FU 13 19 112
FU 13 20 65
FU 13 21 0
FU 13 22 112
FU 13 23 0
FU 13 25 175
FU 13 26 1
FU 13 27 0
FU 13 29 37
FU 13 30 0
FU 13 31 41
FU 13 32 56
FU 13 33 0
FU 13 34 0
FU 13 36 0
FU 13 39 0
FU 13 40 0
FU 13 41 1
FU 13 42 0
FU 13 44 117
FU 13 46 0
FU 13 48 0
FU 13 49 0
FU 13 50 0
FU 13 51 0
FU 13 52 0
FU 13 53 0
FU 13 54 98
FU 13 56 55
FU 13 57 0
FU 13 58 0
FU 13 59 0
FU 13 60 0
FU 16 1 0
FU 16 2 547
FU 16 3 0
FU 16 8 0
FU 16 11 0
FU 16 12 607
FU 16 13 0
FU 16 17 0
FU 16 19 92
FU 16 20 159
FU 16 21 0
FU 16 23 0
FU 16 25 148
FU 16 26 0
FU 16 27 0
FU 16 29 137
FU 16 30 0
FU 16 32 130
FU 16 34 0
FU 16 40 0
FU 16 42 0
FU 16 47 0
FU 16 48 0
FU 16 50 491
FU 16 52 0
FU 16 55 0
FU 16 58 0
FU 16 59 0
FU 16 60 0
FU 17 1 0
FU 17 2 0
FU 17 3 0
FU 17 4 0
FU 17 5 101
FU 17 8 0
FU 17 10 12
FU 17 11 0
FU 17 12 0
FU 17 13 0
FU 17 16 0
FU 17 23 0
FU 17 26 0
FU 17 29 54
FU 17 30 0
FU 17 31 59
FU 17 34 0
FU 17 35 0
FU 17 36 0
FU 17 38 1999
FU 17 40 0
FU 17 41 0
FU 17 44 29
FU 17 46 0
FU 17 49 0
FU 17 51 0
FU 17 52 0
FU 17 53 0
FU 17 54 55
FU 17 56 18
FU 17 57 0
FU 17 59 0
FU 18 1 993
FU 18 3 1989
FU 18 4 989
FU 18 10 183
FU 18 13 1983
FU 18 26 982
FU 18 30 1
FU 18 35 995
FU 18 36 1995
FU 18 40 0
FU 18 41 983
FU 18 44 41
FU 18 46 1995
FU 18 52 0
FU 18 53 996
FU 18 56 175
FU 19 8 2
FU 19 12 0
FU 19 27 0
FU 19 30 0
FU 20 30 0
FU 21 1 0
FU 21 3 0
FU 21 8 0
FU 21 11 0
FU 21 13 0
FU 21 16 0
FU 21 23 0
FU 21 26 0
FU 21 29 42
FU 21 30 1991
FU 21 34 0
FU 21 40 0
FU 21 41 0
FU 21 47 0
FU 21 52 0
FU 21 55 0
FU 21 59 0
FU 22 4 2
FU 22 10 102
FU 22 26 2
FU 22 30 0
FU 22 35 1
FU 22 36 1
FU 22 40 0
FU 22 41 2
FU 22 52 0
FU 22 53 3
FU 22 56 141
FU 23 1 0
FU 23 2 0
FU 23 4 0
FU 23 5 100
FU 23 8 0
FU 23 9 0
FU 23 10 23
FU 23 11 0
FU 23 12 0
FU 23 13 0
FU 23 16 0
FU 23 17 0
FU 23 18 0
FU 23 19 46
FU 23 20 102
FU 23 21 0
FU 23 22 54
FU 23 25 147
FU 23 26 0
FU 23 27 0
FU 23 29 13
FU 23 30 0
FU 23 31 32
FU 23 32 155
FU 23 33 0
FU 23 34 0
FU 23 40 0
FU 23 41 0
FU 23 42 0
FU 23 44 91
FU 23 48 0
FU 23 50 0
FU 23 51 0
FU 23 52 0
FU 23 53 0
FU 23 54 65
FU 23 55 0
FU 23 56 92
FU 23 58 0
FU 23 59 0
FU 23 60 0
FU 26 1 0
FU 26 3 1
FU 26 4 0
FU 26 5 96
FU 26 8 0
FU 26 9 0
FU 26 10 31
FU 26 11 0
FU 26 12 0
FU 26 13 0
FU 26 16 0
FU 26 17 0
FU 26 18 0
FU 26 19 171
FU 26 20 102
FU 26 21 0
FU 26 22 196
FU 26 23 0
FU 26 25 81
FU 26 27 0
FU 26 29 42
FU 26 30 0
FU 26 31 55
FU 26 32 131
FU 26 33 1
FU 26 34 1
FU 26 35 0
FU 26 36 0
FU 26 38 0
FU 26 39 0
FU 26 40 0
FU 26 41 1
FU 26 42 0
FU 26 44 68
FU 26 46 0
FU 26 49 1
FU 26 51 0
FU 26 52 0
FU 26 53 1
FU 26 54 78
FU 26 56 79
FU 26 57 0
FU 26 59 2
FU 27 2 0
FU 27 5 54
FU 27 8 0
FU 27 10 15
FU 27 11 1990
FU 27 12 1
FU 27 13 0
FU 27 16 471
FU 27 19 65
FU 27 23 0
FU 27 25 77
FU 27 26 0
FU 27 29 109
FU 27 30 0
FU 27 31 75
FU 27 32 148
FU 27 40 0
FU 27 41 1
FU 27 44 118
FU 27 48 0
FU 27 50 547
FU 27 51 1998
FU 27 52 0
FU 27 54 97
FU 27 57 1988
FU 27 58 0
FU 27 60 0
FU 30 1 0
FU 30 2 0
FU 30 3 0
FU 30 4 0
FU 30 5 50
FU 30 8 0
FU 30 9 0
FU 30 10 75
FU 30 11 0
FU 30 12 0
FU 30 13 0
FU 30 16 0
FU 30 17 0
FU 30 18 0
FU 30 19 67
FU 30 20 141
FU 30 21 0
FU 30 22 50
FU 30 23 0
FU 30 25 78
FU 30 26 0
FU 30 27 0
FU 30 29 34
FU 30 31 58
FU 30 32 132
FU 30 33 0
FU 30 35 999
FU 30 36 0
FU 30 39 1998
FU 30 40 0
FU 30 41 0
FU 30 44 104
FU 30 46 0
FU 30 49 1993
FU 30 51 0
FU 30 52 0
FU 30 53 0
FU 30 54 112
FU 30 56 14
FU 30 57 0
FU 30 59 0
FU 31 46 0
FU 31 49 0
FU 32 30 0
FU 33 1 0
FU 33 3 0
FU 33 4 0
FU 33 5 124
FU 33 8 0
FU 33 10 62
FU 33 12 0
FU 33 13 0
FU 33 23 0
FU 33 26 0
FU 33 29 158
FU 33 30 0
FU 33 31 64
FU 33 35 0
FU 33 36 0
FU 33 38 0
FU 33 40 0
FU 33 41 0
FU 33 44 52
FU 33 46 0
FU 33 49 0
FU 33 51 0
FU 33 53 0
FU 33 54 47
FU 33 56 81
FU 33 59 0
FU 34 1 0
FU 34 3 0
FU 34 8 0
FU 34 9 0
FU 34 11 0
FU 34 12 0
FU 34 13 0
FU 34 16 0
FU 34 17 0
FU 34 19 74
FU 34 20 96
FU 34 21 0
FU 34 23 0
FU 34 25 69
FU 34 26 0
FU 34 29 113
FU 34 40 0
FU 34 41 0
FU 34 42 0
FU 34 47 0
FU 34 52 0
FU 34 55 0
FU 34 59 0
FU 35 1 0
FU 35 3 0
FU 35 4 0
FU 35 5 73
FU 35 8 0
FU 35 9 0
FU 35 17 0
FU 35 18 0
FU 35 22 26
FU 35 26 0
FU 35 30 0
FU 35 33 0
FU 35 36 0
FU 35 38 0
FU 35 39 0
FU 35 46 0
FU 35 49 0
FU 35 51 0
FU 35 53 0
FU 35 54 59
FU 35 56 146
FU 35 59 0
FU 36 1 0
FU 36 3 0
FU 36 4 0
FU 36 5 22
FU 36 8 0
FU 36 9 0
FU 36 12 0
FU 36 13 0
FU 36 17 0
FU 36 18 0
FU 36 22 72
FU 36 26 0
FU 36 30 0
FU 36 31 69
FU 36 33 0
FU 36 35 0
FU 36 38 0
FU 36 39 0
FU 36 41 0
FU 36 42 0
FU 36 46 0
FU 36 49 0
FU 36 51 0
FU 36 53 0
FU 36 54 86
FU 36 56 30
FU 36 59 0
FU 38 4 0
FU 38 9 0
FU 38 17 0
FU 38 18 0
FU 38 22 73
FU 38 26 0
FU 38 33 0
FU 38 35 0
FU 38 36 0
FU 38 39 0
FU 38 46 0
FU 38 49 0
FU 38 51 0
FU 38 53 0
FU 38 54 23
FU 38 56 42
FU 38 59 1980
FU 39 1 0
FU 39 3 0
FU 39 4 0
FU 39 8 0
FU 39 13 0
FU 39 26 0
FU 39 30 0
FU 39 35 0
FU 39 36 0
FU 39 38 0
FU 39 46 0
FU 39 49 0
FU 39 51 0
FU 39 53 0
FU 39 54 66
FU 39 56 58
FU 39 59 0
FU 40 1 994
FU 40 4 990
FU 40 8 1980
FU 40 9 1994
FU 40 17 1999
FU 40 18 0
FU 40 21 1999
FU 40 22 132
FU 40 25 194
FU 40 26 983
FU 40 33 1992
FU 40 34 1993
FU 40 41 992
FU 40 42 1003
FU 40 53 988
FU 40 56 98
FU 40 57 0
FU 40 60 0
FU 41 1 0
FU 41 2 0
FU 41 3 0
FU 41 4 0
FU 41 5 56
FU 41 8 0
FU 41 9 0
FU 41 10 50
FU 41 11 0
FU 41 12 0
FU 41 13 0
FU 41 17 0
FU 41 18 0
FU 41 19 149
FU 41 20 113
FU 41 21 0
FU 41 22 34
FU 41 23 0
FU 41 25 92
FU 41 26 0
FU 41 27 0
FU 41 29 53
FU 41 30 0
FU 41 31 150
FU 41 32 85
FU 41 33 0
FU 41 34 0
FU 41 36 0
FU 41 40 0
FU 41 42 0
FU 41 44 126
FU 41 48 0
FU 41 49 0
FU 41 50 0
FU 41 51 0
FU 41 52 0
FU 41 53 0
FU 41 54 50
FU 41 56 209
FU 41 57 0
FU 41 58 0
FU 42 1 1
FU 42 3 0
FU 42 4 0
FU 42 8 0
FU 42 11 0
FU 42 12 297
FU 42 13 0
FU 42 16 0
FU 42 23 0
FU 42 26 0
FU 42 29 115
FU 42 34 2
FU 42 36 0
FU 42 40 0
FU 42 41 1
FU 42 46 0
FU 42 47 0
FU 42 49 1
FU 42 51 0
FU 42 52 0
FU 42 55 0
FU 42 59 0
FU 44 52 0
FU 44 53 0
FU 46 1 0
FU 46 3 0
FU 46 4 0
FU 46 5 51
FU 46 8 0
FU 46 9 0
FU 46 13 0
FU 46 17 0
FU 46 18 0
FU 46 22 97
FU 46 26 0
FU 46 30 0
FU 46 31 133
FU 46 33 0
FU 46 35 0
FU 46 36 0
FU 46 38 0
FU 46 39 0
FU 46 42 0
FU 46 49 0
FU 46 51 0
FU 46 53 0
FU 46 54 65
FU 46 56 62
FU 46 59 0
FU 47 1 0
FU 47 3 0
FU 47 11 0
FU 47 16 0
FU 47 19 129
FU 47 20 103
FU 47 21 0
FU 47 25 16
FU 47 34 0
FU 47 42 0
FU 47 55 0
FU 48 2 0
FU 48 10 98
FU 48 12 0
FU 48 13 0
FU 48 16 0
FU 48 23 0
FU 48 27 0
FU 48 29 100
FU 48 32 124
FU 48 40 0
FU 48 41 0
FU 48 44 125
FU 48 50 0
FU 48 58 0
FU 48 60 0
FU 49 1 0
FU 49 3 0
FU 49 4 0
FU 49 5 57
FU 49 8 0
FU 49 9 0
FU 49 13 0
FU 49 17 0
FU 49 18 0
FU 49 22 68
FU 49 26 0
FU 49 30 0
FU 49 31 83
FU 49 33 0
FU 49 35 0
FU 49 36 0
FU 49 38 0
FU 49 39 0
FU 49 41 1
FU 49 42 0
FU 49 46 0
FU 49 51 0
FU 49 53 0
FU 49 54 30
FU 49 56 46
FU 49 59 0
FU 50 2 0
FU 50 5 93
FU 50 10 83
FU 50 12 0
FU 50 13 0
FU 50 16 527
FU 50 23 0
FU 50 27 0
FU 50 29 184
FU 50 31 96
FU 50 32 125
FU 50 40 0
FU 50 41 0
FU 50 44 99
FU 50 48 0
FU 50 58 0
FU 50 60 0
FU 51 1 0
FU 51 3 0
FU 51 4 0
FU 51 5 75
FU 51 8 0
FU 51 9 0
FU 51 10 81
FU 51 11 0
FU 51 12 0
FU 51 13 0
FU 51 17 0
FU 51 18 0
FU 51 22 35
FU 51 23 0
FU 51 26 0
FU 51 27 0
FU 51 29 49
FU 51 30 0
FU 51 31 88
FU 51 33 0
FU 51 35 0
FU 51 36 0
FU 51 38 0
FU 51 39 0
FU 51 40 0
FU 51 41 0
FU 51 42 0
FU 51 44 73
FU 51 46 0
FU 51 49 0
FU 51 52 0
FU 51 53 0
FU 51 54 70
FU 51 56 89
FU 51 59 0
FU 52 2 545
FU 52 5 62
FU 52 10 89
FU 52 18 1999
FU 52 22 79
FU 52 30 0
FU 52 31 63
FU 52 44 184
FU 52 54 209
FU 52 58 997
FU 52 60 0
FU 53 1 0
FU 53 3 0
FU 53 4 0
FU 53 5 84
FU 53 8 0
FU 53 9 0
FU 53 10 67
FU 53 12 0
FU 53 13 0
FU 53 17 0
FU 53 18 0
FU 53 22 89
FU 53 23 0
FU 53 26 0
FU 53 29 73
FU 53 30 0
FU 53 31 58
FU 53 33 0
FU 53 35 0
FU 53 36 0
FU 53 38 0
FU 53 39 0
FU 53 40 0
FU 53 41 0
FU 53 44 74
FU 53 46 0
FU 53 49 0
FU 53 51 0
FU 53 54 62
FU 53 56 88
FU 53 59 0
FU 55 1 0
FU 55 3 0
FU 55 11 0
FU 55 16 0
FU 55 19 203
FU 55 20 115
FU 55 21 0
FU 55 23 0
FU 55 25 244
FU 55 29 94
FU 55 34 1
FU 55 42 0
FU 55 47 0
FU 55 52 0
FU 56 10 29
FU 56 40 0
FU 56 41 1
FU 57 2 0
FU 57 5 121
FU 57 8 2
FU 57 10 82
FU 57 12 0
FU 57 13 0
FU 57 17 0
FU 57 26 6
FU 57 27 0
FU 57 30 0
FU 57 31 58
FU 57 40 0
FU 57 41 1
FU 57 44 157
FU 58 2 0
FU 58 12 0
FU 58 13 0
FU 58 16 0
FU 58 23 0
FU 58 27 0
FU 58 29 42
FU 58 32 172
FU 58 40 0
FU 58 41 0
FU 58 48 0
FU 58 50 0
FU 58 52 0
FU 58 60 0
FU 59 1 0
FU 59 3 0
FU 59 4 0
FU 59 5 126
FU 59 8 0
FU 59 9 0
FU 59 10 25
FU 59 11 0
FU 59 12 0
FU 59 13 0
FU 59 16 0
FU 59 17 0
FU 59 18 0
FU 59 19 93
FU 59 20 121
FU 59 21 0
FU 59 22 35
FU 59 23 0
FU 59 25 93
FU 59 26 0
FU 59 29 27
FU 59 30 0
FU 59 31 67
FU 59 33 0
FU 59 34 0
FU 59 35 0
FU 59 36 0
FU 59 38 0
FU 59 39 0
FU 59 40 0
FU 59 42 0
FU 59 46 0
FU 59 49 1
FU 59 51 0
FU 59 52 0
FU 59 53 1
FU 59 54 89
FU 59 56 21
FU 60 2 905
FU 60 12 1086
FU 60 13 12
FU 60 16 1000
FU 60 23 1999
FU 60 27 1999
FU 60 29 28
FU 60 32 160
FU 60 40 1999
FU 60 48 1999
FU 60 50 959
FU 60 52 1999
FU 60 58 1002
FU 60 0 2000
