Nodes: 61
Arcs: 854
Terminals_rem: 5
Nodes_rem: 7
Arcs_rem: 291
First LB: 6
LB: 6
Iter. LB: 0
First UB: 32
UB: 11
Iter. UB: 263
gap: 45.4545
BM. Time: 0
Runtime: 252
FL 0 58 2489
FL 0 35 0
FL 0 54 22
FL 0 11 41
FL 0 52 17
FL 0 56 2000
FL 0 23 12
FL 0 20 12
FL 0 3 21
FL 0 17 42
FL 0 6 74
FL 0 12 58
FL 0 42 18
FL 0 5 30
FL 0 1 2000
FL 0 44 2000
FL 0 46 18
FL 0 22 21
FL 0 47 9
FL 0 37 51
FL 0 55 10
FL 0 18 30
FL 0 7 30
FL 0 60 38
FL 0 38 10
FL 0 13 115
FL 0 30 26
FL 0 15 23
FL 0 14 93
FL 0 2 47
FL 0 31 2000
FL 0 49 2000
FL 0 41 21
FL 0 59 25
FL 0 4 500
FL 0 8 981
FL 0 9 412
FL 0 10 1587
FL 0 16 247
FL 0 19 209
FL 0 21 418
FL 0 24 690
FL 0 25 967
FL 0 26 585
FL 0 28 452
FL 0 29 649
FL 0 32 625
FL 0 33 433
FL 0 34 449
FL 0 36 1
FL 0 39 265
FL 0 40 703
FL 0 43 2000
FL 0 45 2000
FL 0 48 478
FL 0 50 1425
FL 0 51 1539
FL 0 53 599
FL 0 57 110
FL 2 4 352
FL 2 5 4
FL 2 10 92
FL 2 11 12
FL 2 12 8
FL 2 13 12
FL 2 14 6
FL 2 15 4
FL 2 17 3
FL 2 25 133
FL 2 28 38
FL 2 37 7
FL 2 57 168
FL 2 58 0
FL 2 59 2055
FL 2 60 7
FL 3 7 911
FL 3 9 231
FL 3 16 30
FL 3 18 6
FL 3 20 2
FL 3 32 210
FL 3 35 0
FL 3 38 1
FL 3 41 9
FL 3 42 3
FL 3 47 1
FL 3 50 55
FL 3 53 302
FL 3 54 614
FL 4 2 10
FL 4 6 24
FL 4 10 134
FL 4 12 13
FL 4 17 9
FL 4 28 46
FL 5 2 7
FL 5 6 7
FL 5 8 39
FL 5 10 12
FL 5 11 11
FL 5 12 6
FL 5 13 16
FL 5 14 8
FL 5 17 3
FL 5 37 6
FL 5 57 91
FL 5 58 0
FL 6 4 300
FL 6 5 5
FL 6 8 48
FL 6 10 43
FL 6 11 10
FL 6 12 6
FL 6 13 15
FL 6 14 9
FL 6 17 4
FL 6 24 364
FL 6 26 681
FL 6 29 550
FL 6 30 2
FL 6 34 31
FL 6 37 10
FL 6 57 198
FL 6 59 4
FL 7 3 5
FL 7 9 209
FL 7 14 9
FL 7 16 43
FL 7 18 6
FL 7 20 5
FL 7 25 167
FL 7 28 44
FL 7 32 164
FL 7 38 5
FL 7 41 6
FL 7 42 5
FL 7 50 72
FL 7 53 432
FL 7 54 6
FL 7 60 6
FL 8 5 8
FL 8 12 15
FL 8 13 19
FL 8 24 559
FL 8 29 449
FL 8 30 898
FL 8 34 53
FL 8 37 11
FL 9 3 6
FL 9 16 33
FL 9 18 5
FL 9 41 6
FL 9 50 109
FL 9 60 12
FL 10 2 15
FL 10 4 212
FL 10 5 11
FL 10 8 250
FL 10 11 15
FL 10 13 19
FL 10 14 13
FL 10 15 7
FL 10 17 15
FL 10 25 218
FL 10 28 43
FL 10 37 13
FL 10 40 137
FL 10 57 197
FL 10 58 0
FL 11 2 6
FL 11 5 5
FL 11 6 9
FL 11 8 67
FL 11 10 72
FL 11 12 1464
FL 11 13 17
FL 11 15 384
FL 11 17 5
FL 11 22 364
FL 11 28 118
FL 11 34 37
FL 11 36 0
FL 11 40 169
FL 11 51 13
FL 11 52 566
FL 11 57 144
FL 12 2 7
FL 12 4 166
FL 12 5 4
FL 12 6 11
FL 12 8 55
FL 12 10 69
FL 12 11 7
FL 12 13 16
FL 12 14 8
FL 12 15 3
FL 12 17 4
FL 12 25 95
FL 12 28 80
FL 12 37 8
FL 12 57 177
FL 12 58 0
FL 13 2 4732
FL 13 5 2113
FL 13 6 1311
FL 13 8 22
FL 13 10 42
FL 13 11 124
FL 13 12 1099
FL 13 14 5
FL 13 15 238
FL 13 17 2343
FL 13 22 2
FL 13 23 1
FL 13 24 467
FL 13 26 734
FL 13 28 82
FL 13 29 488
FL 13 30 1121
FL 13 34 23
FL 13 36 0
FL 13 37 605
FL 13 40 121
FL 13 51 36
FL 13 52 3
FL 13 57 182
FL 14 2 8
FL 14 5 7
FL 14 6 24
FL 14 7 460
FL 14 8 205
FL 14 10 63
FL 14 12 9
FL 14 13 19
FL 14 15 113
FL 14 16 36
FL 14 17 8
FL 14 28 56
FL 14 40 133
FL 14 50 57
FL 14 54 361
FL 14 57 179
FL 14 58 0
FL 14 60 152
FL 15 2 11
FL 15 4 293
FL 15 10 148
FL 15 11 14
FL 15 12 9
FL 15 13 15
FL 15 14 13
FL 15 19 46
FL 15 22 5
FL 15 23 6
FL 15 25 121
FL 15 28 28
FL 15 34 72
FL 15 37 11
FL 15 39 224
FL 15 40 124
FL 15 46 214
FL 15 51 67
FL 15 52 5
FL 15 58 0
FL 15 60 11
FL 16 3 1086
FL 16 7 1719
FL 16 9 185
FL 16 14 2273
FL 16 18 1568
FL 16 20 1072
FL 16 25 205
FL 16 32 216
FL 16 35 1
FL 16 36 1
FL 16 42 1113
FL 16 50 142
FL 16 54 1211
FL 16 55 80
FL 16 60 2480
FL 17 2 7
FL 17 4 156
FL 17 5 4
FL 17 6 8
FL 17 10 85
FL 17 11 12
FL 17 12 7
FL 17 13 16
FL 17 14 7
FL 17 23 3
FL 17 28 28
FL 17 37 9
FL 17 57 125
FL 17 58 0
FL 17 59 4
FL 18 3 4
FL 18 7 5
FL 18 9 178
FL 18 16 32
FL 18 20 3
FL 18 25 95
FL 18 32 156
FL 18 38 2
FL 18 41 8
FL 18 42 3
FL 18 50 82
FL 18 53 230
FL 18 54 5
FL 18 60 8
FL 19 15 1749
FL 19 21 279
FL 19 22 2571
FL 19 23 1346
FL 19 27 0
FL 19 28 1005
FL 19 33 249
FL 19 34 4716
FL 19 36 5
FL 19 39 537
FL 19 46 1137
FL 19 48 644
FL 19 51 2072
FL 19 52 1551
FL 19 55 468
FL 20 3 5
FL 20 7 6
FL 20 16 24
FL 20 18 4
FL 20 41 5
FL 20 50 79
FL 20 54 3
FL 20 60 7
FL 21 19 1845
FL 21 27 0
FL 21 48 596
FL 21 55 143
FL 22 11 1103
FL 22 13 14
FL 22 15 4
FL 22 19 37
FL 22 23 5
FL 22 28 107
FL 22 34 40
FL 22 37 9
FL 22 39 310
FL 22 40 134
FL 22 46 221
FL 22 51 32
FL 22 52 5
FL 23 10 138
FL 23 13 13
FL 23 15 4
FL 23 17 7
FL 23 19 41
FL 23 22 3
FL 23 28 61
FL 23 34 52
FL 23 36 0
FL 23 40 110
FL 23 51 22
FL 23 52 3
FL 23 57 82
FL 23 60 10
FL 24 8 80
FL 25 2 19
FL 25 7 7
FL 25 10 225
FL 25 15 7
FL 25 16 69
FL 25 18 5
FL 25 28 43
FL 25 50 188
FL 25 54 7
FL 25 58 0
FL 25 60 13
FL 27 19 17493
FL 27 21 3311
FL 27 33 1327
FL 27 35 24686
FL 27 36 31669
FL 27 55 7787
FL 27 0 31727
FL 28 4 257
FL 28 10 93
FL 28 17 9
FL 28 25 102
FL 28 46 356
FL 28 58 0
FL 29 8 136
FL 30 6 16
FL 30 8 14
FL 30 13 17
FL 32 3 6
FL 32 7 9
FL 32 16 60
FL 32 18 6
FL 32 41 5
FL 32 50 181
FL 32 54 6
FL 32 60 15
FL 33 19 123
FL 33 27 0
FL 33 36 1
FL 33 40 167
FL 33 46 423
FL 33 55 95
FL 34 6 2777
FL 34 8 1956
FL 34 46 5
FL 35 3 2772
FL 35 16 7282
FL 35 27 0
FL 35 36 0
FL 35 41 11069
FL 35 48 417
FL 35 55 1148
FL 36 11 3303
FL 36 13 17486
FL 36 16 320
FL 36 19 226
FL 36 23 912
FL 36 27 0
FL 36 33 321
FL 36 34 502
FL 36 35 0
FL 36 37 595
FL 36 40 2813
FL 36 46 820
FL 36 51 2342
FL 36 55 37
FL 37 2 8
FL 37 5 9
FL 37 6 8
FL 37 8 94
FL 37 10 106
FL 37 12 8
FL 37 13 14
FL 37 15 4
FL 37 17 6
FL 37 22 3
FL 37 28 90
FL 37 34 72
FL 37 36 0
FL 37 40 124
FL 37 51 22
FL 37 52 5
FL 37 57 160
FL 38 3 5
FL 38 7 5
FL 38 18 5
FL 38 41 5
FL 38 50 67
FL 39 40 130
FL 40 10 174
FL 40 11 10
FL 40 13 17
FL 40 14 1390
FL 40 15 128
FL 40 22 147
FL 40 23 249
FL 40 28 61
FL 40 33 168
FL 40 34 247
FL 40 36 0
FL 40 37 327
FL 40 39 180
FL 40 51 45
FL 40 52 209
FL 40 60 342
FL 41 3 435
FL 41 7 7
FL 41 9 268
FL 41 18 1141
FL 41 20 1021
FL 41 32 290
FL 41 35 0
FL 41 38 2064
FL 41 42 1036
FL 41 47 2072
FL 41 50 61
FL 41 53 208
FL 41 54 564
FL 42 3 4
FL 42 7 5
FL 42 16 28
FL 42 18 5
FL 42 41 5
FL 42 50 134
FL 42 54 5
FL 42 60 11
FL 46 15 316
FL 46 19 51
FL 46 22 459
FL 46 28 58
FL 46 33 154
FL 46 34 36
FL 46 36 0
FL 46 39 242
FL 46 51 109
FL 46 52 5
FL 47 3 6
FL 47 41 6
FL 47 50 74
FL 48 19 106
FL 48 21 288
FL 48 35 0
FL 48 55 66
FL 50 3 9
FL 50 7 10
FL 50 9 179
FL 50 14 31
FL 50 16 80
FL 50 18 9
FL 50 20 7
FL 50 25 217
FL 50 32 229
FL 50 38 5
FL 50 41 10
FL 50 42 9
FL 50 47 4
FL 50 53 350
FL 50 54 8
FL 50 60 19
FL 51 11 754
FL 51 13 17
FL 51 15 432
FL 51 19 55
FL 51 22 439
FL 51 28 64
FL 51 34 262
FL 51 36 0
FL 51 37 1048
FL 51 39 226
FL 51 40 174
FL 51 46 232
FL 51 52 664
FL 52 11 24
FL 52 13 37
FL 52 15 7
FL 52 19 41
FL 52 22 7
FL 52 23 6
FL 52 28 143
FL 52 34 146
FL 52 37 23
FL 52 39 146
FL 52 40 381
FL 52 46 4
FL 52 51 68
FL 53 3 6
FL 53 18 9
FL 53 41 6
FL 53 50 270
FL 54 3 5
FL 54 7 4
FL 54 9 225
FL 54 14 7
FL 54 16 23
FL 54 18 6
FL 54 20 5
FL 54 25 66
FL 54 32 216
FL 54 41 6
FL 54 42 5
FL 54 50 75
FL 54 53 170
FL 54 60 5
FL 55 16 7007
FL 55 19 56
FL 55 21 288
FL 55 27 0
FL 55 33 157
FL 55 35 1
FL 55 36 0
FL 55 48 325
FL 58 2 9
FL 58 5 6
FL 58 10 82
FL 58 12 8
FL 58 14 12
FL 58 15 7
FL 58 17 8
FL 58 25 118
FL 58 28 52
FL 58 57 187
FL 59 2 7
FL 59 6 11
FL 59 8 65
FL 59 17 5
FL 60 2 8
FL 60 7 6
FL 60 9 284
FL 60 14 6
FL 60 15 7
FL 60 16 38
FL 60 18 6
FL 60 20 6
FL 60 23 6
FL 60 25 79
FL 60 28 118
FL 60 32 182
FL 60 40 274
FL 60 42 5
FL 60 50 105
FL 60 54 6
FU 0 58 2000
FU 0 35 1
FU 0 54 5
FU 0 11 10
FU 0 52 9
FU 0 56 2000
FU 0 23 3
FU 0 20 3
FU 0 3 8
FU 0 17 1
FU 0 6 12
FU 0 12 9
FU 0 42 3
FU 0 5 1
FU 0 1 2000
FU 0 44 2000
FU 0 46 5
FU 0 22 5
FU 0 47 1
FU 0 37 11
FU 0 55 2
FU 0 18 6
FU 0 7 8
FU 0 60 8
FU 0 38 1
FU 0 13 3
FU 0 30 7
FU 0 15 13
FU 0 14 16
FU 0 2 1
FU 0 31 2000
FU 0 49 2000
FU 0 41 2
FU 0 59 1
FU 0 4 343
FU 0 8 375
FU 0 9 308
FU 0 10 595
FU 0 16 71
FU 0 19 99
FU 0 21 332
FU 0 24 635
FU 0 25 496
FU 0 26 586
FU 0 28 229
FU 0 29 535
FU 0 32 378
FU 0 33 398
FU 0 34 223
FU 0 36 2
FU 0 39 224
FU 0 40 86
FU 0 43 2000
FU 0 45 2000
FU 0 48 396
FU 0 50 545
FU 0 51 423
FU 0 53 387
FU 0 57 113
FU 2 4 330
FU 2 5 0
FU 2 10 97
FU 2 11 4
FU 2 12 1
FU 2 13 0
FU 2 14 0
FU 2 15 0
FU 2 17 0
FU 2 25 148
FU 2 28 56
FU 2 37 0
FU 2 57 169
FU 2 58 0
FU 2 59 1999
FU 2 60 0
FU 3 7 778
FU 3 9 215
FU 3 16 53
FU 3 18 0
FU 3 20 0
FU 3 32 202
FU 3 35 0
FU 3 38 0
FU 3 41 0
FU 3 42 0
FU 3 47 0
FU 3 50 58
FU 3 53 290
FU 3 54 513
FU 4 2 0
FU 4 6 4
FU 4 10 120
FU 4 12 1
FU 4 17 0
FU 4 28 39
FU 5 2 0
FU 5 6 0
FU 5 8 26
FU 5 10 14
FU 5 11 0
FU 5 12 0
FU 5 13 0
FU 5 14 0
FU 5 17 0
FU 5 37 0
FU 5 57 97
FU 5 58 0
FU 6 4 289
FU 6 5 0
FU 6 8 51
FU 6 10 46
FU 6 11 0
FU 6 12 2
FU 6 13 0
FU 6 14 0
FU 6 17 0
FU 6 24 351
FU 6 26 684
FU 6 29 539
FU 6 30 0
FU 6 34 16
FU 6 37 0
FU 6 57 197
FU 6 59 0
FU 7 3 0
FU 7 9 201
FU 7 14 0
FU 7 16 19
FU 7 18 0
FU 7 20 0
FU 7 25 153
FU 7 28 35
FU 7 32 148
FU 7 38 0
FU 7 41 0
FU 7 42 0
FU 7 50 74
FU 7 53 397
FU 7 54 0
FU 7 60 0
FU 8 5 0
FU 8 12 3
FU 8 13 0
FU 8 24 550
FU 8 29 444
FU 8 30 886
FU 8 34 66
FU 8 37 0
FU 9 3 2
FU 9 16 19
FU 9 18 0
FU 9 41 0
FU 9 50 96
FU 9 60 0
FU 10 2 0
FU 10 4 204
FU 10 5 0
FU 10 8 121
FU 10 11 1
FU 10 13 0
FU 10 14 0
FU 10 15 0
FU 10 17 0
FU 10 25 195
FU 10 28 39
FU 10 37 0
FU 10 40 36
FU 10 57 195
FU 10 58 0
FU 11 2 0
FU 11 5 0
FU 11 6 0
FU 11 8 73
FU 11 10 62
FU 11 12 976
FU 11 13 0
FU 11 15 315
FU 11 17 0
FU 11 22 305
FU 11 28 122
FU 11 34 40
FU 11 36 0
FU 11 40 211
FU 11 51 19
FU 11 52 522
FU 11 57 133
FU 12 2 0
FU 12 4 174
FU 12 5 0
FU 12 6 1
FU 12 8 48
FU 12 10 77
FU 12 11 0
FU 12 13 0
FU 12 14 0
FU 12 15 0
FU 12 17 0
FU 12 25 87
FU 12 28 73
FU 12 37 0
FU 12 57 181
FU 12 58 0
FU 13 2 1999
FU 13 5 1999
FU 13 6 975
FU 13 8 29
FU 13 10 82
FU 13 11 225
FU 13 12 1007
FU 13 14 0
FU 13 15 184
FU 13 17 1999
FU 13 22 0
FU 13 23 0
FU 13 24 464
FU 13 26 730
FU 13 28 91
FU 13 29 482
FU 13 30 1107
FU 13 34 43
FU 13 36 0
FU 13 37 554
FU 13 40 64
FU 13 51 83
FU 13 52 0
FU 13 57 184
FU 14 2 0
FU 14 5 0
FU 14 6 1
FU 14 7 267
FU 14 8 117
FU 14 10 45
FU 14 12 0
FU 14 13 0
FU 14 15 105
FU 14 16 17
FU 14 17 0
FU 14 28 57
FU 14 40 46
FU 14 50 54
FU 14 54 238
FU 14 57 185
FU 14 58 0
FU 14 60 112
FU 15 2 0
FU 15 4 253
FU 15 10 127
FU 15 11 0
FU 15 12 0
FU 15 13 0
FU 15 14 0
FU 15 19 48
FU 15 22 0
FU 15 23 0
FU 15 25 104
FU 15 28 28
FU 15 34 46
FU 15 37 0
FU 15 39 232
FU 15 40 25
FU 15 46 176
FU 15 51 67
FU 15 52 0
FU 15 58 0
FU 15 60 0
FU 16 3 654
FU 16 7 947
FU 16 9 178
FU 16 14 1637
FU 16 18 998
FU 16 20 998
FU 16 25 174
FU 16 32 217
FU 16 35 0
FU 16 36 0
FU 16 42 1001
FU 16 50 111
FU 16 54 718
FU 16 55 100
FU 16 60 1681
FU 17 2 0
FU 17 4 156
FU 17 5 0
FU 17 6 1
FU 17 10 89
FU 17 11 0
FU 17 12 1
FU 17 13 0
FU 17 14 0
FU 17 23 0
FU 17 28 29
FU 17 37 0
FU 17 57 123
FU 17 58 0
FU 17 59 0
FU 18 3 0
FU 18 7 0
FU 18 9 157
FU 18 16 18
FU 18 20 0
FU 18 25 117
FU 18 32 158
FU 18 38 0
FU 18 41 0
FU 18 42 0
FU 18 50 85
FU 18 53 208
FU 18 54 0
FU 18 60 0
FU 19 15 696
FU 19 21 221
FU 19 22 867
FU 19 23 927
FU 19 27 0
FU 19 28 474
FU 19 33 254
FU 19 34 882
FU 19 36 0
FU 19 39 470
FU 19 46 495
FU 19 48 482
FU 19 51 504
FU 19 52 778
FU 19 55 261
FU 20 3 0
FU 20 7 0
FU 20 16 6
FU 20 18 0
FU 20 41 0
FU 20 50 68
FU 20 54 0
FU 20 60 0
FU 21 19 398
FU 21 27 0
FU 21 48 472
FU 21 55 132
FU 22 11 420
FU 22 13 0
FU 22 15 0
FU 22 19 28
FU 22 23 0
FU 22 28 106
FU 22 34 59
FU 22 37 0
FU 22 39 299
FU 22 40 65
FU 22 46 211
FU 22 51 56
FU 22 52 0
FU 23 10 117
FU 23 13 0
FU 23 15 0
FU 23 17 0
FU 23 19 20
FU 23 22 0
FU 23 28 63
FU 23 34 46
FU 23 36 0
FU 23 40 35
FU 23 51 48
FU 23 52 0
FU 23 57 78
FU 23 60 0
FU 24 8 67
FU 25 2 0
FU 25 7 0
FU 25 10 170
FU 25 15 0
FU 25 16 29
FU 25 18 0
FU 25 28 43
FU 25 50 151
FU 25 54 1
FU 25 58 0
FU 25 60 0
FU 27 19 995
FU 27 21 930
FU 27 33 629
FU 27 35 1999
FU 27 36 1998
FU 27 55 931
FU 27 0 2000
FU 28 4 251
FU 28 10 66
FU 28 17 0
FU 28 25 92
FU 28 46 236
FU 28 58 0
FU 29 8 69
FU 30 6 10
FU 30 8 16
FU 30 13 0
FU 32 3 1
FU 32 7 0
FU 32 16 26
FU 32 18 2
FU 32 41 0
FU 32 50 117
FU 32 54 4
FU 32 60 0
FU 33 19 62
FU 33 27 0
FU 33 36 0
FU 33 40 36
FU 33 46 239
FU 33 55 99
FU 34 6 996
FU 34 8 876
FU 34 46 0
FU 35 3 948
FU 35 16 748
FU 35 27 0
FU 35 36 0
FU 35 41 1998
FU 35 48 362
FU 35 55 263
FU 36 11 975
FU 36 13 1997
FU 36 16 301
FU 36 19 99
FU 36 23 855
FU 36 27 0
FU 36 33 267
FU 36 34 203
FU 36 35 0
FU 36 37 522
FU 36 40 490
FU 36 46 484
FU 36 51 552
FU 36 55 104
FU 37 2 0
FU 37 5 0
FU 37 6 0
FU 37 8 80
FU 37 10 105
FU 37 12 0
FU 37 13 0
FU 37 15 0
FU 37 17 0
FU 37 22 0
FU 37 28 77
FU 37 34 72
FU 37 36 0
FU 37 40 50
FU 37 51 46
FU 37 52 0
FU 37 57 163
FU 38 3 0
FU 38 7 0
FU 38 18 0
FU 38 41 0
FU 38 50 67
FU 39 40 46
FU 40 10 107
FU 40 11 4
FU 40 13 0
FU 40 14 344
FU 40 15 114
FU 40 22 178
FU 40 23 214
FU 40 28 58
FU 40 33 170
FU 40 34 103
FU 40 36 0
FU 40 37 198
FU 40 39 178
FU 40 51 79
FU 40 52 176
FU 40 60 198
FU 41 3 370
FU 41 7 0
FU 41 9 285
FU 41 18 993
FU 41 20 999
FU 41 32 270
FU 41 35 0
FU 41 38 1999
FU 41 42 996
FU 41 47 1999
FU 41 50 56
FU 41 53 203
FU 41 54 521
FU 42 3 0
FU 42 7 0
FU 42 16 8
FU 42 18 0
FU 42 41 0
FU 42 50 118
FU 42 54 0
FU 42 60 0
FU 46 15 246
FU 46 19 60
FU 46 22 370
FU 46 28 43
FU 46 33 150
FU 46 34 22
FU 46 36 0
FU 46 39 237
FU 46 51 73
FU 46 52 0
FU 47 3 0
FU 47 41 0
FU 47 50 79
FU 48 19 65
FU 48 21 274
FU 48 35 0
FU 48 55 108
FU 50 3 2
FU 50 7 0
FU 50 9 178
FU 50 14 3
FU 50 16 22
FU 50 18 1
FU 50 20 0
FU 50 25 180
FU 50 32 214
FU 50 38 0
FU 50 41 0
FU 50 42 0
FU 50 47 0
FU 50 53 350
FU 50 54 0
FU 50 60 1
FU 51 11 352
FU 51 13 0
FU 51 15 326
FU 51 19 36
FU 51 22 275
FU 51 28 49
FU 51 34 103
FU 51 36 0
FU 51 37 711
FU 51 39 211
FU 51 40 23
FU 51 46 154
FU 51 52 515
FU 52 11 9
FU 52 13 0
FU 52 15 1
FU 52 19 28
FU 52 22 0
FU 52 23 1
FU 52 28 120
FU 52 34 76
FU 52 37 4
FU 52 39 149
FU 52 40 69
FU 52 46 0
FU 52 51 50
FU 53 3 15
FU 53 18 0
FU 53 41 0
FU 53 50 156
FU 54 3 0
FU 54 7 0
FU 54 9 209
FU 54 14 0
FU 54 16 3
FU 54 18 0
FU 54 20 0
FU 54 25 64
FU 54 32 225
FU 54 41 0
FU 54 42 0
FU 54 50 77
FU 54 53 165
FU 54 60 0
FU 55 16 654
FU 55 19 62
FU 55 21 243
FU 55 27 0
FU 55 33 132
FU 55 35 0
FU 55 36 0
FU 55 48 288
FU 58 2 0
FU 58 5 0
FU 58 10 81
FU 58 12 0
FU 58 14 0
FU 58 15 0
FU 58 17 0
FU 58 25 116
FU 58 28 44
FU 58 57 182
FU 59 2 0
FU 59 6 0
FU 59 8 52
FU 59 17 0
FU 60 2 0
FU 60 7 0
FU 60 9 269
FU 60 14 0
FU 60 15 0
FU 60 16 6
FU 60 18 0
FU 60 20 0
FU 60 23 0
FU 60 25 74
FU 60 28 125
FU 60 32 188
FU 60 40 718
FU 60 42 0
FU 60 50 88
FU 60 54 0
