Nodes: 31
Arcs: 318
Terminals_rem: 0
Nodes_rem: 0
Arcs_rem: 39
First LB: 0
LB: 0
Iter. LB: 0
First UB: 12
UB: 5
Iter. UB: 10
gap: 100
BM. Time: 0
Runtime: 67
FL 0 3 10
FL 0 14 9
FL 0 24 2
FL 0 21 5
FL 0 18 5
FL 0 15 30
FL 0 17 23
FL 0 2 3
FL 0 9 20
FL 0 6 3
FL 0 26 22
FL 0 10 20
FL 0 5 12
FL 0 28 59
FL 0 25 15
FL 0 4 15
FL 0 1 146
FL 0 7 137
FL 0 8 57
FL 0 11 518
FL 0 12 331
FL 0 13 130
FL 0 16 1078
FL 0 20 0
FL 0 22 81
FL 0 23 0
FL 0 27 632
FL 0 29 1642
FL 0 30 0
FL 1 2 209
FL 1 5 700
FL 1 6 195
FL 1 7 116
FL 1 9 20
FL 1 10 15
FL 1 13 241
FL 1 18 397
FL 1 19 0
FL 1 20 1
FL 1 22 142
FL 1 23 1
FL 1 24 151
FL 1 30 1
FL 2 1 321
FL 2 6 163
FL 2 7 189
FL 2 9 25
FL 2 18 227
FL 2 19 0
FL 2 20 1
FL 2 22 212
FL 2 23 1
FL 2 24 150
FL 2 30 1
FL 3 4 3
FL 3 5 2
FL 3 11 171
FL 3 13 323
FL 3 15 4
FL 3 16 66
FL 3 26 5
FL 3 28 5
FL 4 3 3
FL 4 11 275
FL 4 15 3
FL 4 16 27
FL 4 26 4
FL 4 28 9
FL 5 1 23
FL 5 3 781
FL 5 8 2
FL 5 9 6
FL 5 10 7
FL 5 13 278
FL 5 15 4
FL 5 17 6
FL 5 22 109
FL 5 28 8
FL 6 1 66
FL 6 2 241
FL 6 7 97
FL 6 9 6
FL 6 18 122
FL 6 19 0
FL 6 20 0
FL 6 22 90
FL 6 23 4
FL 6 24 157
FL 6 30 1
FL 7 1 91
FL 7 2 124
FL 7 6 120
FL 7 8 3
FL 7 9 3
FL 7 18 200
FL 7 19 0
FL 7 20 0
FL 7 22 99
FL 7 23 0
FL 7 24 153
FL 7 30 0
FL 8 5 435
FL 8 7 78
FL 8 10 5
FL 8 12 456
FL 8 13 181
FL 8 14 2413
FL 8 20 0
FL 8 22 80
FL 9 1 53
FL 9 2 192
FL 9 5 1504
FL 9 6 115
FL 9 7 29
FL 9 8 1
FL 9 10 5
FL 9 13 226
FL 9 15 506
FL 9 17 1466
FL 9 18 86
FL 9 19 0
FL 9 20 0
FL 9 22 85
FL 9 23 0
FL 9 24 0
FL 9 25 1345
FL 9 26 2934
FL 9 28 6440
FL 9 29 1591
FL 9 30 0
FL 10 1 59
FL 10 5 287
FL 10 7 98
FL 10 8 3
FL 10 9 8
FL 10 12 192
FL 10 13 200
FL 10 14 1
FL 10 17 5
FL 10 21 2272
FL 10 22 82
FL 10 24 0
FL 10 30 0
FL 12 8 8
FL 12 21 2
FL 13 8 14
FL 14 8 1
FL 14 10 5
FL 14 12 413
FL 14 17 4
FL 14 21 1
FL 15 3 4
FL 15 4 3
FL 15 5 4
FL 15 9 8
FL 15 11 348
FL 15 13 156
FL 15 16 107
FL 15 18 1
FL 15 22 94
FL 15 25 3
FL 15 26 5
FL 15 28 5
FL 15 29 162
FL 16 3 960
FL 16 4 5
FL 16 18 2
FL 16 25 495
FL 16 27 309
FL 16 28 10
FL 16 29 97
FL 17 1 39
FL 17 5 3
FL 17 7 185
FL 17 8 2
FL 17 9 2
FL 17 10 4
FL 17 12 345
FL 17 14 0
FL 17 21 1
FL 17 22 49
FL 17 24 0
FL 18 1 1552
FL 18 2 3
FL 18 6 150
FL 18 7 170
FL 18 9 12
FL 18 15 854
FL 18 16 1915
FL 18 19 0
FL 18 22 194
FL 18 23 0
FL 18 25 549
FL 18 26 16
FL 18 29 512
FL 18 30 0
FL 19 1 1462
FL 19 2 1736
FL 19 6 1042
FL 19 7 1125
FL 19 9 60
FL 19 18 6446
FL 19 20 8292
FL 19 22 307
FL 19 23 21604
FL 19 24 2556
FL 19 30 8365
FL 19 0 5005
FL 20 1 51
FL 20 2 188
FL 20 6 222
FL 20 7 171
FL 20 8 5555
FL 20 9 9
FL 20 19 0
FL 20 22 98
FL 20 30 0
FL 21 10 3
FL 21 12 273
FL 21 14 1
FL 21 17 4
FL 22 1 53
FL 22 2 2
FL 22 6 0
FL 22 7 72
FL 22 8 1
FL 22 15 4
FL 22 20 0
FL 22 23 0
FL 22 24 0
FL 22 30 0
FL 23 1 138
FL 23 2 189
FL 23 6 457
FL 23 7 140
FL 23 9 18346
FL 23 18 111
FL 23 19 0
FL 23 22 35
FL 23 24 193
FL 23 30 1
FL 24 1 45
FL 24 2 168
FL 24 6 124
FL 24 7 55
FL 24 8 1
FL 24 9 5
FL 24 10 0
FL 24 17 1122
FL 24 19 0
FL 24 22 77
FL 24 23 0
FL 24 30 0
FL 25 9 16
FL 25 15 581
FL 25 16 150
FL 25 18 53
FL 25 26 3
FL 25 27 352
FL 25 28 7
FL 25 29 93
FL 26 3 3
FL 26 4 2
FL 26 9 5
FL 26 11 400
FL 26 13 155
FL 26 15 3
FL 26 16 85
FL 26 18 0
FL 26 25 3
FL 26 27 279
FL 26 28 4
FL 26 29 53
FL 27 16 187
FL 27 25 4
FL 27 28 8
FL 27 29 140
FL 28 3 818
FL 28 4 2293
FL 28 5 277
FL 28 9 7
FL 28 11 288
FL 28 13 124
FL 28 15 4
FL 28 16 45
FL 28 22 107
FL 28 25 253
FL 28 26 3
FL 28 27 277
FL 28 29 72
FL 29 9 9
FL 29 15 907
FL 29 16 218
FL 29 18 137
FL 29 25 588
FL 29 27 490
FL 29 28 13
FL 30 1 90
FL 30 2 235
FL 30 6 193
FL 30 7 131
FL 30 9 11
FL 30 10 5143
FL 30 18 140
FL 30 19 0
FL 30 20 0
FL 30 22 191
FL 30 23 0
FL 30 24 235
FU 0 3 2
FU 0 14 2
FU 0 24 4
FU 0 21 1
FU 0 18 14
FU 0 15 22
FU 0 17 8
FU 0 2 2
FU 0 9 2
FU 0 6 2
FU 0 26 3
FU 0 10 1
FU 0 5 5
FU 0 28 7
FU 0 25 6
FU 0 4 2
FU 0 1 97
FU 0 7 148
FU 0 8 4
FU 0 11 509
FU 0 12 325
FU 0 13 125
FU 0 16 470
FU 0 20 3
FU 0 22 78
FU 0 23 3
FU 0 27 393
FU 0 29 538
FU 0 30 3
FU 1 2 175
FU 1 5 366
FU 1 6 174
FU 1 7 116
FU 1 9 1
FU 1 10 1
FU 1 13 238
FU 1 18 175
FU 1 19 0
FU 1 20 0
FU 1 22 115
FU 1 23 0
FU 1 24 147
FU 1 30 0
FU 2 1 172
FU 2 6 179
FU 2 7 164
FU 2 9 0
FU 2 18 121
FU 2 19 0
FU 2 20 0
FU 2 22 192
FU 2 23 0
FU 2 24 146
FU 2 30 0
FU 3 4 0
FU 3 5 0
FU 3 11 175
FU 3 13 323
FU 3 15 0
FU 3 16 77
FU 3 26 0
FU 3 28 0
FU 4 3 0
FU 4 11 276
FU 4 15 0
FU 4 16 40
FU 4 26 0
FU 4 28 0
FU 5 1 21
FU 5 3 641
FU 5 8 0
FU 5 9 0
FU 5 10 0
FU 5 13 276
FU 5 15 0
FU 5 17 0
FU 5 22 99
FU 5 28 0
FU 6 1 84
FU 6 2 188
FU 6 7 91
FU 6 9 0
FU 6 18 115
FU 6 19 0
FU 6 20 0
FU 6 22 84
FU 6 23 0
FU 6 24 160
FU 6 30 0
FU 7 1 86
FU 7 2 120
FU 7 6 111
FU 7 8 0
FU 7 9 0
FU 7 18 128
FU 7 19 0
FU 7 20 0
FU 7 22 103
FU 7 23 0
FU 7 24 148
FU 7 30 0
FU 8 5 305
FU 8 7 71
FU 8 10 0
FU 8 12 456
FU 8 13 177
FU 8 14 1998
FU 8 20 0
FU 8 22 76
FU 9 1 54
FU 9 2 170
FU 9 5 754
FU 9 6 114
FU 9 7 51
FU 9 8 0
FU 9 10 1
FU 9 13 227
FU 9 15 441
FU 9 17 1012
FU 9 18 113
FU 9 19 0
FU 9 20 0
FU 9 22 83
FU 9 23 0
FU 9 24 0
FU 9 25 715
FU 9 26 1996
FU 9 28 1992
FU 9 29 577
FU 9 30 0
FU 10 1 74
FU 10 5 295
FU 10 7 88
FU 10 8 0
FU 10 9 0
FU 10 12 186
FU 10 13 198
FU 10 14 0
FU 10 17 0
FU 10 21 1999
FU 10 22 76
FU 10 24 0
FU 10 30 0
FU 12 8 0
FU 12 21 0
FU 13 8 1
FU 14 8 0
FU 14 10 0
FU 14 12 416
FU 14 17 0
FU 14 21 0
FU 15 3 0
FU 15 4 0
FU 15 5 0
FU 15 9 0
FU 15 11 357
FU 15 13 155
FU 15 16 117
FU 15 18 0
FU 15 22 92
FU 15 25 0
FU 15 26 0
FU 15 28 0
FU 15 29 166
FU 16 3 650
FU 16 4 0
FU 16 18 0
FU 16 25 325
FU 16 27 291
FU 16 28 0
FU 16 29 70
FU 17 1 30
FU 17 5 0
FU 17 7 181
FU 17 8 0
FU 17 9 0
FU 17 10 0
FU 17 12 343
FU 17 14 0
FU 17 21 0
FU 17 22 41
FU 17 24 0
FU 18 1 531
FU 18 2 0
FU 18 6 133
FU 18 7 103
FU 18 9 1
FU 18 15 571
FU 18 16 699
FU 18 19 0
FU 18 22 199
FU 18 23 0
FU 18 25 353
FU 18 26 1
FU 18 29 233
FU 18 30 0
FU 19 1 501
FU 19 2 651
FU 19 6 468
FU 19 7 489
FU 19 9 4
FU 19 18 981
FU 19 20 1997
FU 19 22 245
FU 19 23 1997
FU 19 24 998
FU 19 30 1997
FU 19 0 2000
FU 20 1 73
FU 20 2 157
FU 20 6 196
FU 20 7 151
FU 20 8 1995
FU 20 9 0
FU 20 19 0
FU 20 22 96
FU 20 30 0
FU 21 10 0
FU 21 12 274
FU 21 14 0
FU 21 17 0
FU 22 1 58
FU 22 2 0
FU 22 6 0
FU 22 7 74
FU 22 8 0
FU 22 15 0
FU 22 20 0
FU 22 23 0
FU 22 24 0
FU 22 30 0
FU 23 1 84
FU 23 2 165
FU 23 6 349
FU 23 7 87
FU 23 9 1990
FU 23 18 85
FU 23 19 0
FU 23 22 36
FU 23 24 163
FU 23 30 0
FU 24 1 82
FU 24 2 149
FU 24 6 109
FU 24 7 63
FU 24 8 0
FU 24 9 0
FU 24 10 0
FU 24 17 980
FU 24 19 0
FU 24 22 71
FU 24 23 0
FU 24 30 0
FU 25 9 2
FU 25 15 494
FU 25 16 140
FU 25 18 44
FU 25 26 0
FU 25 27 356
FU 25 28 0
FU 25 29 120
FU 26 3 0
FU 26 4 0
FU 26 9 0
FU 26 11 401
FU 26 13 151
FU 26 15 0
FU 26 16 134
FU 26 18 0
FU 26 25 0
FU 26 27 253
FU 26 28 0
FU 26 29 66
FU 27 16 127
FU 27 25 8
FU 27 28 0
FU 27 29 108
FU 28 3 707
FU 28 4 1998
FU 28 5 275
FU 28 9 0
FU 28 11 282
FU 28 13 130
FU 28 15 0
FU 28 16 75
FU 28 22 116
FU 28 25 235
FU 28 26 0
FU 28 27 260
FU 28 29 122
FU 29 9 0
FU 29 15 472
FU 29 16 121
FU 29 18 96
FU 29 25 358
FU 29 27 447
FU 29 28 1
FU 30 1 53
FU 30 2 223
FU 30 6 165
FU 30 7 123
FU 30 9 0
FU 30 10 1997
FU 30 18 128
FU 30 19 0
FU 30 20 0
FU 30 22 198
FU 30 23 0
FU 30 24 234
