Nodes: 21
Arcs: 98
Terminals_rem: 0
Nodes_rem: 2
Arcs_rem: 7
First LB: 0
LB: 0
Iter. LB: 0
First UB: 5
UB: 2
Iter. UB: 1
gap: 100
BM. Time: 0
Runtime: 26
FL 0 2 2
FL 0 3 2
FL 0 12 2
FL 0 9 10
FL 0 11 0
FL 0 10 2
FL 0 8 0
FL 0 1 2
FL 0 13 0
FL 0 20 7
FL 0 4 185
FL 0 5 1127
FL 0 7 755
FL 0 14 61
FL 0 15 212
FL 0 16 548
FL 0 17 1
FL 0 18 2000
FL 0 19 2000
FL 1 2 491
FL 1 4 322
FL 1 6 0
FL 1 10 539
FL 1 14 76
FL 1 15 259
FL 1 17 1
FL 2 1 254
FL 2 4 122
FL 2 10 228
FL 2 12 0
FL 2 14 2
FL 2 15 232
FL 2 17 0
FL 3 20 2
FL 4 1 361
FL 4 2 916
FL 4 5 998
FL 4 6 0
FL 4 10 733
FL 4 12 365
FL 4 15 636
FL 4 17 6
FL 5 4 125
FL 6 1 2276
FL 6 4 4597
FL 6 8 2045
FL 6 11 2013
FL 6 12 1395
FL 6 13 1550
FL 6 17 17208
FL 6 0 6916
FL 7 9 792
FL 7 14 4
FL 7 16 530
FL 7 20 4
FL 8 6 0
FL 8 11 592
FL 8 13 527
FL 9 7 454
FL 9 14 6
FL 9 16 536
FL 9 20 2
FL 10 1 204
FL 10 2 304
FL 10 4 119
FL 10 12 328
FL 10 14 3
FL 10 15 173
FL 10 17 0
FL 11 6 0
FL 11 8 503
FL 11 13 764
FL 11 17 0
FL 12 2 226
FL 12 4 138
FL 12 6 0
FL 12 10 259
FL 12 14 0
FL 12 15 245
FL 12 17 0
FL 13 6 0
FL 13 8 571
FL 13 11 270
FL 14 1 173
FL 14 2 190
FL 14 7 1768
FL 14 9 1385
FL 14 10 248
FL 14 12 326
FL 14 15 256
FL 14 17 1
FL 14 20 5538
FL 15 1 1
FL 15 2 231
FL 15 10 1
FL 15 12 1
FL 15 14 8
FL 17 1 417
FL 17 2 478
FL 17 4 407
FL 17 6 0
FL 17 10 1121
FL 17 11 392
FL 17 12 451
FL 17 14 11722
FL 17 15 229
FL 20 3 2000
FL 20 7 353
FL 20 9 811
FL 20 14 3
FL 20 16 386
FU 0 2 2
FU 0 3 1
FU 0 12 1
FU 0 9 5
FU 0 11 1
FU 0 10 1
FU 0 8 1
FU 0 1 1
FU 0 13 1
FU 0 20 1
FU 0 4 133
FU 0 5 1007
FU 0 7 481
FU 0 14 1
FU 0 15 213
FU 0 16 546
FU 0 17 1
FU 0 18 2000
FU 0 19 2000
FU 1 2 300
FU 1 4 164
FU 1 6 0
FU 1 10 335
FU 1 14 0
FU 1 15 239
FU 1 17 0
FU 2 1 223
FU 2 4 113
FU 2 10 189
FU 2 12 0
FU 2 14 0
FU 2 15 236
FU 2 17 0
FU 3 20 0
FU 4 1 299
FU 4 2 495
FU 4 5 993
FU 4 6 0
FU 4 10 395
FU 4 12 305
FU 4 15 412
FU 4 17 1
FU 5 4 105
FU 6 1 810
FU 6 4 964
FU 6 8 966
FU 6 11 909
FU 6 12 662
FU 6 13 894
FU 6 17 1998
FU 6 0 2000
FU 7 9 603
FU 7 14 0
FU 7 16 533
FU 7 20 0
FU 8 6 0
FU 8 11 430
FU 8 13 470
FU 9 7 409
FU 9 14 0
FU 9 16 537
FU 9 20 0
FU 10 1 179
FU 10 2 276
FU 10 4 103
FU 10 12 302
FU 10 14 0
FU 10 15 178
FU 10 17 0
FU 11 6 0
FU 11 8 482
FU 11 13 635
FU 11 17 0
FU 12 2 220
FU 12 4 167
FU 12 6 0
FU 12 10 262
FU 12 14 0
FU 12 15 250
FU 12 17 0
FU 13 6 0
FU 13 8 551
FU 13 11 267
FU 14 1 187
FU 14 2 204
FU 14 7 836
FU 14 9 730
FU 14 10 274
FU 14 12 324
FU 14 15 242
FU 14 17 0
FU 14 20 1999
FU 15 1 0
FU 15 2 212
FU 15 10 0
FU 15 12 0
FU 15 14 0
FU 17 1 301
FU 17 2 291
FU 17 4 251
FU 17 6 0
FU 17 10 544
FU 17 11 393
FU 17 12 406
FU 17 14 1999
FU 17 15 230
FU 20 3 1999
FU 20 7 274
FU 20 9 662
FU 20 14 0
FU 20 16 384
