Nodes: 61
Arcs: 1256
Terminals_rem: 0
Nodes_rem: 3
Arcs_rem: 461
First LB: 2
LB: 2
Iter. LB: 0
First UB: 18
UB: 11
Iter. UB: 16
gap: 81.8182
BM. Time: 0
Runtime: 276
FL 0 59 24
FL 0 40 11
FL 0 48 22
FL 0 54 112
FL 0 31 0
FL 0 32 12
FL 0 2 153
FL 0 47 0
FL 0 51 3726
FL 0 15 0
FL 0 39 105
FL 0 41 30
FL 0 60 20
FL 0 14 2955
FL 0 44 9
FL 0 29 56
FL 0 42 52
FL 0 55 82
FL 0 30 81
FL 0 17 0
FL 0 5 30
FL 0 36 0
FL 0 22 8
FL 0 10 14
FL 0 16 75
FL 0 1 80
FL 0 3 281
FL 0 4 418
FL 0 6 801
FL 0 7 264
FL 0 8 97
FL 0 9 125
FL 0 11 365
FL 0 12 159
FL 0 18 1038
FL 0 19 1065
FL 0 20 1
FL 0 21 140
FL 0 23 912
FL 0 24 136
FL 0 25 216
FL 0 26 2000
FL 0 27 603
FL 0 28 1
FL 0 33 1
FL 0 34 153
FL 0 35 462
FL 0 37 119
FL 0 38 164
FL 0 43 2000
FL 0 45 814
FL 0 46 2000
FL 0 49 451
FL 0 50 98
FL 0 52 209
FL 0 53 920
FL 0 56 293
FL 0 57 179
FL 0 58 242
FL 1 42 240
FL 2 1 63
FL 2 5 2
FL 2 6 119
FL 2 7 94
FL 2 9 80
FL 2 18 83
FL 2 19 71
FL 2 20 0
FL 2 22 0
FL 2 23 111
FL 2 24 133
FL 2 30 13
FL 2 35 227
FL 2 39 13
FL 2 41 8
FL 2 42 6
FL 2 45 105
FL 2 48 2
FL 2 51 0
FL 2 52 44
FL 2 54 14
FL 2 57 100
FL 2 59 4
FL 2 60 2
FL 3 4 422
FL 3 5 500
FL 3 16 1941
FL 4 27 379
FL 5 1 76
FL 5 2 11
FL 5 3 206
FL 5 6 116
FL 5 8 43
FL 5 9 115
FL 5 10 1
FL 5 13 0
FL 5 15 0
FL 5 16 683
FL 5 17 0
FL 5 18 155
FL 5 19 100
FL 5 20 0
FL 5 22 1
FL 5 23 107
FL 5 25 252
FL 5 28 0
FL 5 29 5
FL 5 30 7
FL 5 33 1
FL 5 35 290
FL 5 36 0
FL 5 41 7
FL 5 44 0
FL 5 45 74
FL 5 48 0
FL 5 49 237
FL 5 50 162
FL 5 51 0
FL 5 52 77
FL 5 54 11
FL 5 57 150
FL 5 58 149
FL 5 59 3
FL 5 60 2
FL 6 2 21
FL 6 5 5
FL 6 7 87
FL 6 20 0
FL 6 34 151
FL 6 39 21
FL 6 41 13
FL 6 42 16
FL 6 48 12
FL 6 52 80
FL 6 54 20
FL 6 57 96
FL 6 59 11
FL 6 60 8
FL 7 2 6
FL 7 6 165
FL 7 13 0
FL 7 18 119
FL 7 19 70
FL 7 20 0
FL 7 22 0
FL 7 23 112
FL 7 24 86
FL 7 30 3
FL 7 39 6
FL 7 41 0
FL 7 42 3
FL 7 47 0
FL 7 48 1
FL 7 50 102
FL 7 52 44
FL 7 54 5
FL 7 57 109
FL 7 60 1
FL 8 5 0
FL 8 7 57
FL 8 9 21
FL 8 10 0
FL 8 12 66
FL 8 13 0
FL 8 20 0
FL 8 21 97
FL 8 22 0
FL 8 30 1038
FL 8 37 90
FL 8 40 0
FL 8 41 0
FL 8 44 0
FL 8 47 0
FL 8 48 0
FL 8 50 144
FL 8 52 66
FL 8 58 129
FL 8 59 0
FL 8 60 0
FL 10 1 120
FL 10 5 1
FL 10 7 72
FL 10 8 39
FL 10 9 76
FL 10 12 112
FL 10 13 0
FL 10 14 0
FL 10 17 0
FL 10 20 0
FL 10 21 119
FL 10 22 5
FL 10 24 112
FL 10 30 12
FL 10 32 5
FL 10 36 0
FL 10 37 70
FL 10 38 262
FL 10 40 1
FL 10 41 11
FL 10 44 2
FL 10 47 0
FL 10 48 5
FL 10 50 204
FL 10 51 0
FL 10 52 59
FL 10 58 191
FL 10 59 3
FL 10 60 9
FL 12 13 0
FL 12 21 113
FL 12 32 330
FL 12 53 192
FL 13 1 449
FL 13 3 3741
FL 13 5 3598
FL 13 7 888
FL 13 8 2430
FL 13 9 132
FL 13 10 2382
FL 13 11 659
FL 13 12 1064
FL 13 14 39
FL 13 15 3047
FL 13 17 3191
FL 13 20 21778
FL 13 21 996
FL 13 22 1538
FL 13 24 258
FL 13 28 8057
FL 13 31 2969
FL 13 32 1502
FL 13 33 5994
FL 13 36 3374
FL 13 37 216
FL 13 38 83
FL 13 40 3575
FL 13 41 4131
FL 13 44 1955
FL 13 47 3801
FL 13 48 2619
FL 13 50 203
FL 13 51 178
FL 13 52 1246
FL 13 58 1893
FL 13 59 2994
FL 13 60 2636
FL 13 0 24384
FL 14 8 89
FL 14 10 2
FL 14 12 178
FL 14 13 0
FL 14 17 0
FL 14 21 149
FL 14 24 80
FL 14 32 2
FL 14 36 0
FL 14 38 80
FL 14 40 1
FL 14 44 0
FL 14 47 0
FL 14 50 88
FL 14 51 0
FL 14 53 234
FL 14 58 91
FL 15 3 159
FL 15 4 273
FL 15 5 0
FL 15 13 0
FL 15 25 172
FL 15 28 0
FL 15 31 0
FL 15 36 0
FL 15 41 1
FL 15 45 152
FL 15 49 252
FL 15 51 0
FL 15 52 38
FL 16 3 151
FL 16 4 453
FL 16 5 3
FL 16 25 264
FL 16 28 1
FL 16 31 0
FL 16 45 226
FL 16 49 155
FL 16 55 21
FL 16 56 217
FL 17 1 159
FL 17 5 0
FL 17 7 54
FL 17 8 22
FL 17 9 56
FL 17 10 0
FL 17 12 60
FL 17 13 0
FL 17 14 0
FL 17 21 121
FL 17 22 0
FL 17 24 59
FL 17 32 3
FL 17 36 0
FL 17 37 139
FL 17 38 262
FL 17 40 0
FL 17 41 4
FL 17 44 0
FL 17 47 0
FL 17 48 0
FL 17 50 137
FL 17 51 0
FL 17 58 114
FL 17 59 0
FL 17 60 1
FL 18 7 133
FL 18 25 154
FL 18 28 1
FL 18 41 14
FL 18 49 154
FL 18 54 21
FL 18 55 30
FL 18 56 410
FL 19 1 66
FL 19 2 27
FL 19 5 8
FL 19 7 102
FL 19 20 0
FL 19 34 160
FL 19 39 28
FL 19 41 18
FL 19 42 20
FL 19 48 14
FL 19 52 143
FL 19 54 22
FL 19 57 100
FL 19 59 12
FL 19 60 9
FL 20 1 17
FL 20 2 2850
FL 20 5 322
FL 20 6 204
FL 20 7 69
FL 20 8 276
FL 20 9 160
FL 20 10 1013
FL 20 13 0
FL 20 18 73
FL 20 19 116
FL 20 22 1000
FL 20 23 529
FL 20 24 128
FL 20 30 1416
FL 20 34 89
FL 20 37 116
FL 20 39 2721
FL 20 41 1312
FL 20 42 1421
FL 20 48 1315
FL 20 54 2956
FL 20 57 63
FL 20 59 582
FL 20 60 1032
FL 21 12 158
FL 21 13 0
FL 21 32 358
FL 21 53 168
FL 22 1 73
FL 22 2 12
FL 22 5 0
FL 22 7 67
FL 22 8 28
FL 22 10 3
FL 22 13 0
FL 22 17 0
FL 22 20 0
FL 22 36 0
FL 22 39 10
FL 22 41 5
FL 22 42 7
FL 22 45 92
FL 22 48 0
FL 22 50 174
FL 22 51 0
FL 22 52 31
FL 22 54 13
FL 22 57 57
FL 22 59 1
FL 22 60 4
FL 23 1 42
FL 23 2 22
FL 23 5 342
FL 23 7 115
FL 23 20 0
FL 23 39 36
FL 23 41 15
FL 23 42 31
FL 23 48 15
FL 23 51 0
FL 23 52 94
FL 23 54 42
FL 23 57 89
FL 23 59 13
FL 23 60 9
FL 24 2 11
FL 24 7 34
FL 24 20 0
FL 24 41 4
FL 24 42 7
FL 24 48 0
FL 24 54 12
FL 24 60 4
FL 27 4 194
FL 28 3 190
FL 28 4 228
FL 28 5 0
FL 28 11 490
FL 28 16 746
FL 28 18 35
FL 28 25 220
FL 28 27 610
FL 28 29 2777
FL 28 33 1
FL 28 35 259
FL 28 49 242
FL 28 55 0
FL 28 56 262
FL 29 1 21
FL 29 4 149
FL 29 5 1
FL 29 25 129
FL 29 28 0
FL 29 45 65
FL 29 49 138
FL 29 52 60
FL 29 55 12
FL 29 56 287
FL 30 1 59
FL 30 2 14
FL 30 5 2
FL 30 7 89
FL 30 8 131
FL 30 10 6
FL 30 20 0
FL 30 34 158
FL 30 39 12
FL 30 41 7
FL 30 42 9
FL 30 48 3
FL 30 51 0
FL 30 52 39
FL 30 54 18
FL 30 57 109
FL 30 59 5
FL 30 60 5
FL 31 3 135
FL 31 4 78
FL 31 11 486
FL 31 13 0
FL 31 15 0
FL 31 16 8
FL 31 25 262
FL 31 28 0
FL 31 36 0
FL 31 44 0
FL 32 7 102
FL 32 8 8
FL 32 9 21
FL 32 10 3
FL 32 12 137
FL 32 13 0
FL 32 14 0
FL 32 17 0
FL 32 21 94
FL 32 24 97
FL 32 34 126
FL 32 37 154
FL 32 38 56
FL 32 40 0
FL 32 41 6
FL 32 47 0
FL 32 53 230
FL 33 25 157
FL 33 28 0
FL 33 49 170
FL 33 55 3366
FL 33 56 305
FL 35 52 125
FL 36 1 70
FL 36 5 0
FL 36 8 34
FL 36 9 149
FL 36 10 3
FL 36 12 144
FL 36 13 0
FL 36 14 0
FL 36 15 0
FL 36 17 0
FL 36 21 146
FL 36 22 1
FL 36 24 96
FL 36 31 0
FL 36 37 137
FL 36 41 8
FL 36 44 0
FL 36 45 251
FL 36 48 3
FL 36 50 90
FL 36 51 0
FL 36 52 48
FL 36 58 188
FL 36 59 1
FL 36 60 5
FL 37 20 0
FL 37 54 31
FL 39 1 91
FL 39 2 10
FL 39 6 97
FL 39 7 98
FL 39 9 77
FL 39 18 86
FL 39 19 110
FL 39 20 0
FL 39 22 2
FL 39 23 143
FL 39 30 10
FL 39 34 117
FL 39 41 8
FL 39 42 5
FL 39 48 3
FL 39 51 0
FL 39 52 63
FL 39 54 12
FL 39 57 120
FL 39 59 6
FL 39 60 1
FL 40 8 56
FL 40 9 141
FL 40 10 6
FL 40 12 117
FL 40 13 0
FL 40 14 0
FL 40 17 0
FL 40 21 208
FL 40 24 106
FL 40 32 8
FL 40 37 109
FL 40 38 264
FL 40 41 12
FL 40 47 0
FL 40 48 982
FL 40 53 226
FL 40 59 708
FL 41 1 99
FL 41 2 16
FL 41 5 3
FL 41 6 191
FL 41 7 68
FL 41 8 69
FL 41 9 81
FL 41 10 7
FL 41 13 0
FL 41 15 0
FL 41 17 0
FL 41 18 240
FL 41 19 273
FL 41 20 0
FL 41 22 5
FL 41 23 194
FL 41 24 118
FL 41 30 12
FL 41 32 8
FL 41 34 91
FL 41 36 0
FL 41 37 167
FL 41 38 250
FL 41 39 12
FL 41 40 3
FL 41 42 1807
FL 41 44 5
FL 41 47 0
FL 41 48 9
FL 41 50 119
FL 41 51 0
FL 41 52 64
FL 41 54 15
FL 41 57 100
FL 41 59 10
FL 41 60 9
FL 42 1 113
FL 42 2 38
FL 42 6 118
FL 42 7 66
FL 42 18 151
FL 42 19 107
FL 42 20 1
FL 42 22 2
FL 42 23 127
FL 42 24 162
FL 42 30 20
FL 42 34 151
FL 42 39 35
FL 42 41 352
FL 42 48 7
FL 42 52 59
FL 42 54 32
FL 42 57 115
FL 42 59 7
FL 42 60 7
FL 44 1 159
FL 44 5 0
FL 44 8 42
FL 44 10 5
FL 44 12 74
FL 44 13 0
FL 44 14 0
FL 44 17 0
FL 44 21 94
FL 44 31 0
FL 44 36 0
FL 44 41 10
FL 44 45 96
FL 44 48 204
FL 44 50 173
FL 44 51 0
FL 44 52 62
FL 44 58 101
FL 44 59 5
FL 45 2 29
FL 45 35 302
FL 45 48 13
FL 45 49 243
FL 45 60 13
FL 47 7 36
FL 47 8 44
FL 47 9 155
FL 47 10 4
FL 47 12 89
FL 47 13 0
FL 47 14 0
FL 47 17 0
FL 47 21 101
FL 47 24 72
FL 47 32 424
FL 47 34 179
FL 47 37 131
FL 47 38 253
FL 47 40 303
FL 47 41 10
FL 48 1 180
FL 48 2 12
FL 48 5 0
FL 48 6 93
FL 48 7 48
FL 48 8 82
FL 48 9 109
FL 48 10 6
FL 48 13 0
FL 48 17 0
FL 48 18 127
FL 48 19 46
FL 48 20 0
FL 48 22 2
FL 48 23 107
FL 48 24 69
FL 48 30 6
FL 48 34 176
FL 48 36 0
FL 48 37 177
FL 48 39 10
FL 48 40 588
FL 48 41 9
FL 48 42 10
FL 48 44 1040
FL 48 45 174
FL 48 51 0
FL 48 52 57
FL 48 54 13
FL 48 57 105
FL 48 59 6
FL 48 60 5
FL 49 16 15
FL 49 55 21
FL 49 56 312
FL 51 1 74
FL 51 2 12
FL 51 5 0
FL 51 6 188
FL 51 7 61
FL 51 8 58
FL 51 9 120
FL 51 10 6
FL 51 12 186
FL 51 13 0
FL 51 14 0
FL 51 15 0
FL 51 17 0
FL 51 18 89
FL 51 19 113
FL 51 21 127
FL 51 22 2
FL 51 23 92
FL 51 24 61
FL 51 30 6
FL 51 36 0
FL 51 37 101
FL 51 39 10
FL 51 41 9
FL 51 44 7
FL 51 45 152
FL 51 48 4
FL 51 50 76
FL 51 52 72
FL 51 54 13
FL 51 57 89
FL 51 58 164
FL 51 59 6
FL 51 60 6
FL 52 2 12
FL 52 5 0
FL 52 6 164
FL 52 7 78
FL 52 8 39
FL 52 10 9
FL 52 13 0
FL 52 15 0
FL 52 18 67
FL 52 19 123
FL 52 22 2
FL 52 23 87
FL 52 28 0
FL 52 29 11
FL 52 30 7
FL 52 35 126
FL 52 39 9
FL 52 41 11
FL 52 42 9
FL 52 48 5
FL 52 50 79
FL 52 54 12
FL 52 57 115
FL 52 60 6
FL 53 12 91
FL 53 21 179
FL 53 32 382
FL 53 38 135
FL 53 58 151
FL 54 1 56
FL 54 2 10
FL 54 5 2
FL 54 6 76
FL 54 7 36
FL 54 9 97
FL 54 18 149
FL 54 19 145
FL 54 20 0
FL 54 22 1
FL 54 23 19
FL 54 24 105
FL 54 30 13
FL 54 34 156
FL 54 35 270
FL 54 37 71
FL 54 39 9
FL 54 41 5
FL 54 42 7
FL 54 48 4
FL 54 51 0
FL 54 52 87
FL 54 57 82
FL 54 59 4
FL 54 60 1
FL 55 4 164
FL 55 16 8
FL 55 18 146
FL 55 25 174
FL 55 27 602
FL 55 28 0
FL 55 29 13
FL 55 33 1
FL 55 35 189
FL 55 49 116
FL 55 56 139
FL 56 16 15
FL 56 49 190
FL 56 55 20
FL 57 22 0
FL 58 5 218
FL 58 8 36
FL 58 13 0
FL 58 38 191
FL 58 53 968
FL 59 1 62
FL 59 2 13
FL 59 5 2
FL 59 6 125
FL 59 7 77
FL 59 8 31
FL 59 9 87
FL 59 10 10
FL 59 13 0
FL 59 17 0
FL 59 18 115
FL 59 19 173
FL 59 20 0
FL 59 22 4
FL 59 23 175
FL 59 24 122
FL 59 30 7
FL 59 34 175
FL 59 36 0
FL 59 37 150
FL 59 39 11
FL 59 40 461
FL 59 41 12
FL 59 42 10
FL 59 44 7
FL 59 45 220
FL 59 48 6
FL 59 50 151
FL 59 51 0
FL 59 52 52
FL 59 54 15
FL 59 57 132
FL 59 60 8
FL 60 1 111
FL 60 2 15
FL 60 5 2
FL 60 6 84
FL 60 7 37
FL 60 8 54
FL 60 9 198
FL 60 10 10
FL 60 13 0
FL 60 17 0
FL 60 18 244
FL 60 19 217
FL 60 20 0
FL 60 22 4
FL 60 23 150
FL 60 24 72
FL 60 30 15
FL 60 34 118
FL 60 36 0
FL 60 37 84
FL 60 39 11
FL 60 41 13
FL 60 42 10
FL 60 45 179
FL 60 48 9
FL 60 51 0
FL 60 52 52
FL 60 54 16
FL 60 57 90
FL 60 59 8
FU 0 59 3
FU 0 40 2
FU 0 48 5
FU 0 54 20
FU 0 31 1
FU 0 32 5
FU 0 2 25
FU 0 47 1
FU 0 51 1966
FU 0 15 1
FU 0 39 19
FU 0 41 19
FU 0 60 4
FU 0 14 1990
FU 0 44 2
FU 0 29 12
FU 0 42 9
FU 0 55 17
FU 0 30 12
FU 0 17 1
FU 0 5 11
FU 0 36 1
FU 0 22 1
FU 0 10 2
FU 0 16 35
FU 0 1 84
FU 0 3 242
FU 0 4 278
FU 0 6 407
FU 0 7 167
FU 0 8 58
FU 0 9 121
FU 0 11 367
FU 0 12 116
FU 0 18 405
FU 0 19 536
FU 0 20 1
FU 0 21 101
FU 0 23 393
FU 0 24 130
FU 0 25 211
FU 0 26 2000
FU 0 27 525
FU 0 28 1
FU 0 33 1
FU 0 34 152
FU 0 35 403
FU 0 37 119
FU 0 38 168
FU 0 43 2000
FU 0 45 438
FU 0 46 2000
FU 0 49 303
FU 0 50 104
FU 0 52 93
FU 0 53 512
FU 0 56 210
FU 0 57 176
FU 0 58 137
FU 1 42 39
FU 2 1 63
FU 2 5 0
FU 2 6 111
FU 2 7 91
FU 2 9 76
FU 2 18 64
FU 2 19 57
FU 2 20 0
FU 2 22 0
FU 2 23 99
FU 2 24 136
FU 2 30 3
FU 2 35 216
FU 2 39 0
FU 2 41 0
FU 2 42 0
FU 2 45 89
FU 2 48 0
FU 2 51 0
FU 2 52 49
FU 2 54 0
FU 2 57 95
FU 2 59 0
FU 2 60 0
FU 3 4 347
FU 3 5 348
FU 3 16 818
FU 4 27 382
FU 5 1 70
FU 5 2 0
FU 5 3 189
FU 5 6 129
FU 5 8 39
FU 5 9 116
FU 5 10 0
FU 5 13 0
FU 5 15 0
FU 5 16 584
FU 5 17 0
FU 5 18 145
FU 5 19 79
FU 5 20 0
FU 5 22 0
FU 5 23 86
FU 5 25 255
FU 5 28 0
FU 5 29 0
FU 5 30 0
FU 5 33 0
FU 5 35 284
FU 5 36 0
FU 5 41 0
FU 5 44 0
FU 5 45 66
FU 5 48 0
FU 5 49 229
FU 5 50 160
FU 5 51 0
FU 5 52 74
FU 5 54 0
FU 5 57 158
FU 5 58 168
FU 5 59 0
FU 5 60 0
FU 6 2 0
FU 6 5 0
FU 6 7 75
FU 6 20 0
FU 6 34 156
FU 6 39 0
FU 6 41 0
FU 6 42 1
FU 6 48 0
FU 6 52 53
FU 6 54 0
FU 6 57 92
FU 6 59 0
FU 6 60 0
FU 7 2 0
FU 7 6 164
FU 7 13 0
FU 7 18 128
FU 7 19 60
FU 7 20 0
FU 7 22 0
FU 7 23 155
FU 7 24 81
FU 7 30 0
FU 7 39 0
FU 7 41 0
FU 7 42 0
FU 7 47 0
FU 7 48 0
FU 7 50 102
FU 7 52 42
FU 7 54 0
FU 7 57 109
FU 7 60 0
FU 8 5 0
FU 8 7 57
FU 8 9 22
FU 8 10 0
FU 8 12 56
FU 8 13 0
FU 8 20 0
FU 8 21 111
FU 8 22 0
FU 8 30 985
FU 8 37 90
FU 8 40 0
FU 8 41 0
FU 8 44 0
FU 8 47 0
FU 8 48 0
FU 8 50 145
FU 8 52 64
FU 8 58 117
FU 8 59 0
FU 8 60 0
FU 10 1 116
FU 10 5 0
FU 10 7 67
FU 10 8 40
FU 10 9 79
FU 10 12 114
FU 10 13 0
FU 10 14 0
FU 10 17 0
FU 10 20 0
FU 10 21 93
FU 10 22 0
FU 10 24 116
FU 10 30 0
FU 10 32 0
FU 10 36 0
FU 10 37 66
FU 10 38 268
FU 10 40 0
FU 10 41 0
FU 10 44 0
FU 10 47 0
FU 10 48 0
FU 10 50 205
FU 10 51 0
FU 10 52 64
FU 10 58 171
FU 10 59 0
FU 10 60 0
FU 12 13 0
FU 12 21 91
FU 12 32 323
FU 12 53 199
FU 13 1 218
FU 13 3 952
FU 13 5 949
FU 13 7 337
FU 13 8 888
FU 13 9 133
FU 13 10 1003
FU 13 11 655
FU 13 12 499
FU 13 14 10
FU 13 15 1999
FU 13 17 1999
FU 13 20 1999
FU 13 21 463
FU 13 22 1005
FU 13 24 207
FU 13 28 1999
FU 13 31 1999
FU 13 32 693
FU 13 33 1999
FU 13 36 1999
FU 13 37 185
FU 13 38 86
FU 13 40 915
FU 13 41 969
FU 13 44 1015
FU 13 47 1999
FU 13 48 770
FU 13 50 198
FU 13 51 34
FU 13 52 494
FU 13 58 730
FU 13 59 959
FU 13 60 1031
FU 13 0 2000
FU 14 8 91
FU 14 10 0
FU 14 12 173
FU 14 13 0
FU 14 17 0
FU 14 21 152
FU 14 24 77
FU 14 32 0
FU 14 36 0
FU 14 38 81
FU 14 40 0
FU 14 44 0
FU 14 47 0
FU 14 50 83
FU 14 51 0
FU 14 53 234
FU 14 58 108
FU 15 3 151
FU 15 4 288
FU 15 5 0
FU 15 13 0
FU 15 25 165
FU 15 28 0
FU 15 31 0
FU 15 36 0
FU 15 41 0
FU 15 45 144
FU 15 49 231
FU 15 51 0
FU 15 52 44
FU 16 3 139
FU 16 4 336
FU 16 5 0
FU 16 25 270
FU 16 28 0
FU 16 31 0
FU 16 45 154
FU 16 49 126
FU 16 55 4
FU 16 56 206
FU 17 1 150
FU 17 5 0
FU 17 7 54
FU 17 8 17
FU 17 9 57
FU 17 10 0
FU 17 12 69
FU 17 13 0
FU 17 14 0
FU 17 21 122
FU 17 22 0
FU 17 24 52
FU 17 32 0
FU 17 36 0
FU 17 37 139
FU 17 38 261
FU 17 40 0
FU 17 41 0
FU 17 44 0
FU 17 47 0
FU 17 48 0
FU 17 50 135
FU 17 51 0
FU 17 58 102
FU 17 59 0
FU 17 60 0
FU 18 7 99
FU 18 25 151
FU 18 28 0
FU 18 41 0
FU 18 49 140
FU 18 54 0
FU 18 55 3
FU 18 56 354
FU 19 1 63
FU 19 2 1
FU 19 5 1
FU 19 7 64
FU 19 20 0
FU 19 34 165
FU 19 39 1
FU 19 41 1
FU 19 42 0
FU 19 48 23
FU 19 52 140
FU 19 54 0
FU 19 57 94
FU 19 59 0
FU 19 60 0
FU 20 1 12
FU 20 2 1966
FU 20 5 262
FU 20 6 190
FU 20 7 70
FU 20 8 136
FU 20 9 164
FU 20 10 995
FU 20 13 0
FU 20 18 58
FU 20 19 123
FU 20 22 994
FU 20 23 252
FU 20 24 121
FU 20 30 992
FU 20 34 86
FU 20 37 121
FU 20 39 1975
FU 20 41 711
FU 20 42 1035
FU 20 48 527
FU 20 54 1975
FU 20 57 65
FU 20 59 509
FU 20 60 965
FU 21 12 180
FU 21 13 0
FU 21 32 343
FU 21 53 152
FU 22 1 74
FU 22 2 0
FU 22 5 0
FU 22 7 74
FU 22 8 37
FU 22 10 0
FU 22 13 0
FU 22 17 0
FU 22 20 0
FU 22 36 0
FU 22 39 0
FU 22 41 0
FU 22 42 0
FU 22 45 88
FU 22 48 0
FU 22 50 178
FU 22 51 0
FU 22 52 37
FU 22 54 0
FU 22 57 55
FU 22 59 0
FU 22 60 0
FU 23 1 49
FU 23 2 1
FU 23 5 212
FU 23 7 57
FU 23 20 0
FU 23 39 1
FU 23 41 0
FU 23 42 1
FU 23 48 2
FU 23 51 0
FU 23 52 58
FU 23 54 1
FU 23 57 97
FU 23 59 1
FU 23 60 0
FU 24 2 0
FU 24 7 30
FU 24 20 0
FU 24 41 0
FU 24 42 0
FU 24 48 0
FU 24 54 0
FU 24 60 0
FU 27 4 180
FU 28 3 201
FU 28 4 188
FU 28 5 0
FU 28 11 486
FU 28 16 542
FU 28 18 35
FU 28 25 232
FU 28 27 563
FU 28 29 1985
FU 28 33 0
FU 28 35 252
FU 28 49 197
FU 28 55 0
FU 28 56 209
FU 29 1 19
FU 29 4 122
FU 29 5 0
FU 29 25 127
FU 29 28 0
FU 29 45 48
FU 29 49 134
FU 29 52 52
FU 29 55 0
FU 29 56 274
FU 30 1 63
FU 30 2 0
FU 30 5 0
FU 30 7 85
FU 30 8 126
FU 30 10 0
FU 30 20 0
FU 30 34 159
FU 30 39 0
FU 30 41 0
FU 30 42 1
FU 30 48 0
FU 30 51 0
FU 30 52 46
FU 30 54 0
FU 30 57 106
FU 30 59 0
FU 30 60 0
FU 31 3 126
FU 31 4 104
FU 31 11 492
FU 31 13 0
FU 31 15 0
FU 31 16 1
FU 31 25 266
FU 31 28 0
FU 31 36 0
FU 31 44 0
FU 32 7 75
FU 32 8 11
FU 32 9 22
FU 32 10 0
FU 32 12 152
FU 32 13 0
FU 32 14 0
FU 32 17 0
FU 32 21 93
FU 32 24 118
FU 32 34 130
FU 32 37 148
FU 32 38 52
FU 32 40 0
FU 32 41 0
FU 32 47 0
FU 32 53 193
FU 33 25 155
FU 33 28 0
FU 33 49 156
FU 33 55 1968
FU 33 56 297
FU 35 52 78
FU 36 1 66
FU 36 5 0
FU 36 8 60
FU 36 9 146
FU 36 10 0
FU 36 12 145
FU 36 13 0
FU 36 14 0
FU 36 15 0
FU 36 17 0
FU 36 21 123
FU 36 22 0
FU 36 24 93
FU 36 31 0
FU 36 37 134
FU 36 41 0
FU 36 44 0
FU 36 45 253
FU 36 48 0
FU 36 50 87
FU 36 51 0
FU 36 52 44
FU 36 58 113
FU 36 59 0
FU 36 60 0
FU 37 20 0
FU 37 54 0
FU 39 1 90
FU 39 2 0
FU 39 6 77
FU 39 7 104
FU 39 9 76
FU 39 18 78
FU 39 19 104
FU 39 20 0
FU 39 22 0
FU 39 23 146
FU 39 30 1
FU 39 34 110
FU 39 41 0
FU 39 42 0
FU 39 48 0
FU 39 51 0
FU 39 52 43
FU 39 54 0
FU 39 57 123
FU 39 59 1
FU 39 60 0
FU 40 8 41
FU 40 9 137
FU 40 10 0
FU 40 12 107
FU 40 13 0
FU 40 14 0
FU 40 17 0
FU 40 21 184
FU 40 24 106
FU 40 32 2
FU 40 37 104
FU 40 38 265
FU 40 41 0
FU 40 47 0
FU 40 48 441
FU 40 53 206
FU 40 59 527
FU 41 1 102
FU 41 2 0
FU 41 5 0
FU 41 6 143
FU 41 7 49
FU 41 8 74
FU 41 9 84
FU 41 10 0
FU 41 13 0
FU 41 15 0
FU 41 17 0
FU 41 18 174
FU 41 19 186
FU 41 20 0
FU 41 22 0
FU 41 23 150
FU 41 24 114
FU 41 30 0
FU 41 32 1
FU 41 34 93
FU 41 36 0
FU 41 37 163
FU 41 38 246
FU 41 39 0
FU 41 40 0
FU 41 42 914
FU 41 44 0
FU 41 47 0
FU 41 48 0
FU 41 50 120
FU 41 51 0
FU 41 52 63
FU 41 54 0
FU 41 57 107
FU 41 59 0
FU 41 60 0
FU 42 1 107
FU 42 2 5
FU 42 6 96
FU 42 7 56
FU 42 18 122
FU 42 19 100
FU 42 20 0
FU 42 22 0
FU 42 23 79
FU 42 24 159
FU 42 30 1
FU 42 34 149
FU 42 39 4
FU 42 41 300
FU 42 48 0
FU 42 52 65
FU 42 54 4
FU 42 57 113
FU 42 59 0
FU 42 60 0
FU 44 1 164
FU 44 5 0
FU 44 8 35
FU 44 10 0
FU 44 12 72
FU 44 13 0
FU 44 14 0
FU 44 17 0
FU 44 21 89
FU 44 31 0
FU 44 36 0
FU 44 41 0
FU 44 45 74
FU 44 48 232
FU 44 50 179
FU 44 51 0
FU 44 52 66
FU 44 58 106
FU 44 59 0
FU 45 2 2
FU 45 35 260
FU 45 48 0
FU 45 49 180
FU 45 60 0
FU 47 7 55
FU 47 8 44
FU 47 9 151
FU 47 10 0
FU 47 12 80
FU 47 13 0
FU 47 14 0
FU 47 17 0
FU 47 21 77
FU 47 24 66
FU 47 32 319
FU 47 34 180
FU 47 37 130
FU 47 38 249
FU 47 40 341
FU 47 41 0
FU 48 1 184
FU 48 2 0
FU 48 5 0
FU 48 6 110
FU 48 7 38
FU 48 8 75
FU 48 9 111
FU 48 10 0
FU 48 13 0
FU 48 17 0
FU 48 18 108
FU 48 19 57
FU 48 20 0
FU 48 22 0
FU 48 23 93
FU 48 24 68
FU 48 30 0
FU 48 34 176
FU 48 36 0
FU 48 37 179
FU 48 39 0
FU 48 40 405
FU 48 41 0
FU 48 42 0
FU 48 44 983
FU 48 45 166
FU 48 51 0
FU 48 52 54
FU 48 54 0
FU 48 57 104
FU 48 59 0
FU 48 60 0
FU 49 16 11
FU 49 55 4
FU 49 56 320
FU 51 1 75
FU 51 2 0
FU 51 5 0
FU 51 6 179
FU 51 7 68
FU 51 8 60
FU 51 9 118
FU 51 10 0
FU 51 12 153
FU 51 13 0
FU 51 14 0
FU 51 15 0
FU 51 17 0
FU 51 18 82
FU 51 19 97
FU 51 21 105
FU 51 22 0
FU 51 23 86
FU 51 24 54
FU 51 30 0
FU 51 36 0
FU 51 37 106
FU 51 39 0
FU 51 41 0
FU 51 44 0
FU 51 45 123
FU 51 48 0
FU 51 50 74
FU 51 52 72
FU 51 54 0
FU 51 57 91
FU 51 58 124
FU 51 59 0
FU 51 60 0
FU 52 2 0
FU 52 5 0
FU 52 6 158
FU 52 7 76
FU 52 8 34
FU 52 10 0
FU 52 13 0
FU 52 15 0
FU 52 18 56
FU 52 19 99
FU 52 22 0
FU 52 23 139
FU 52 28 0
FU 52 29 1
FU 52 30 0
FU 52 35 126
FU 52 39 0
FU 52 41 0
FU 52 42 0
FU 52 48 0
FU 52 50 75
FU 52 54 0
FU 52 57 114
FU 52 60 0
FU 53 12 84
FU 53 21 196
FU 53 32 314
FU 53 38 136
FU 53 58 124
FU 54 1 54
FU 54 2 0
FU 54 5 0
FU 54 6 68
FU 54 7 41
FU 54 9 99
FU 54 18 120
FU 54 19 128
FU 54 20 0
FU 54 22 0
FU 54 23 31
FU 54 24 108
FU 54 30 3
FU 54 34 151
FU 54 35 274
FU 54 37 70
FU 54 39 0
FU 54 41 0
FU 54 42 0
FU 54 48 0
FU 54 51 0
FU 54 52 84
FU 54 57 81
FU 54 59 0
FU 54 60 0
FU 55 4 157
FU 55 16 1
FU 55 18 122
FU 55 25 168
FU 55 27 530
FU 55 28 0
FU 55 29 2
FU 55 33 0
FU 55 35 185
FU 55 49 121
FU 55 56 130
FU 56 16 8
FU 56 49 183
FU 56 55 4
FU 57 22 0
FU 58 5 217
FU 58 8 64
FU 58 13 0
FU 58 38 188
FU 58 53 504
FU 59 1 62
FU 59 2 0
FU 59 5 0
FU 59 6 102
FU 59 7 78
FU 59 8 21
FU 59 9 88
FU 59 10 0
FU 59 13 0
FU 59 17 0
FU 59 18 127
FU 59 19 150
FU 59 20 0
FU 59 22 0
FU 59 23 165
FU 59 24 123
FU 59 30 1
FU 59 34 173
FU 59 36 0
FU 59 37 158
FU 59 39 0
FU 59 40 337
FU 59 41 0
FU 59 42 0
FU 59 44 0
FU 59 45 191
FU 59 48 0
FU 59 50 155
FU 59 51 0
FU 59 52 65
FU 59 54 0
FU 59 57 131
FU 59 60 0
FU 60 1 115
FU 60 2 0
FU 60 5 0
FU 60 6 66
FU 60 7 33
FU 60 8 49
FU 60 9 200
FU 60 10 0
FU 60 13 0
FU 60 17 0
FU 60 18 176
FU 60 19 224
FU 60 20 0
FU 60 22 0
FU 60 23 126
FU 60 24 71
FU 60 30 2
FU 60 34 120
FU 60 36 0
FU 60 37 88
FU 60 39 0
FU 60 41 0
FU 60 42 0
FU 60 45 166
FU 60 48 0
FU 60 51 0
FU 60 52 56
FU 60 54 0
FU 60 57 89
FU 60 59 0
