Nodes: 71
Arcs: 1204
Terminals_rem: 2
Nodes_rem: 5
Arcs_rem: 331
First LB: 9
LB: 9
Iter. LB: 0
First UB: 36
UB: 17
Iter. UB: 402
gap: 47.0588
BM. Time: 0
Runtime: 455
FL 0 1 71
FL 0 37 58
FL 0 52 17
FL 0 31 46
FL 0 22 8
FL 0 65 5
FL 0 39 20
FL 0 50 53
FL 0 3 3777
FL 0 9 62
FL 0 16 12
FL 0 59 2404
FL 0 30 2112
FL 0 45 36
FL 0 6 41
FL 0 8 2634
FL 0 26 2045
FL 0 21 1
FL 0 29 2000
FL 0 12 42
FL 0 54 51
FL 0 67 52
FL 0 51 0
FL 0 20 63
FL 0 53 2924
FL 0 24 2000
FL 0 28 40
FL 0 2 84
FL 0 57 120
FL 0 5 63
FL 0 42 56
FL 0 64 2593
FL 0 7 73
FL 0 15 32
FL 0 19 0
FL 0 17 76
FL 0 58 93
FL 0 61 81
FL 0 55 5
FL 0 4 742
FL 0 10 740
FL 0 11 100
FL 0 13 82
FL 0 14 79
FL 0 18 212
FL 0 23 155
FL 0 25 1074
FL 0 32 154
FL 0 33 236
FL 0 34 1077
FL 0 35 329
FL 0 36 117
FL 0 38 2072
FL 0 40 2015
FL 0 41 1334
FL 0 43 1113
FL 0 44 2000
FL 0 46 206
FL 0 47 1119
FL 0 48 378
FL 0 49 157
FL 0 56 51
FL 0 60 569
FL 0 62 2000
FL 0 63 133
FL 0 66 1
FL 0 68 940
FL 0 69 670
FL 0 70 2000
FL 1 2 19
FL 1 5 16
FL 1 6 10
FL 1 10 158
FL 1 11 34
FL 1 12 18
FL 1 13 103
FL 1 14 56
FL 1 15 17
FL 1 17 16
FL 1 23 129
FL 1 25 212
FL 1 31 15
FL 1 34 139
FL 1 37 16
FL 1 40 270
FL 1 43 138
FL 1 45 16
FL 1 49 170
FL 1 51 0
FL 1 52 151
FL 1 56 139
FL 1 57 20
FL 1 58 14
FL 1 60 33
FL 1 61 18
FL 1 64 0
FL 1 67 16
FL 2 1 10
FL 2 4 97
FL 2 5 8
FL 2 7 8
FL 2 10 142
FL 2 11 228
FL 2 12 2
FL 2 14 69
FL 2 15 14
FL 2 17 8
FL 2 18 104
FL 2 25 97
FL 2 28 26
FL 2 31 9
FL 2 32 93
FL 2 37 12
FL 2 42 10
FL 2 43 110
FL 2 45 9
FL 2 49 21
FL 2 53 0
FL 2 54 13
FL 2 56 94
FL 2 57 14
FL 2 58 10
FL 2 59 0
FL 2 60 23
FL 2 61 8
FL 2 64 0
FL 2 68 43
FL 3 18 126
FL 3 20 21
FL 3 32 99
FL 3 41 347
FL 3 42 17
FL 3 47 417
FL 3 50 11
FL 3 53 0
FL 3 54 18
FL 3 63 192
FL 3 68 289
FL 3 69 240
FL 4 2 21
FL 4 5 12
FL 4 6 7
FL 4 8 0
FL 4 10 72
FL 4 17 13
FL 4 25 227
FL 4 28 22
FL 4 43 141
FL 4 59 0
FL 4 61 14
FL 4 67 11
FL 5 1 5
FL 5 2 8
FL 5 4 121
FL 5 6 7
FL 5 8 0
FL 5 10 54
FL 5 11 133
FL 5 13 126
FL 5 14 60
FL 5 17 7
FL 5 31 5
FL 5 34 64
FL 5 37 11
FL 5 43 78
FL 5 45 4
FL 5 56 235
FL 5 57 7
FL 5 58 7
FL 5 59 0
FL 5 60 22
FL 5 61 11
FL 5 64 0
FL 5 67 7
FL 6 1 7
FL 6 4 101
FL 6 5 6
FL 6 8 0
FL 6 10 83
FL 6 11 181
FL 6 13 211
FL 6 17 4
FL 6 30 0
FL 6 31 7
FL 6 34 63
FL 6 37 8
FL 6 43 123
FL 6 49 153
FL 6 52 4
FL 6 57 8
FL 6 59 0
FL 6 64 0
FL 6 67 8
FL 7 2 1848
FL 7 16 5
FL 7 18 244
FL 7 28 27
FL 7 41 144
FL 7 50 9
FL 7 54 16
FL 7 60 21
FL 7 63 33
FL 7 65 4
FL 7 68 170
FL 7 69 147
FL 8 4 88
FL 8 5 9
FL 8 6 8
FL 8 10 125
FL 8 11 77
FL 8 12 5
FL 8 13 55
FL 8 14 42
FL 8 30 0
FL 8 31 9
FL 8 34 79
FL 8 37 12
FL 8 49 93
FL 8 52 9
FL 8 57 12
FL 8 59 0
FL 8 64 0
FL 8 67 11
FL 9 16 4
FL 9 18 221
FL 9 41 127
FL 9 50 7
FL 9 54 15
FL 9 60 28
FL 9 63 158
FL 9 65 4
FL 9 68 83
FL 9 69 183
FL 10 4 227
FL 10 5 14
FL 10 6 7
FL 10 8 0
FL 10 11 20
FL 10 13 87
FL 10 14 91
FL 10 17 13
FL 10 28 23
FL 10 37 11
FL 10 43 133
FL 10 58 13
FL 10 60 24
FL 10 61 23
FL 10 64 0
FL 12 1 8
FL 12 2 10
FL 12 8 0
FL 12 15 13
FL 12 17 8
FL 12 28 22
FL 12 31 8
FL 12 34 14
FL 12 40 96
FL 12 45 7
FL 12 56 197
FL 12 57 12
FL 12 58 8
FL 12 60 23
FL 12 61 8
FL 12 64 0
FL 12 67 9
FL 15 1 8
FL 15 2 10
FL 15 10 87
FL 15 11 82
FL 15 12 1
FL 15 13 52
FL 15 14 38
FL 15 17 8
FL 15 19 0
FL 15 22 5
FL 15 23 143
FL 15 25 117
FL 15 28 19
FL 15 31 8
FL 15 34 96
FL 15 36 49
FL 15 37 11
FL 15 39 2
FL 15 40 67
FL 15 43 102
FL 15 46 60
FL 15 49 31
FL 15 51 0
FL 15 52 6
FL 15 56 109
FL 15 57 10
FL 15 58 9
FL 15 60 18
FL 15 61 7
FL 15 67 9
FL 16 7 582
FL 16 9 958
FL 16 14 91
FL 16 19 0
FL 16 20 3023
FL 16 25 78
FL 16 35 103
FL 16 36 46
FL 16 42 1882
FL 16 50 899
FL 16 51 17
FL 16 55 39
FL 16 60 14
FL 16 63 97
FL 16 65 164
FL 16 68 77
FL 16 69 124
FL 17 1 4
FL 17 2 9
FL 17 4 68
FL 17 5 6
FL 17 6 7
FL 17 10 145
FL 17 11 74
FL 17 12 3
FL 17 13 67
FL 17 14 132
FL 17 15 9
FL 17 31 5
FL 17 37 10
FL 17 43 79
FL 17 45 6
FL 17 49 125
FL 17 56 25
FL 17 57 11
FL 17 58 5
FL 17 59 0
FL 17 60 18
FL 17 61 12
FL 17 64 0
FL 17 67 8
FL 19 15 70
FL 19 16 7011
FL 19 21 347
FL 19 22 1138
FL 19 23 152
FL 19 27 0
FL 19 28 98
FL 19 33 181
FL 19 36 455
FL 19 46 559
FL 19 48 465
FL 19 51 26417
FL 19 52 5289
FL 19 55 277
FL 19 65 155
FL 19 66 1
FL 20 3 0
FL 20 14 102
FL 20 16 0
FL 20 18 130
FL 20 25 95
FL 20 32 202
FL 20 38 179
FL 20 41 140
FL 20 42 6
FL 20 54 12
FL 20 63 128
FL 20 65 3
FL 20 69 189
FL 21 19 1
FL 21 27 0
FL 21 35 230
FL 21 36 73
FL 21 38 1761
FL 21 55 281
FL 22 11 73
FL 22 13 102
FL 22 15 6
FL 22 19 0
FL 22 23 207
FL 22 28 9
FL 22 34 12
FL 22 36 44
FL 22 37 11
FL 22 39 2
FL 22 40 42
FL 22 46 79
FL 22 51 0
FL 22 52 0
FL 25 2 26
FL 25 4 204
FL 25 16 6
FL 25 18 73
FL 25 20 31
FL 25 28 26
FL 25 32 297
FL 25 42 15
FL 25 45 14
FL 25 53 0
FL 25 58 15
FL 25 60 24
FL 25 61 32
FL 25 67 22
FL 25 68 199
FL 26 13 39
FL 26 39 6
FL 27 19 44613
FL 27 21 3069
FL 27 33 895
FL 27 35 5208
FL 27 36 7311
FL 27 55 8098
FL 27 65 1100
FL 27 66 22001
FL 27 0 45705
FL 28 2 11
FL 28 4 78
FL 28 7 2717
FL 28 10 131
FL 28 11 147
FL 28 12 476
FL 28 13 187
FL 28 14 88
FL 28 15 552
FL 28 19 0
FL 28 22 433
FL 28 23 135
FL 28 25 76
FL 28 31 2520
FL 28 34 252
FL 28 36 27
FL 28 37 12
FL 28 39 2
FL 28 40 65
FL 28 43 127
FL 28 46 100
FL 28 51 0
FL 28 52 250
FL 28 54 3250
FL 28 56 108
FL 28 57 1536
FL 28 58 1343
FL 28 60 21
FL 28 61 2621
FL 28 66 0
FL 30 6 9
FL 30 8 0
FL 30 13 97
FL 30 39 6
FL 31 1 5
FL 31 2 10
FL 31 4 63
FL 31 5 8
FL 31 6 7
FL 31 8 0
FL 31 10 27
FL 31 11 80
FL 31 12 1
FL 31 13 77
FL 31 14 52
FL 31 15 11
FL 31 17 8
FL 31 28 8
FL 31 37 11
FL 31 43 90
FL 31 45 5
FL 31 49 135
FL 31 56 79
FL 31 57 6
FL 31 58 5
FL 31 59 0
FL 31 61 1
FL 31 64 0
FL 31 67 9
FL 33 19 0
FL 33 35 70
FL 33 36 31
FL 33 40 43
FL 33 46 52
FL 33 55 133
FL 33 65 164
FL 33 66 0
FL 34 1 12
FL 34 5 12
FL 34 6 10
FL 34 8 0
FL 34 12 689
FL 34 14 22
FL 34 15 14
FL 34 28 26
FL 34 37 11
FL 34 40 184
FL 34 43 137
FL 34 46 130
FL 34 52 9
FL 34 57 18
FL 34 60 31
FL 35 16 4
FL 35 21 397
FL 35 27 0
FL 35 33 188
FL 35 41 3143
FL 35 48 385
FL 35 55 67
FL 35 63 127
FL 35 65 166
FL 36 11 65
FL 36 13 131
FL 36 15 156
FL 36 16 3
FL 36 19 0
FL 36 21 276
FL 36 22 496
FL 36 23 195
FL 36 27 0
FL 36 28 1
FL 36 33 204
FL 36 34 296
FL 36 37 5
FL 36 39 553
FL 36 40 3041
FL 36 46 32
FL 36 48 518
FL 36 51 7
FL 36 52 151
FL 36 55 168
FL 36 63 69
FL 36 65 249
FL 37 1 1
FL 37 2 4
FL 37 5 3
FL 37 6 2792
FL 37 8 0
FL 37 10 61
FL 37 11 113
FL 37 13 66
FL 37 14 47
FL 37 15 5
FL 37 17 1093
FL 37 22 5
FL 37 23 130
FL 37 28 8
FL 37 31 3
FL 37 34 59
FL 37 36 18
FL 37 40 38
FL 37 43 64
FL 37 49 107
FL 37 51 0
FL 37 52 2
FL 37 57 2
FL 37 60 25
FL 37 67 4
FL 38 21 0
FL 38 32 133
FL 38 41 381
FL 38 50 1615
FL 38 63 201
FL 38 69 145
FL 39 15 10
FL 39 22 6
FL 39 26 0
FL 39 28 8
FL 39 30 0
FL 39 36 39
FL 39 46 64
FL 39 52 2
FL 39 66 0
FL 40 11 74
FL 40 12 652
FL 40 13 81
FL 40 14 32
FL 40 15 1087
FL 40 28 26
FL 40 33 173
FL 40 36 61
FL 40 37 12
FL 40 51 0
FL 40 52 503
FL 40 57 1827
FL 40 60 61
FL 41 7 1242
FL 41 9 717
FL 41 18 94
FL 41 32 220
FL 41 35 119
FL 41 42 939
FL 41 47 486
FL 41 50 896
FL 41 68 208
FL 42 2 11
FL 42 3 0
FL 42 16 2
FL 42 18 94
FL 42 20 22
FL 42 25 132
FL 42 32 178
FL 42 41 138
FL 42 50 8
FL 42 53 0
FL 42 54 16
FL 42 63 69
FL 42 68 92
FL 42 69 214
FL 43 4 205
FL 43 5 24
FL 43 6 12
FL 43 10 96
FL 43 11 51
FL 43 13 51
FL 43 14 99
FL 43 17 25
FL 43 28 33
FL 43 34 172
FL 43 37 18
FL 43 58 21
FL 43 60 55
FL 43 64 0
FL 45 1 6
FL 45 2 7
FL 45 5 6
FL 45 10 61
FL 45 12 1
FL 45 14 72
FL 45 17 7
FL 45 25 84
FL 45 31 7
FL 45 43 71
FL 45 56 171
FL 45 57 7
FL 45 58 5
FL 45 60 22
FL 45 61 5
FL 45 64 0
FL 45 67 7
FL 46 15 319
FL 46 19 0
FL 46 22 479
FL 46 28 11
FL 46 33 191
FL 46 34 293
FL 46 36 17
FL 46 39 692
FL 46 51 0
FL 46 52 178
FL 46 55 74
FL 46 66 0
FL 47 41 476
FL 48 35 112
FL 48 36 27
FL 48 55 45
FL 50 3 0
FL 50 7 5
FL 50 9 6
FL 50 14 32
FL 50 16 3
FL 50 18 146
FL 50 25 56
FL 50 32 151
FL 50 38 134
FL 50 41 135
FL 50 42 8
FL 50 47 454
FL 50 53 0
FL 50 54 9
FL 50 63 181
FL 50 68 117
FL 50 69 94
FL 51 1 1151
FL 51 11 50
FL 51 13 84
FL 51 15 404
FL 51 16 7
FL 51 19 0
FL 51 22 10
FL 51 23 194
FL 51 28 8
FL 51 34 27
FL 51 36 97
FL 51 37 12
FL 51 40 42
FL 51 46 81
FL 51 52 111
FL 51 60 21975
FL 51 65 188
FL 52 1 2615
FL 52 6 18
FL 52 8 0
FL 52 10 261
FL 52 11 180
FL 52 13 85
FL 52 15 21
FL 52 19 0
FL 52 22 7
FL 52 23 285
FL 52 28 38
FL 52 34 213
FL 52 36 104
FL 52 37 27
FL 52 39 7
FL 52 40 570
FL 52 46 117
FL 52 49 134
FL 52 51 0
FL 53 2 11
FL 53 3 0
FL 53 18 159
FL 53 25 90
FL 53 32 121
FL 53 41 187
FL 53 42 11
FL 53 50 7
FL 53 54 12
FL 53 68 204
FL 53 69 122
FL 54 2 10
FL 54 3 0
FL 54 7 13
FL 54 9 9
FL 54 14 113
FL 54 18 265
FL 54 20 14
FL 54 25 114
FL 54 28 18
FL 54 32 247
FL 54 41 147
FL 54 42 8
FL 54 50 7
FL 54 53 0
FL 54 63 53
FL 54 68 193
FL 54 69 201
FL 55 16 3118
FL 55 19 0
FL 55 21 256
FL 55 27 0
FL 55 33 110
FL 55 35 150
FL 55 36 60
FL 55 46 2689
FL 55 48 438
FL 55 63 211
FL 55 65 337
FL 55 66 0
FL 57 1 9
FL 57 2 11
FL 57 4 153
FL 57 5 8
FL 57 6 7
FL 57 8 0
FL 57 10 90
FL 57 11 133
FL 57 12 2
FL 57 13 145
FL 57 14 66
FL 57 15 13
FL 57 17 8
FL 57 23 182
FL 57 25 84
FL 57 28 29
FL 57 31 9
FL 57 34 79
FL 57 37 12
FL 57 40 48
FL 57 43 88
FL 57 45 8
FL 57 49 247
FL 57 56 166
FL 57 58 9
FL 57 60 47
FL 57 61 8
FL 57 64 0
FL 57 67 10
FL 58 1 7
FL 58 2 12
FL 58 5 8
FL 58 10 75
FL 58 12 2
FL 58 14 81
FL 58 15 13
FL 58 17 8
FL 58 25 139
FL 58 28 28
FL 58 31 7
FL 58 43 56
FL 58 45 8
FL 58 56 130
FL 58 57 13
FL 58 60 30
FL 58 61 7
FL 58 67 10
FL 59 2 17
FL 59 4 99
FL 59 5 13
FL 59 6 11
FL 59 8 0
FL 59 17 13
FL 59 31 14
FL 59 49 237
FL 59 64 0
FL 60 1 1
FL 60 2 1120
FL 60 5 2734
FL 60 7 13
FL 60 9 1065
FL 60 10 112
FL 60 12 540
FL 60 14 91
FL 60 15 375
FL 60 16 5
FL 60 17 1488
FL 60 23 93
FL 60 25 102
FL 60 28 25
FL 60 34 370
FL 60 37 6361
FL 60 40 68
FL 60 43 84
FL 60 45 2401
FL 60 51 0
FL 60 57 19
FL 60 58 1066
FL 60 63 181
FL 60 65 104
FL 60 67 2715
FL 61 1 8
FL 61 2 12
FL 61 4 115
FL 61 5 8
FL 61 10 107
FL 61 12 4
FL 61 14 42
FL 61 15 15
FL 61 17 9
FL 61 25 57
FL 61 28 21
FL 61 31 8
FL 61 43 50
FL 61 45 10
FL 61 49 83
FL 61 56 295
FL 61 57 11
FL 61 58 7
FL 61 64 0
FL 61 67 10
FL 64 1 12
FL 64 2 11
FL 64 4 118
FL 64 5 9
FL 64 6 7
FL 64 8 0
FL 64 10 21
FL 64 12 4
FL 64 14 158
FL 64 17 10
FL 64 31 10
FL 64 43 53
FL 64 45 12
FL 64 49 76
FL 64 56 57
FL 64 57 13
FL 64 59 0
FL 64 61 12
FL 64 67 10
FL 65 7 15
FL 65 9 13
FL 65 14 125
FL 65 16 5
FL 65 19 0
FL 65 20 12
FL 65 27 0
FL 65 33 163
FL 65 35 156
FL 65 36 40
FL 65 51 0
FL 65 55 83
FL 65 60 26
FL 65 63 167
FL 65 66 0
FL 66 19 1
FL 66 27 0
FL 66 28 18665
FL 66 33 152
FL 66 39 839
FL 66 46 85
FL 66 55 99
FL 66 65 162
FL 67 1 3
FL 67 4 61
FL 67 5 5
FL 67 6 7
FL 67 8 0
FL 67 10 38
FL 67 11 105
FL 67 12 1
FL 67 13 72
FL 67 14 120
FL 67 15 8
FL 67 17 6
FL 67 25 46
FL 67 31 8
FL 67 37 9
FL 67 43 25
FL 67 45 3
FL 67 49 231
FL 67 56 144
FL 67 57 5
FL 67 58 4
FL 67 60 23
FL 67 61 4
FL 67 64 0
FL 68 3 0
FL 68 16 9
FL 68 18 132
FL 68 25 104
FL 68 32 105
FL 68 41 222
FL 68 42 24
FL 68 50 19
FL 68 53 0
FL 69 38 329
FU 0 1 14
FU 0 37 1
FU 0 52 3
FU 0 31 1
FU 0 22 1
FU 0 65 2
FU 0 39 2
FU 0 50 16
FU 0 3 2000
FU 0 9 16
FU 0 16 2
FU 0 59 2000
FU 0 30 2000
FU 0 45 3
FU 0 6 1
FU 0 8 2000
FU 0 26 2000
FU 0 21 1
FU 0 29 2000
FU 0 12 9
FU 0 54 2
FU 0 67 2
FU 0 51 1
FU 0 20 5
FU 0 53 2000
FU 0 24 2000
FU 0 28 1
FU 0 2 13
FU 0 57 21
FU 0 5 3
FU 0 42 9
FU 0 64 2000
FU 0 7 15
FU 0 15 9
FU 0 19 1
FU 0 17 17
FU 0 58 11
FU 0 61 3
FU 0 55 1
FU 0 4 365
FU 0 10 320
FU 0 11 111
FU 0 13 85
FU 0 14 81
FU 0 18 207
FU 0 23 157
FU 0 25 446
FU 0 32 159
FU 0 33 233
FU 0 34 394
FU 0 35 167
FU 0 36 99
FU 0 38 711
FU 0 40 393
FU 0 41 270
FU 0 43 443
FU 0 44 2000
FU 0 46 145
FU 0 47 715
FU 0 48 346
FU 0 49 162
FU 0 56 55
FU 0 60 4
FU 0 62 2000
FU 0 63 139
FU 0 66 1
FU 0 68 473
FU 0 69 398
FU 0 70 2000
FU 1 2 0
FU 1 5 0
FU 1 6 0
FU 1 10 118
FU 1 11 37
FU 1 12 0
FU 1 13 96
FU 1 14 49
FU 1 15 0
FU 1 17 2
FU 1 23 128
FU 1 25 138
FU 1 31 0
FU 1 34 95
FU 1 37 0
FU 1 40 82
FU 1 43 82
FU 1 45 0
FU 1 49 171
FU 1 51 0
FU 1 52 116
FU 1 56 139
FU 1 57 0
FU 1 58 1
FU 1 60 0
FU 1 61 0
FU 1 64 0
FU 1 67 0
FU 2 1 0
FU 2 4 92
FU 2 5 0
FU 2 7 2
FU 2 10 106
FU 2 11 226
FU 2 12 0
FU 2 14 67
FU 2 15 0
FU 2 17 0
FU 2 18 105
FU 2 25 92
FU 2 28 0
FU 2 31 0
FU 2 32 92
FU 2 37 0
FU 2 42 0
FU 2 43 104
FU 2 45 0
FU 2 49 25
FU 2 53 0
FU 2 54 0
FU 2 56 89
FU 2 57 1
FU 2 58 0
FU 2 59 0
FU 2 60 0
FU 2 61 0
FU 2 64 0
FU 2 68 59
FU 3 18 124
FU 3 20 0
FU 3 32 100
FU 3 41 139
FU 3 42 0
FU 3 47 399
FU 3 50 1
FU 3 53 0
FU 3 54 0
FU 3 63 189
FU 3 68 219
FU 3 69 222
FU 4 2 0
FU 4 5 0
FU 4 6 0
FU 4 8 0
FU 4 10 56
FU 4 17 1
FU 4 25 158
FU 4 28 0
FU 4 43 142
FU 4 59 0
FU 4 61 0
FU 4 67 0
FU 5 1 0
FU 5 2 0
FU 5 4 133
FU 5 6 0
FU 5 8 0
FU 5 10 50
FU 5 11 132
FU 5 13 129
FU 5 14 65
FU 5 17 0
FU 5 31 0
FU 5 34 87
FU 5 37 0
FU 5 43 76
FU 5 45 0
FU 5 56 233
FU 5 57 1
FU 5 58 0
FU 5 59 0
FU 5 60 0
FU 5 61 0
FU 5 64 0
FU 5 67 0
FU 6 1 0
FU 6 4 89
FU 6 5 0
FU 6 8 0
FU 6 10 78
FU 6 11 186
FU 6 13 207
FU 6 17 0
FU 6 30 0
FU 6 31 0
FU 6 34 77
FU 6 37 0
FU 6 43 113
FU 6 49 148
FU 6 52 0
FU 6 57 0
FU 6 59 0
FU 6 64 0
FU 6 67 0
FU 7 2 979
FU 7 16 0
FU 7 18 245
FU 7 28 0
FU 7 41 102
FU 7 50 0
FU 7 54 0
FU 7 60 0
FU 7 63 33
FU 7 65 0
FU 7 68 162
FU 7 69 128
FU 8 4 82
FU 8 5 0
FU 8 6 0
FU 8 10 101
FU 8 11 75
FU 8 12 0
FU 8 13 64
FU 8 14 41
FU 8 30 0
FU 8 31 0
FU 8 34 106
FU 8 37 0
FU 8 49 93
FU 8 52 0
FU 8 57 0
FU 8 59 0
FU 8 64 0
FU 8 67 0
FU 9 16 0
FU 9 18 228
FU 9 41 64
FU 9 50 0
FU 9 54 0
FU 9 60 0
FU 9 63 156
FU 9 65 0
FU 9 68 74
FU 9 69 201
FU 10 4 223
FU 10 5 0
FU 10 6 0
FU 10 8 0
FU 10 11 25
FU 10 13 85
FU 10 14 94
FU 10 17 1
FU 10 28 0
FU 10 37 0
FU 10 43 100
FU 10 58 0
FU 10 60 0
FU 10 61 0
FU 10 64 0
FU 12 1 0
FU 12 2 0
FU 12 8 0
FU 12 15 0
FU 12 17 0
FU 12 28 0
FU 12 31 0
FU 12 34 29
FU 12 40 65
FU 12 45 0
FU 12 56 194
FU 12 57 0
FU 12 58 0
FU 12 60 0
FU 12 61 0
FU 12 64 0
FU 12 67 0
FU 15 1 0
FU 15 2 0
FU 15 10 80
FU 15 11 78
FU 15 12 0
FU 15 13 51
FU 15 14 36
FU 15 17 0
FU 15 19 0
FU 15 22 0
FU 15 23 147
FU 15 25 100
FU 15 28 0
FU 15 31 0
FU 15 34 103
FU 15 36 56
FU 15 37 0
FU 15 39 0
FU 15 40 85
FU 15 43 99
FU 15 46 90
FU 15 49 37
FU 15 51 0
FU 15 52 0
FU 15 56 114
FU 15 57 0
FU 15 58 0
FU 15 60 0
FU 15 61 0
FU 15 67 0
FU 16 7 531
FU 16 9 766
FU 16 14 91
FU 16 19 0
FU 16 20 1995
FU 16 25 80
FU 16 35 112
FU 16 36 41
FU 16 42 1420
FU 16 50 709
FU 16 51 1
FU 16 55 65
FU 16 60 0
FU 16 63 98
FU 16 65 154
FU 16 68 86
FU 16 69 121
FU 17 1 0
FU 17 2 1
FU 17 4 64
FU 17 5 0
FU 17 6 0
FU 17 10 132
FU 17 11 79
FU 17 12 0
FU 17 13 70
FU 17 14 138
FU 17 15 0
FU 17 31 0
FU 17 37 0
FU 17 43 85
FU 17 45 0
FU 17 49 121
FU 17 56 26
FU 17 57 1
FU 17 58 0
FU 17 59 0
FU 17 60 0
FU 17 61 0
FU 17 64 0
FU 17 67 0
FU 19 15 18
FU 19 16 1206
FU 19 21 268
FU 19 22 695
FU 19 23 152
FU 19 27 0
FU 19 28 0
FU 19 33 140
FU 19 36 251
FU 19 46 200
FU 19 48 411
FU 19 51 1997
FU 19 52 947
FU 19 55 117
FU 19 65 98
FU 19 66 0
FU 20 3 0
FU 20 14 105
FU 20 16 0
FU 20 18 129
FU 20 25 78
FU 20 32 210
FU 20 38 210
FU 20 41 78
FU 20 42 0
FU 20 54 0
FU 20 63 131
FU 20 65 0
FU 20 69 187
FU 21 19 0
FU 21 27 0
FU 21 35 134
FU 21 36 40
FU 21 38 746
FU 21 55 138
FU 22 11 76
FU 22 13 98
FU 22 15 0
FU 22 19 0
FU 22 23 207
FU 22 28 0
FU 22 34 64
FU 22 36 35
FU 22 37 0
FU 22 39 0
FU 22 40 48
FU 22 46 113
FU 22 51 0
FU 22 52 0
FU 25 2 1
FU 25 4 177
FU 25 16 0
FU 25 18 76
FU 25 20 0
FU 25 28 0
FU 25 32 303
FU 25 42 0
FU 25 45 0
FU 25 53 0
FU 25 58 1
FU 25 60 0
FU 25 61 0
FU 25 67 0
FU 25 68 178
FU 26 13 39
FU 26 39 0
FU 27 19 1999
FU 27 21 915
FU 27 33 466
FU 27 35 955
FU 27 36 977
FU 27 55 997
FU 27 65 522
FU 27 66 1999
FU 27 0 2000
FU 28 2 0
FU 28 4 81
FU 28 7 1008
FU 28 10 117
FU 28 11 152
FU 28 12 435
FU 28 13 182
FU 28 14 86
FU 28 15 369
FU 28 19 0
FU 28 22 392
FU 28 23 139
FU 28 25 56
FU 28 31 1999
FU 28 34 125
FU 28 36 41
FU 28 37 0
FU 28 39 0
FU 28 40 49
FU 28 43 80
FU 28 46 119
FU 28 51 0
FU 28 52 229
FU 28 54 1998
FU 28 56 107
FU 28 57 1176
FU 28 58 991
FU 28 60 0
FU 28 61 1997
FU 28 66 0
FU 30 6 0
FU 30 8 0
FU 30 13 97
FU 30 39 0
FU 31 1 0
FU 31 2 0
FU 31 4 55
FU 31 5 0
FU 31 6 0
FU 31 8 0
FU 31 10 40
FU 31 11 72
FU 31 12 0
FU 31 13 77
FU 31 14 54
FU 31 15 0
FU 31 17 0
FU 31 28 0
FU 31 37 0
FU 31 43 95
FU 31 45 0
FU 31 49 136
FU 31 56 77
FU 31 57 0
FU 31 58 0
FU 31 59 0
FU 31 61 0
FU 31 64 0
FU 31 67 0
FU 33 19 0
FU 33 35 111
FU 33 36 28
FU 33 40 68
FU 33 46 54
FU 33 55 121
FU 33 65 169
FU 33 66 0
FU 34 1 0
FU 34 5 0
FU 34 6 0
FU 34 8 0
FU 34 12 542
FU 34 14 37
FU 34 15 1
FU 34 28 0
FU 34 37 0
FU 34 40 78
FU 34 43 84
FU 34 46 131
FU 34 52 0
FU 34 57 1
FU 34 60 0
FU 35 16 1
FU 35 21 360
FU 35 27 0
FU 35 33 191
FU 35 41 649
FU 35 48 378
FU 35 55 76
FU 35 63 122
FU 35 65 146
FU 36 11 61
FU 36 13 127
FU 36 15 147
FU 36 16 0
FU 36 19 0
FU 36 21 244
FU 36 22 484
FU 36 23 192
FU 36 27 0
FU 36 28 0
FU 36 33 205
FU 36 34 132
FU 36 37 1
FU 36 39 547
FU 36 40 805
FU 36 46 30
FU 36 48 471
FU 36 51 1
FU 36 52 134
FU 36 55 160
FU 36 63 76
FU 36 65 237
FU 37 1 0
FU 37 2 0
FU 37 5 0
FU 37 6 1999
FU 37 8 0
FU 37 10 63
FU 37 11 110
FU 37 13 67
FU 37 14 41
FU 37 15 0
FU 37 17 980
FU 37 22 0
FU 37 23 131
FU 37 28 0
FU 37 31 0
FU 37 34 53
FU 37 36 17
FU 37 40 40
FU 37 43 81
FU 37 49 107
FU 37 51 0
FU 37 52 0
FU 37 57 0
FU 37 60 0
FU 37 67 0
FU 38 21 0
FU 38 32 130
FU 38 41 178
FU 38 50 748
FU 38 63 202
FU 38 69 147
FU 39 15 0
FU 39 22 0
FU 39 26 0
FU 39 28 0
FU 39 30 0
FU 39 36 41
FU 39 46 43
FU 39 52 0
FU 39 66 0
FU 40 11 77
FU 40 12 511
FU 40 13 91
FU 40 14 33
FU 40 15 506
FU 40 28 0
FU 40 33 171
FU 40 36 69
FU 40 37 0
FU 40 51 0
FU 40 52 254
FU 40 57 773
FU 40 60 0
FU 41 7 437
FU 41 9 430
FU 41 18 97
FU 41 32 218
FU 41 35 111
FU 41 42 570
FU 41 47 458
FU 41 50 520
FU 41 68 180
FU 42 2 0
FU 42 3 0
FU 42 16 0
FU 42 18 93
FU 42 20 0
FU 42 25 113
FU 42 32 176
FU 42 41 85
FU 42 50 1
FU 42 53 0
FU 42 54 0
FU 42 63 72
FU 42 68 103
FU 42 69 213
FU 43 4 120
FU 43 5 0
FU 43 6 0
FU 43 10 100
FU 43 11 51
FU 43 13 49
FU 43 14 115
FU 43 17 4
FU 43 28 0
FU 43 34 96
FU 43 37 0
FU 43 58 0
FU 43 60 0
FU 43 64 0
FU 45 1 0
FU 45 2 0
FU 45 5 0
FU 45 10 59
FU 45 12 0
FU 45 14 71
FU 45 17 0
FU 45 25 73
FU 45 31 0
FU 45 43 59
FU 45 56 169
FU 45 57 0
FU 45 58 0
FU 45 60 0
FU 45 61 0
FU 45 64 0
FU 45 67 0
FU 46 15 270
FU 46 19 0
FU 46 22 426
FU 46 28 0
FU 46 33 189
FU 46 34 173
FU 46 36 40
FU 46 39 686
FU 46 51 0
FU 46 52 199
FU 46 55 57
FU 46 66 0
FU 47 41 108
FU 48 35 107
FU 48 36 23
FU 48 55 64
FU 50 3 0
FU 50 7 0
FU 50 9 0
FU 50 14 28
FU 50 16 0
FU 50 18 144
FU 50 25 44
FU 50 32 150
FU 50 38 135
FU 50 41 83
FU 50 42 0
FU 50 47 428
FU 50 53 0
FU 50 54 0
FU 50 63 177
FU 50 68 102
FU 50 69 92
FU 51 1 987
FU 51 11 45
FU 51 13 82
FU 51 15 349
FU 51 16 1
FU 51 19 0
FU 51 22 2
FU 51 23 197
FU 51 28 0
FU 51 34 25
FU 51 36 98
FU 51 37 0
FU 51 40 59
FU 51 46 75
FU 51 52 118
FU 51 60 1996
FU 51 65 162
FU 52 1 999
FU 52 6 0
FU 52 8 0
FU 52 10 151
FU 52 11 181
FU 52 13 84
FU 52 15 2
FU 52 19 0
FU 52 22 0
FU 52 23 281
FU 52 28 0
FU 52 34 167
FU 52 36 87
FU 52 37 0
FU 52 39 0
FU 52 40 167
FU 52 46 61
FU 52 49 132
FU 52 51 0
FU 53 2 0
FU 53 3 0
FU 53 18 157
FU 53 25 80
FU 53 32 119
FU 53 41 117
FU 53 42 1
FU 53 50 1
FU 53 54 0
FU 53 68 167
FU 53 69 112
FU 54 2 0
FU 54 3 0
FU 54 7 5
FU 54 9 0
FU 54 14 107
FU 54 18 259
FU 54 20 0
FU 54 25 99
FU 54 28 0
FU 54 32 243
FU 54 41 46
FU 54 42 0
FU 54 50 0
FU 54 53 0
FU 54 63 55
FU 54 68 197
FU 54 69 179
FU 55 16 790
FU 55 19 0
FU 55 21 212
FU 55 27 0
FU 55 33 104
FU 55 35 143
FU 55 36 36
FU 55 46 841
FU 55 48 394
FU 55 63 208
FU 55 65 267
FU 55 66 0
FU 57 1 0
FU 57 2 0
FU 57 4 158
FU 57 5 0
FU 57 6 0
FU 57 8 0
FU 57 10 84
FU 57 11 132
FU 57 12 0
FU 57 13 153
FU 57 14 69
FU 57 15 0
FU 57 17 0
FU 57 23 177
FU 57 25 84
FU 57 28 0
FU 57 31 0
FU 57 34 79
FU 57 37 0
FU 57 40 16
FU 57 43 72
FU 57 45 0
FU 57 49 247
FU 57 56 171
FU 57 58 0
FU 57 60 0
FU 57 61 0
FU 57 64 0
FU 57 67 0
FU 58 1 0
FU 58 2 0
FU 58 5 0
FU 58 10 99
FU 58 12 0
FU 58 14 76
FU 58 15 0
FU 58 17 0
FU 58 25 106
FU 58 28 0
FU 58 31 0
FU 58 43 58
FU 58 45 0
FU 58 56 133
FU 58 57 8
FU 58 60 0
FU 58 61 0
FU 58 67 0
FU 59 2 0
FU 59 4 99
FU 59 5 0
FU 59 6 0
FU 59 8 0
FU 59 17 0
FU 59 31 0
FU 59 49 236
FU 59 64 0
FU 60 1 0
FU 60 2 1006
FU 60 5 1997
FU 60 7 2
FU 60 9 788
FU 60 10 91
FU 60 12 503
FU 60 14 89
FU 60 15 329
FU 60 16 0
FU 60 17 994
FU 60 23 92
FU 60 25 89
FU 60 28 0
FU 60 34 195
FU 60 37 1998
FU 60 40 45
FU 60 43 91
FU 60 45 1997
FU 60 51 0
FU 60 57 6
FU 60 58 996
FU 60 63 179
FU 60 65 94
FU 60 67 1998
FU 61 1 0
FU 61 2 0
FU 61 4 100
FU 61 5 0
FU 61 10 100
FU 61 12 0
FU 61 14 40
FU 61 15 0
FU 61 17 1
FU 61 25 41
FU 61 28 0
FU 61 31 0
FU 61 43 50
FU 61 45 0
FU 61 49 82
FU 61 56 297
FU 61 57 6
FU 61 58 0
FU 61 64 0
FU 61 67 0
FU 64 1 0
FU 64 2 0
FU 64 4 105
FU 64 5 0
FU 64 6 0
FU 64 8 0
FU 64 10 20
FU 64 12 0
FU 64 14 157
FU 64 17 0
FU 64 31 0
FU 64 43 57
FU 64 45 0
FU 64 49 73
FU 64 56 57
FU 64 57 6
FU 64 59 0
FU 64 61 0
FU 64 67 0
FU 65 7 0
FU 65 9 0
FU 65 14 121
FU 65 16 0
FU 65 19 0
FU 65 20 0
FU 65 27 0
FU 65 33 154
FU 65 35 160
FU 65 36 21
FU 65 51 0
FU 65 55 97
FU 65 60 0
FU 65 63 163
FU 65 66 0
FU 66 19 0
FU 66 27 0
FU 66 28 1999
FU 66 33 147
FU 66 39 765
FU 66 46 98
FU 66 55 107
FU 66 65 149
FU 67 1 0
FU 67 4 57
FU 67 5 0
FU 67 6 0
FU 67 8 0
FU 67 10 35
FU 67 11 94
FU 67 12 0
FU 67 13 67
FU 67 14 109
FU 67 15 0
FU 67 17 0
FU 67 25 36
FU 67 31 0
FU 67 37 0
FU 67 43 29
FU 67 45 0
FU 67 49 230
FU 67 56 139
FU 67 57 0
FU 67 58 0
FU 67 60 0
FU 67 61 0
FU 67 64 0
FU 68 3 0
FU 68 16 0
FU 68 18 136
FU 68 25 87
FU 68 32 100
FU 68 41 81
FU 68 42 0
FU 68 50 4
FU 68 53 0
FU 69 38 198
