Nodes: 31
Arcs: 206
Terminals_rem: 1
Nodes_rem: 9
Arcs_rem: 46
First LB: 1
LB: 1
Iter. LB: 0
First UB: 7
UB: 2
Iter. UB: 278
gap: 50
BM. Time: 0
Runtime: 48
FL 0 4 15
FL 0 17 8
FL 0 10 29
FL 0 22 7
FL 0 13 1
FL 0 30 6
FL 0 25 15
FL 0 24 2
FL 0 9 2000
FL 0 28 23
FL 0 29 1
FL 0 12 19
FL 0 1 582
FL 0 2 1250
FL 0 3 2000
FL 0 5 664
FL 0 6 184
FL 0 7 2000
FL 0 8 357
FL 0 11 40
FL 0 14 288
FL 0 15 744
FL 0 16 2000
FL 0 18 2000
FL 0 19 2000
FL 0 20 2000
FL 0 21 2000
FL 0 23 417
FL 0 27 2000
FL 1 2 115
FL 1 4 228
FL 1 5 923
FL 1 6 21
FL 1 10 121
FL 1 11 12
FL 1 12 51
FL 1 14 194
FL 1 15 695
FL 1 17 173
FL 1 25 479
FL 1 28 394
FL 2 1 76
FL 2 10 776
FL 2 11 4
FL 2 12 174
FL 2 14 213
FL 2 15 161
FL 2 17 316
FL 2 25 704
FL 2 28 323
FL 4 1 177
FL 4 5 622
FL 4 6 14
FL 4 10 1038
FL 4 12 224
FL 4 15 310
FL 4 28 754
FL 5 1 20
FL 5 4 189
FL 6 1 1911
FL 6 4 3727
FL 6 8 486
FL 6 11 317
FL 6 12 2626
FL 6 13 557
FL 6 17 1905
FL 6 24 767
FL 6 26 0
FL 6 29 769
FL 6 30 860
FL 8 6 2077
FL 8 11 1979
FL 8 13 807
FL 8 26 0
FL 10 1 55
FL 10 2 149
FL 10 4 253
FL 10 12 3
FL 10 14 226
FL 10 15 58
FL 10 17 161
FL 10 23 488
FL 10 25 289
FL 10 28 216
FL 11 1 2117
FL 11 2 2738
FL 11 6 120
FL 11 8 278
FL 11 12 5012
FL 11 13 213
FL 11 17 264
FL 11 24 387
FL 11 26 0
FL 11 29 674
FL 11 30 683
FL 12 1 113
FL 12 2 122
FL 12 4 507
FL 12 6 42
FL 12 10 1310
FL 12 11 22
FL 12 14 329
FL 12 15 1432
FL 12 17 442
FL 12 25 757
FL 12 28 1201
FL 13 6 281
FL 13 8 264
FL 13 11 465
FL 13 22 1232
FL 13 23 538
FL 13 24 809
FL 13 26 0
FL 13 29 623
FL 13 30 795
FL 14 10 8
FL 14 15 79
FL 14 17 6
FL 14 25 5
FL 14 28 6
FL 15 1 119
FL 15 14 212
FL 15 22 1393
FL 17 1 104
FL 17 2 118
FL 17 6 6
FL 17 10 293
FL 17 11 9
FL 17 12 159
FL 17 14 294
FL 17 15 81
FL 17 28 317
FL 22 13 1
FL 22 15 74
FL 22 23 557
FL 23 13 0
FL 24 6 13
FL 24 11 9
FL 24 13 60
FL 24 30 314
FL 25 1 43
FL 25 2 107
FL 25 10 143
FL 25 12 4
FL 25 14 162
FL 25 15 30
FL 25 28 72
FL 26 6 13099
FL 26 8 5478
FL 26 11 11591
FL 26 13 5180
FL 26 0 22652
FL 28 1 89
FL 28 2 148
FL 28 4 220
FL 28 10 180
FL 28 12 5
FL 28 14 186
FL 28 15 60
FL 28 17 106
FL 28 25 312
FL 29 6 13
FL 29 11 7
FL 29 13 47
FL 30 6 55
FL 30 11 31
FL 30 13 141
FL 30 24 431
FU 0 4 6
FU 0 17 11
FU 0 10 13
FU 0 22 5
FU 0 13 1
FU 0 30 5
FU 0 25 9
FU 0 24 5
FU 0 9 2000
FU 0 28 9
FU 0 29 3
FU 0 12 43
FU 0 1 221
FU 0 2 453
FU 0 3 2000
FU 0 5 622
FU 0 6 107
FU 0 7 2000
FU 0 8 300
FU 0 11 84
FU 0 14 209
FU 0 15 366
FU 0 16 2000
FU 0 18 2000
FU 0 19 2000
FU 0 20 2000
FU 0 21 2000
FU 0 23 417
FU 0 27 2000
FU 1 2 113
FU 1 4 213
FU 1 5 777
FU 1 6 44
FU 1 10 131
FU 1 11 13
FU 1 12 145
FU 1 14 201
FU 1 15 337
FU 1 17 161
FU 1 25 427
FU 1 28 263
FU 2 1 77
FU 2 10 356
FU 2 11 21
FU 2 12 108
FU 2 14 201
FU 2 15 98
FU 2 17 261
FU 2 25 497
FU 2 28 194
FU 4 1 80
FU 4 5 601
FU 4 6 26
FU 4 10 424
FU 4 12 133
FU 4 15 140
FU 4 28 371
FU 5 1 41
FU 5 4 147
FU 6 1 523
FU 6 4 922
FU 6 8 320
FU 6 11 113
FU 6 12 549
FU 6 13 245
FU 6 17 795
FU 6 24 623
FU 6 26 0
FU 6 29 728
FU 6 30 593
FU 8 6 542
FU 8 11 486
FU 8 13 330
FU 8 26 0
FU 10 1 54
FU 10 2 161
FU 10 4 183
FU 10 12 0
FU 10 14 227
FU 10 15 66
FU 10 17 153
FU 10 23 498
FU 10 25 287
FU 10 28 188
FU 11 1 577
FU 11 2 818
FU 11 6 54
FU 11 8 176
FU 11 12 894
FU 11 13 161
FU 11 17 245
FU 11 24 359
FU 11 26 0
FU 11 29 657
FU 11 30 518
FU 12 1 93
FU 12 2 98
FU 12 4 302
FU 12 6 31
FU 12 10 526
FU 12 11 62
FU 12 14 319
FU 12 15 685
FU 12 17 261
FU 12 25 515
FU 12 28 589
FU 13 6 92
FU 13 8 235
FU 13 11 145
FU 13 22 1004
FU 13 23 533
FU 13 24 608
FU 13 26 0
FU 13 29 612
FU 13 30 561
FU 14 10 2
FU 14 15 58
FU 14 17 0
FU 14 25 0
FU 14 28 0
FU 15 1 91
FU 15 14 206
FU 15 22 991
FU 17 1 92
FU 17 2 116
FU 17 6 25
FU 17 10 201
FU 17 11 0
FU 17 12 128
FU 17 14 286
FU 17 15 68
FU 17 28 263
FU 22 13 0
FU 22 15 75
FU 22 23 552
FU 23 13 0
FU 24 6 19
FU 24 11 13
FU 24 13 67
FU 24 30 323
FU 25 1 43
FU 25 2 124
FU 25 10 157
FU 25 12 0
FU 25 14 167
FU 25 15 71
FU 25 28 123
FU 26 6 994
FU 26 8 969
FU 26 11 988
FU 26 13 926
FU 26 0 2000
FU 28 1 108
FU 28 2 117
FU 28 4 227
FU 28 10 190
FU 28 12 0
FU 28 14 184
FU 28 15 36
FU 28 17 113
FU 28 25 265
FU 29 6 16
FU 29 11 45
FU 29 13 149
FU 30 6 50
FU 30 11 30
FU 30 13 121
FU 30 24 405
