Nodes: 71
Arcs: 1700
Terminals_rem: 0
Nodes_rem: 2
Arcs_rem: 418
First LB: 5
LB: 5
Iter. LB: 0
First UB: 23
UB: 13
Iter. UB: 121
gap: 61.5385
BM. Time: 0
Runtime: 677
FL 0 28 5
FL 0 8 36
FL 0 10 57
FL 0 68 35
FL 0 57 3014
FL 0 12 2348
FL 0 52 53
FL 0 13 7
FL 0 60 50
FL 0 33 7
FL 0 65 2922
FL 0 62 5
FL 0 32 19
FL 0 25 8
FL 0 40 24
FL 0 30 44
FL 0 11 2
FL 0 45 0
FL 0 2 53
FL 0 21 2196
FL 0 37 56
FL 0 70 17
FL 0 36 48
FL 0 5 0
FL 0 50 38
FL 0 47 2222
FL 0 56 8
FL 0 66 67
FL 0 34 41
FL 0 41 62
FL 0 16 4
FL 0 53 16
FL 0 24 73
FL 0 63 0
FL 0 9 11
FL 0 59 111
FL 0 44 0
FL 0 43 7
FL 0 55 8
FL 0 6 61
FL 0 46 122
FL 0 18 14
FL 0 1 210
FL 0 3 331
FL 0 4 43
FL 0 7 212
FL 0 14 2000
FL 0 15 117
FL 0 17 2000
FL 0 19 525
FL 0 20 957
FL 0 22 216
FL 0 23 1774
FL 0 27 91
FL 0 29 57
FL 0 31 231
FL 0 35 93
FL 0 38 1174
FL 0 39 92
FL 0 42 1029
FL 0 48 142
FL 0 49 155
FL 0 51 104
FL 0 54 1617
FL 0 58 147
FL 0 61 2208
FL 0 64 248
FL 0 67 116
FL 0 69 227
FL 1 42 52
FL 1 46 17
FL 1 58 19
FL 1 64 14
FL 2 5 0
FL 2 7 152
FL 2 9 6
FL 2 18 3
FL 2 20 64
FL 2 22 51
FL 2 24 9
FL 2 35 93
FL 2 39 5
FL 2 42 102
FL 2 45 0
FL 2 46 13
FL 2 48 73
FL 2 51 121
FL 2 52 13
FL 2 54 53
FL 2 57 0
FL 2 59 6
FL 2 60 11
FL 2 61 22
FL 2 65 0
FL 2 66 13
FL 3 4 127
FL 3 13 366
FL 3 25 112
FL 3 26 0
FL 3 28 118
FL 3 45 0
FL 3 62 224
FL 4 3 115
FL 4 5 8
FL 4 11 390
FL 4 16 331
FL 4 25 65
FL 4 26 0
FL 4 27 49
FL 4 28 45
FL 4 29 65
FL 4 31 175
FL 4 43 433
FL 4 49 173
FL 4 55 111
FL 4 56 251
FL 4 62 155
FL 5 1 45
FL 5 2 808
FL 5 4 284
FL 5 6 878
FL 5 8 956
FL 5 10 8
FL 5 13 381
FL 5 15 139
FL 5 16 158
FL 5 18 97
FL 5 19 108
FL 5 20 237
FL 5 22 73
FL 5 23 701
FL 5 25 61
FL 5 26 0
FL 5 29 116
FL 5 30 586
FL 5 31 219
FL 5 33 1
FL 5 35 51
FL 5 36 5
FL 5 41 2288
FL 5 44 0
FL 5 45 0
FL 5 48 37
FL 5 49 104
FL 5 51 60
FL 5 52 814
FL 5 54 52
FL 5 57 0
FL 5 58 5
FL 5 59 4
FL 5 60 9
FL 5 61 1781
FL 5 64 6
FL 5 65 0
FL 5 66 1370
FL 5 67 181
FL 5 68 751
FL 5 69 95
FL 5 70 1106
FL 6 5 0
FL 6 20 86
FL 6 39 6
FL 6 42 39
FL 6 45 0
FL 6 46 17
FL 6 48 109
FL 6 51 24
FL 6 52 12
FL 6 54 44
FL 6 57 1
FL 6 59 9
FL 6 60 14
FL 6 61 30
FL 6 65 0
FL 6 66 20
FL 7 40 8
FL 7 64 14
FL 8 1 172
FL 8 5 0
FL 8 7 75
FL 8 9 6
FL 8 10 10
FL 8 12 0
FL 8 13 0
FL 8 20 139
FL 8 21 0
FL 8 22 97
FL 8 24 8
FL 8 30 252
FL 8 32 3
FL 8 36 8
FL 8 37 4
FL 8 38 16
FL 8 40 3
FL 8 41 9
FL 8 44 0
FL 8 47 0
FL 8 48 56
FL 8 50 5
FL 8 51 96
FL 8 52 11
FL 8 53 0
FL 8 58 3
FL 8 59 6
FL 8 60 11
FL 8 61 15
FL 8 64 14
FL 8 66 11
FL 8 69 134
FL 8 70 2
FL 9 2 3
FL 9 7 34
FL 9 8 0
FL 9 10 1
FL 9 13 0
FL 9 15 103
FL 9 20 14
FL 9 24 3
FL 9 26 0
FL 9 27 72
FL 9 29 71
FL 9 30 1
FL 9 32 1
FL 9 33 37
FL 9 34 1
FL 9 36 1
FL 9 37 1
FL 9 38 25
FL 9 39 1
FL 9 40 1
FL 9 42 98
FL 9 43 0
FL 9 44 0
FL 9 45 0
FL 9 46 5
FL 9 47 0
FL 9 48 95
FL 9 50 1
FL 9 51 18
FL 9 52 1
FL 9 54 18
FL 9 57 0
FL 9 58 1
FL 9 59 0
FL 9 60 2
FL 9 61 7
FL 9 64 2
FL 9 65 0
FL 9 66 3
FL 10 1 124
FL 10 5 0
FL 10 7 36
FL 10 8 6
FL 10 9 5
FL 10 12 0
FL 10 13 0
FL 10 20 32
FL 10 21 0
FL 10 22 59
FL 10 24 8
FL 10 30 313
FL 10 32 3
FL 10 36 6
FL 10 37 3
FL 10 38 45
FL 10 40 2
FL 10 41 6
FL 10 44 0
FL 10 45 0
FL 10 47 0
FL 10 48 37
FL 10 50 4
FL 10 51 108
FL 10 52 10
FL 10 58 6
FL 10 59 3
FL 10 60 9
FL 10 61 11
FL 10 64 7
FL 10 66 8
FL 10 69 184
FL 10 70 1
FL 11 4 140
FL 11 13 0
FL 11 15 111
FL 11 16 0
FL 11 25 0
FL 11 26 0
FL 11 28 0
FL 11 45 0
FL 11 62 0
FL 12 8 12
FL 12 10 13
FL 12 13 4
FL 12 24 12
FL 12 32 11
FL 12 36 12
FL 12 40 5
FL 12 47 0
FL 12 50 11
FL 12 51 127
FL 12 53 8
FL 12 58 12
FL 12 64 13
FL 12 69 104
FL 12 70 11
FL 13 1 264
FL 13 3 222
FL 13 5 0
FL 13 7 49
FL 13 8 18
FL 13 9 10
FL 13 10 23
FL 13 11 2
FL 13 12 2
FL 13 20 166
FL 13 21 0
FL 13 22 98
FL 13 24 16
FL 13 26 0
FL 13 31 232
FL 13 32 13
FL 13 36 22
FL 13 37 17
FL 13 40 13
FL 13 41 16
FL 13 44 0
FL 13 45 0
FL 13 47 1
FL 13 48 53
FL 13 50 14
FL 13 51 67
FL 13 52 22
FL 13 53 13
FL 13 58 22
FL 13 59 25
FL 13 60 21
FL 13 61 426
FL 13 64 24
FL 13 66 30
FL 13 69 233
FL 16 4 81
FL 16 5 0
FL 16 11 2
FL 16 15 161
FL 16 25 72
FL 16 26 0
FL 16 33 112
FL 16 44 0
FL 16 45 0
FL 16 49 67
FL 16 55 70
FL 16 62 146
FL 16 63 0
FL 16 67 91
FL 18 2 1044
FL 18 5 0
FL 18 7 77
FL 18 20 267
FL 18 22 107
FL 18 25 75
FL 18 26 0
FL 18 27 47
FL 18 29 91
FL 18 30 1021
FL 18 33 29
FL 18 35 19
FL 18 39 1481
FL 18 42 29
FL 18 43 0
FL 18 45 0
FL 18 46 14
FL 18 48 76
FL 18 49 32
FL 18 51 35
FL 18 52 1751
FL 18 54 48
FL 18 55 52
FL 18 56 72
FL 18 57 0
FL 18 59 10
FL 18 60 11
FL 18 61 17
FL 18 63 0
FL 18 65 0
FL 18 66 10
FL 18 67 129
FL 19 5 0
FL 19 20 46
FL 19 39 12
FL 19 42 66
FL 19 45 0
FL 19 46 17
FL 19 48 55
FL 19 52 18
FL 19 54 81
FL 19 57 1
FL 19 61 72
FL 20 2 10
FL 20 5 0
FL 20 6 11
FL 20 8 14
FL 20 13 196
FL 20 19 78
FL 20 22 86
FL 20 23 103
FL 20 24 16
FL 20 30 12
FL 20 42 161
FL 20 46 24
FL 20 48 122
FL 20 54 69
FL 20 68 11
FL 21 8 11
FL 21 10 11
FL 21 13 2
FL 21 36 9
FL 21 40 4
FL 21 47 0
FL 21 50 8
FL 21 51 40
FL 21 53 3
FL 21 58 10
FL 21 64 17
FL 21 69 80
FL 21 70 4
FL 22 24 17
FL 22 29 43
FL 22 42 70
FL 22 46 20
FL 23 5 0
FL 23 20 31
FL 23 39 2101
FL 23 42 183
FL 23 45 19
FL 23 46 27
FL 23 48 47
FL 23 52 16
FL 23 54 78
FL 23 57 1
FL 23 59 12
FL 23 60 15
FL 23 61 82
FL 24 2 8
FL 24 7 96
FL 24 8 9
FL 24 9 4
FL 24 10 6
FL 24 12 0
FL 24 13 2
FL 24 20 75
FL 24 22 61
FL 24 30 6
FL 24 32 3
FL 24 34 9
FL 24 36 12
FL 24 38 13
FL 24 39 4
FL 24 40 3
FL 24 42 52
FL 24 46 13
FL 24 47 0
FL 24 48 35
FL 24 50 6
FL 24 51 102
FL 24 54 34
FL 24 58 6
FL 24 59 7
FL 24 60 12
FL 24 61 14
FL 24 64 11
FL 24 65 0
FL 24 66 12
FL 24 69 228
FL 25 3 158
FL 25 4 54
FL 25 5 0
FL 25 11 542
FL 25 15 215
FL 25 16 133
FL 25 18 114
FL 25 26 0
FL 25 27 146
FL 25 28 71
FL 25 29 20
FL 25 31 136
FL 25 33 112
FL 25 35 74
FL 25 43 0
FL 25 45 0
FL 25 49 44
FL 25 55 93
FL 25 56 66
FL 25 62 144
FL 25 63 0
FL 25 67 166
FL 26 3 1620
FL 26 4 3094
FL 26 5 16567
FL 26 9 1051
FL 26 11 512
FL 26 13 2712
FL 26 15 114
FL 26 16 1256
FL 26 18 7325
FL 26 25 3019
FL 26 27 1883
FL 26 28 3748
FL 26 29 3477
FL 26 31 541
FL 26 33 2965
FL 26 35 1395
FL 26 43 1405
FL 26 44 14513
FL 26 45 29324
FL 26 49 2057
FL 26 55 2361
FL 26 56 2102
FL 26 62 2279
FL 26 63 2624
FL 26 67 69
FL 26 0 29987
FL 27 4 41
FL 27 9 337
FL 27 18 59
FL 27 25 56
FL 27 28 62
FL 27 29 31
FL 27 33 27
FL 27 35 41
FL 27 43 236
FL 27 49 35
FL 27 55 102
FL 27 56 120
FL 28 3 134
FL 28 4 44
FL 28 11 559
FL 28 25 74
FL 28 26 0
FL 28 27 15
FL 28 29 39
FL 28 31 218
FL 28 33 28
FL 28 35 56
FL 28 36 1017
FL 28 43 1
FL 28 44 1
FL 28 45 0
FL 28 49 94
FL 28 55 128
FL 28 56 131
FL 28 62 142
FL 28 63 0
FL 28 67 104
FL 29 4 52
FL 29 5 0
FL 29 9 293
FL 29 18 125
FL 29 22 48
FL 29 25 164
FL 29 26 0
FL 29 27 158
FL 29 28 74
FL 29 33 97
FL 29 35 22
FL 29 43 185
FL 29 49 75
FL 29 52 901
FL 29 55 166
FL 29 56 101
FL 29 62 189
FL 30 5 0
FL 30 7 90
FL 30 8 809
FL 30 9 6
FL 30 10 9
FL 30 18 4
FL 30 20 38
FL 30 22 43
FL 30 24 8
FL 30 34 5
FL 30 37 4
FL 30 39 6
FL 30 42 21
FL 30 45 0
FL 30 46 14
FL 30 48 70
FL 30 51 89
FL 30 52 13
FL 30 54 39
FL 30 57 1
FL 30 59 4
FL 30 60 11
FL 30 61 13
FL 30 65 1
FL 30 66 14
FL 31 5 0
FL 31 13 67
FL 31 25 27
FL 31 26 0
FL 31 28 109
FL 32 7 101
FL 32 8 7
FL 32 9 5
FL 32 10 8
FL 32 12 0
FL 32 13 0
FL 32 24 8
FL 32 34 7
FL 32 37 2
FL 32 38 20
FL 32 40 3
FL 32 41 8
FL 32 47 0
FL 32 53 0
FL 32 59 5
FL 32 61 17
FL 32 64 13
FL 33 4 85
FL 33 5 0
FL 33 9 487
FL 33 15 126
FL 33 16 89
FL 33 18 82
FL 33 22 108
FL 33 25 68
FL 33 26 0
FL 33 27 150
FL 33 28 182
FL 33 29 62
FL 33 35 54
FL 33 43 98
FL 33 45 0
FL 33 49 42
FL 33 52 8
FL 33 55 106
FL 33 56 70
FL 33 62 282
FL 33 63 0
FL 33 67 121
FL 34 9 6
FL 34 20 25
FL 34 24 8
FL 34 30 8
FL 34 32 3
FL 34 37 5
FL 34 38 14
FL 34 39 3
FL 34 40 4
FL 34 42 20
FL 34 46 14
FL 34 47 0
FL 34 48 11
FL 34 52 11
FL 34 54 39
FL 34 57 1
FL 34 59 7
FL 34 60 12
FL 34 61 18
FL 34 66 11
FL 35 18 119
FL 35 25 88
FL 35 27 122
FL 35 28 66
FL 35 29 34
FL 35 33 109
FL 35 49 51
FL 35 54 66
FL 35 55 104
FL 35 56 107
FL 36 5 0
FL 36 7 129
FL 36 8 9
FL 36 9 4
FL 36 10 7
FL 36 12 0
FL 36 13 0
FL 36 21 0
FL 36 22 63
FL 36 24 7
FL 36 28 3
FL 36 31 177
FL 36 37 3
FL 36 41 6
FL 36 44 0
FL 36 45 0
FL 36 48 16
FL 36 50 4
FL 36 51 28
FL 36 58 5
FL 36 59 5
FL 36 60 8
FL 36 64 10
FL 36 66 11
FL 36 69 92
FL 36 70 1
FL 37 7 88
FL 37 8 10
FL 37 9 7
FL 37 10 10
FL 37 13 2
FL 37 20 42
FL 37 30 10
FL 37 32 4
FL 37 34 10
FL 37 36 9
FL 37 38 37
FL 37 39 4
FL 37 40 4
FL 37 42 61
FL 37 46 14
FL 37 47 0
FL 37 48 80
FL 37 50 9
FL 37 51 135
FL 37 54 74
FL 37 57 1
FL 37 58 12
FL 37 59 8
FL 37 60 11
FL 37 61 14
FL 37 64 13
FL 37 66 13
FL 38 59 1731
FL 39 2 12
FL 39 6 8
FL 39 19 116
FL 39 23 33
FL 39 24 13
FL 39 30 12
FL 39 37 2508
FL 39 42 42
FL 39 46 32
FL 39 48 63
FL 39 54 53
FL 39 68 10
FL 40 7 78
FL 40 8 8
FL 40 9 8
FL 40 10 10
FL 40 12 1
FL 40 13 1
FL 40 21 0
FL 40 24 8
FL 40 32 4
FL 40 34 7
FL 40 37 5
FL 40 38 58
FL 40 41 7
FL 40 47 0
FL 40 48 90
FL 40 50 9
FL 40 53 0
FL 40 58 12
FL 40 59 7
FL 40 60 11
FL 40 61 13
FL 40 64 12
FL 40 66 12
FL 41 5 0
FL 41 8 8
FL 41 10 8
FL 41 13 2
FL 41 20 49
FL 41 32 1
FL 41 36 10
FL 41 38 41
FL 41 39 4
FL 41 40 3
FL 41 42 15
FL 41 46 15
FL 41 47 0
FL 41 48 45
FL 41 50 4
FL 41 51 140
FL 41 52 11
FL 41 54 86
FL 41 57 1
FL 41 58 10
FL 41 59 7
FL 41 60 11
FL 41 61 22
FL 41 64 10
FL 41 65 0
FL 41 66 14
FL 42 1 96
FL 42 2 14
FL 42 6 12
FL 42 19 111
FL 42 20 94
FL 42 22 100
FL 42 23 91
FL 42 24 12
FL 42 30 12
FL 42 39 17
FL 42 45 0
FL 42 46 25
FL 42 48 35
FL 42 52 19
FL 42 54 91
FL 42 59 21
FL 42 68 12
FL 43 4 41
FL 43 9 2
FL 43 15 187
FL 43 18 1
FL 43 25 1
FL 43 26 0
FL 43 27 26
FL 43 28 0
FL 43 29 53
FL 43 33 0
FL 43 35 122
FL 43 49 49
FL 43 55 128
FL 43 56 173
FL 43 63 0
FL 43 67 168
FL 44 5 0
FL 44 7 101
FL 44 8 571
FL 44 9 312
FL 44 10 1046
FL 44 13 193
FL 44 15 98
FL 44 16 144
FL 44 22 57
FL 44 26 0
FL 44 28 41
FL 44 36 1370
FL 44 45 0
FL 44 48 40
FL 44 50 2276
FL 44 51 77
FL 44 52 1313
FL 44 58 0
FL 44 59 1149
FL 44 60 2384
FL 44 64 1
FL 44 69 279
FL 44 70 1062
FL 45 1 80
FL 45 2 8
FL 45 3 182
FL 45 5 0
FL 45 6 703
FL 45 9 2
FL 45 10 1716
FL 45 11 2
FL 45 13 6
FL 45 15 117
FL 45 16 3
FL 45 18 1
FL 45 19 146
FL 45 20 57
FL 45 22 82
FL 45 23 987
FL 45 25 2
FL 45 26 0
FL 45 28 0
FL 45 29 66
FL 45 30 577
FL 45 31 59
FL 45 33 1
FL 45 35 145
FL 45 36 6
FL 45 42 24
FL 45 44 0
FL 45 46 8247
FL 45 48 74
FL 45 49 224
FL 45 51 68
FL 45 52 10
FL 45 54 31
FL 45 57 2
FL 45 58 6355
FL 45 59 6
FL 45 60 10
FL 45 64 5314
FL 45 65 1
FL 45 66 1233
FL 45 67 69
FL 45 68 735
FL 46 1 139
FL 46 2 759
FL 46 6 660
FL 46 7 80
FL 46 9 5
FL 46 18 2
FL 46 19 168
FL 46 20 72
FL 46 22 66
FL 46 23 36
FL 46 24 2511
FL 46 30 373
FL 46 34 10
FL 46 37 4
FL 46 39 1066
FL 46 41 6
FL 46 42 53
FL 46 45 0
FL 46 48 18
FL 46 52 10
FL 46 54 49
FL 46 57 1
FL 46 59 6
FL 46 60 6
FL 46 61 18
FL 46 65 0
FL 46 66 10
FL 46 68 680
FL 47 7 14
FL 47 8 11
FL 47 9 7
FL 47 10 11
FL 47 12 1
FL 47 13 2
FL 47 21 0
FL 47 24 10
FL 47 32 8
FL 47 34 12
FL 47 37 8
FL 47 38 94
FL 47 40 4
FL 47 41 11
FL 47 59 9
FL 47 61 23
FL 48 40 9
FL 49 4 90
FL 49 5 0
FL 49 16 129
FL 49 18 75
FL 49 25 61
FL 49 26 0
FL 49 27 84
FL 49 28 75
FL 49 29 83
FL 49 33 133
FL 49 35 100
FL 49 43 219
FL 49 45 8
FL 49 55 89
FL 49 56 91
FL 49 62 214
FL 50 1 86
FL 50 8 10
FL 50 9 7
FL 50 10 7
FL 50 12 0
FL 50 13 1
FL 50 21 0
FL 50 22 59
FL 50 24 9
FL 50 36 8
FL 50 37 5
FL 50 40 4
FL 50 41 7
FL 50 44 0
FL 50 51 105
FL 50 58 6
FL 50 59 4
FL 50 64 11
FL 50 69 86
FL 50 70 1
FL 52 1 101
FL 52 2 9
FL 52 5 0
FL 52 6 6
FL 52 7 55
FL 52 8 10
FL 52 9 6
FL 52 10 10
FL 52 13 1
FL 52 18 3
FL 52 19 105
FL 52 22 116
FL 52 23 75
FL 52 29 106
FL 52 30 8
FL 52 33 3
FL 52 34 2078
FL 52 35 51
FL 52 39 6
FL 52 41 7
FL 52 42 92
FL 52 44 0
FL 52 45 0
FL 52 46 13
FL 52 48 99
FL 52 51 85
FL 52 54 48
FL 52 57 1
FL 52 59 4
FL 52 60 9
FL 52 61 13
FL 52 65 0
FL 52 66 12
FL 52 68 6
FL 53 8 12
FL 53 12 1
FL 53 13 2
FL 53 21 0
FL 53 32 9
FL 53 40 4
FL 53 58 12
FL 54 2 16
FL 54 5 0
FL 54 6 19
FL 54 7 96
FL 54 15 217
FL 54 18 11
FL 54 19 144
FL 54 20 114
FL 54 22 69
FL 54 23 182
FL 54 24 17
FL 54 30 13
FL 54 35 125
FL 54 37 15
FL 54 39 20
FL 54 42 82
FL 54 45 0
FL 54 46 31
FL 54 48 27
FL 54 52 19
FL 54 68 11
FL 55 4 83
FL 55 16 190
FL 55 18 147
FL 55 25 171
FL 55 26 0
FL 55 27 45
FL 55 28 66
FL 55 29 70
FL 55 33 107
FL 55 35 72
FL 55 43 207
FL 55 49 50
FL 55 56 200
FL 55 63 0
FL 55 67 230
FL 56 4 39
FL 56 18 310
FL 56 25 59
FL 56 26 0
FL 56 27 148
FL 56 28 63
FL 56 29 68
FL 56 33 249
FL 56 35 53
FL 56 43 154
FL 56 49 93
FL 56 55 114
FL 56 63 0
FL 56 67 147
FL 57 1 71
FL 57 2 9
FL 57 5 0
FL 57 6 7
FL 57 7 48
FL 57 9 10
FL 57 15 81
FL 57 18 7
FL 57 19 110
FL 57 22 68
FL 57 23 65
FL 57 30 12
FL 57 34 11
FL 57 35 149
FL 57 37 10
FL 57 39 9
FL 57 41 12
FL 57 42 37
FL 57 45 0
FL 57 46 15
FL 57 48 9
FL 57 51 150
FL 57 52 15
FL 57 54 48
FL 57 59 10
FL 57 60 12
FL 57 61 36
FL 57 65 0
FL 57 66 13
FL 57 68 7
FL 58 1 178
FL 58 5 0
FL 58 8 579
FL 58 10 9
FL 58 12 0
FL 58 13 1
FL 58 21 0
FL 58 24 15
FL 58 38 1881
FL 58 40 3
FL 58 44 0
FL 58 45 0
FL 58 50 5
FL 58 53 2000
FL 58 64 15
FL 59 1 160
FL 59 2 10
FL 59 5 0
FL 59 6 8
FL 59 7 36
FL 59 8 12
FL 59 9 8
FL 59 10 13
FL 59 13 2
FL 59 15 57
FL 59 18 9
FL 59 19 162
FL 59 20 39
FL 59 22 92
FL 59 23 81
FL 59 24 11
FL 59 30 11
FL 59 32 10
FL 59 34 18
FL 59 36 19
FL 59 37 11
FL 59 38 75
FL 59 39 9
FL 59 40 4
FL 59 41 13
FL 59 42 23
FL 59 44 0
FL 59 45 0
FL 59 46 14
FL 59 47 0
FL 59 48 82
FL 59 50 11
FL 59 51 56
FL 59 52 14
FL 59 54 71
FL 59 57 1
FL 59 58 17
FL 59 60 13
FL 59 61 46
FL 59 64 14
FL 59 65 0
FL 59 66 15
FL 59 68 7
FL 60 1 53
FL 60 2 9
FL 60 5 0
FL 60 6 6
FL 60 7 14
FL 60 8 7
FL 60 9 4
FL 60 10 7
FL 60 13 0
FL 60 18 2
FL 60 19 151
FL 60 20 38
FL 60 22 38
FL 60 23 29
FL 60 24 7
FL 60 30 6
FL 60 34 4
FL 60 36 6
FL 60 37 1
FL 60 39 1
FL 60 40 3
FL 60 41 6
FL 60 42 64
FL 60 44 0
FL 60 45 0
FL 60 46 12
FL 60 48 94
FL 60 51 51
FL 60 52 9
FL 60 54 37
FL 60 57 1
FL 60 58 7
FL 60 59 3
FL 60 61 18
FL 60 64 12
FL 60 65 0
FL 60 66 11
FL 60 68 5
FL 61 2 20
FL 61 5 0
FL 61 6 20
FL 61 7 51
FL 61 8 13
FL 61 13 183
FL 61 18 12
FL 61 19 158
FL 61 20 144
FL 61 22 89
FL 61 23 382
FL 61 24 19
FL 61 30 17
FL 61 32 11
FL 61 37 15
FL 61 38 175
FL 61 39 34
FL 61 40 1019
FL 61 41 21
FL 61 42 227
FL 61 46 30
FL 61 47 2
FL 61 48 53
FL 61 52 26
FL 61 54 230
FL 61 57 1
FL 61 59 24
FL 61 60 22
FL 61 68 19
FL 62 3 185
FL 62 4 29
FL 62 11 240
FL 62 15 157
FL 62 16 361
FL 62 25 98
FL 62 26 0
FL 62 28 55
FL 62 29 54
FL 62 31 215
FL 62 33 199
FL 62 49 32
FL 62 67 155
FL 63 4 39
FL 63 16 4
FL 63 18 8
FL 63 25 7
FL 63 26 0
FL 63 27 111
FL 63 28 2
FL 63 29 44
FL 63 33 4
FL 63 35 60
FL 63 43 6
FL 63 49 74
FL 63 55 6
FL 63 56 5
FL 63 67 254
FL 64 1 85
FL 64 5 0
FL 64 7 40
FL 64 8 11
FL 64 10 17
FL 64 21 0
FL 64 22 82
FL 64 32 2101
FL 64 38 63
FL 64 40 3
FL 64 41 15
FL 64 44 0
FL 64 45 0
FL 64 48 52
FL 64 50 5
FL 64 58 19
FL 64 59 28
FL 64 66 1187
FL 64 69 104
FL 64 70 2
FL 65 1 116
FL 65 2 9
FL 65 5 0
FL 65 6 6
FL 65 7 72
FL 65 9 8
FL 65 18 7
FL 65 19 159
FL 65 20 37
FL 65 22 88
FL 65 23 32
FL 65 24 10
FL 65 30 10
FL 65 35 91
FL 65 39 10
FL 65 41 11
FL 65 42 37
FL 65 45 0
FL 65 46 14
FL 65 48 53
FL 65 51 42
FL 65 52 14
FL 65 54 38
FL 65 57 1
FL 65 59 11
FL 65 60 11
FL 65 61 19
FL 65 66 13
FL 65 68 6
FL 66 1 122
FL 66 2 9
FL 66 5 0
FL 66 6 6
FL 66 7 198
FL 66 8 7
FL 66 9 4
FL 66 10 8
FL 66 13 1
FL 66 18 7
FL 66 19 127
FL 66 20 28
FL 66 22 34
FL 66 23 41
FL 66 24 8
FL 66 30 8
FL 66 34 7
FL 66 36 11
FL 66 37 5
FL 66 39 4
FL 66 40 1231
FL 66 41 6
FL 66 42 12
FL 66 45 0
FL 66 46 15
FL 66 48 34
FL 66 51 50
FL 66 52 12
FL 66 54 82
FL 66 57 1
FL 66 59 5
FL 66 60 10
FL 66 61 18
FL 66 64 7
FL 66 65 1
FL 66 68 5
FL 68 5 0
FL 68 20 22
FL 68 39 7
FL 68 42 71
FL 68 45 0
FL 68 46 14
FL 68 48 27
FL 68 51 22
FL 68 52 12
FL 68 54 52
FL 68 57 1
FL 68 59 7
FL 68 60 10
FL 68 61 44
FL 68 65 0
FL 68 66 11
FL 69 70 13
FL 70 5 0
FL 70 8 10
FL 70 10 11
FL 70 12 2
FL 70 21 3
FL 70 36 9
FL 70 44 0
FL 70 50 6
FL 70 64 12
FL 70 69 167
FU 0 28 2
FU 0 8 8
FU 0 10 8
FU 0 68 8
FU 0 57 2000
FU 0 12 2000
FU 0 52 7
FU 0 13 1
FU 0 60 7
FU 0 33 2
FU 0 65 2000
FU 0 62 4
FU 0 32 2
FU 0 25 1
FU 0 40 3
FU 0 30 10
FU 0 11 1
FU 0 45 1
FU 0 2 11
FU 0 21 2000
FU 0 37 1
FU 0 70 2
FU 0 36 11
FU 0 5 1
FU 0 50 1
FU 0 47 2000
FU 0 56 2
FU 0 66 13
FU 0 34 2
FU 0 41 3
FU 0 16 1
FU 0 53 1
FU 0 24 18
FU 0 63 1
FU 0 9 4
FU 0 59 25
FU 0 44 1
FU 0 43 2
FU 0 55 2
FU 0 6 13
FU 0 46 21
FU 0 18 1
FU 0 1 152
FU 0 3 310
FU 0 4 85
FU 0 7 208
FU 0 14 2000
FU 0 15 121
FU 0 17 2000
FU 0 19 298
FU 0 20 461
FU 0 22 124
FU 0 23 502
FU 0 27 88
FU 0 29 71
FU 0 31 226
FU 0 35 94
FU 0 38 404
FU 0 39 16
FU 0 42 429
FU 0 48 130
FU 0 49 106
FU 0 51 108
FU 0 54 579
FU 0 58 41
FU 0 61 539
FU 0 64 34
FU 0 67 114
FU 0 69 213
FU 1 42 36
FU 1 46 0
FU 1 58 1
FU 1 64 0
FU 2 5 0
FU 2 7 148
FU 2 9 0
FU 2 18 0
FU 2 20 75
FU 2 22 47
FU 2 24 0
FU 2 35 87
FU 2 39 0
FU 2 42 96
FU 2 45 0
FU 2 46 0
FU 2 48 81
FU 2 51 123
FU 2 52 0
FU 2 54 42
FU 2 57 0
FU 2 59 0
FU 2 60 0
FU 2 61 8
FU 2 65 0
FU 2 66 0
FU 3 4 110
FU 3 13 225
FU 3 25 64
FU 3 26 0
FU 3 28 91
FU 3 45 0
FU 3 62 171
FU 4 3 114
FU 4 5 0
FU 4 11 384
FU 4 16 259
FU 4 25 60
FU 4 26 0
FU 4 27 47
FU 4 28 42
FU 4 29 55
FU 4 31 170
FU 4 43 295
FU 4 49 164
FU 4 55 92
FU 4 56 193
FU 4 62 139
FU 5 1 57
FU 5 2 667
FU 5 4 152
FU 5 6 766
FU 5 8 555
FU 5 10 0
FU 5 13 324
FU 5 15 137
FU 5 16 153
FU 5 18 94
FU 5 19 110
FU 5 20 151
FU 5 22 71
FU 5 23 292
FU 5 25 71
FU 5 26 0
FU 5 29 115
FU 5 30 417
FU 5 31 223
FU 5 33 0
FU 5 35 35
FU 5 36 0
FU 5 41 1997
FU 5 44 0
FU 5 45 0
FU 5 48 33
FU 5 49 104
FU 5 51 59
FU 5 52 382
FU 5 54 51
FU 5 57 0
FU 5 58 0
FU 5 59 0
FU 5 60 0
FU 5 61 735
FU 5 64 0
FU 5 65 0
FU 5 66 590
FU 5 67 176
FU 5 68 639
FU 5 69 92
FU 5 70 996
FU 6 5 0
FU 6 20 79
FU 6 39 0
FU 6 42 27
FU 6 45 0
FU 6 46 0
FU 6 48 111
FU 6 51 28
FU 6 52 0
FU 6 54 41
FU 6 57 0
FU 6 59 0
FU 6 60 0
FU 6 61 42
FU 6 65 0
FU 6 66 6
FU 7 40 0
FU 7 64 0
FU 8 1 161
FU 8 5 0
FU 8 7 71
FU 8 9 0
FU 8 10 0
FU 8 12 0
FU 8 13 0
FU 8 20 139
FU 8 21 0
FU 8 22 85
FU 8 24 0
FU 8 30 215
FU 8 32 0
FU 8 36 0
FU 8 37 0
FU 8 38 17
FU 8 40 0
FU 8 41 0
FU 8 44 0
FU 8 47 0
FU 8 48 50
FU 8 50 0
FU 8 51 100
FU 8 52 0
FU 8 53 0
FU 8 58 0
FU 8 59 0
FU 8 60 0
FU 8 61 19
FU 8 64 0
FU 8 66 0
FU 8 69 136
FU 8 70 0
FU 9 2 0
FU 9 7 31
FU 9 8 0
FU 9 10 0
FU 9 13 0
FU 9 15 96
FU 9 20 13
FU 9 24 0
FU 9 26 0
FU 9 27 70
FU 9 29 71
FU 9 30 0
FU 9 32 0
FU 9 33 65
FU 9 34 0
FU 9 36 0
FU 9 37 0
FU 9 38 24
FU 9 39 3
FU 9 40 0
FU 9 42 99
FU 9 43 0
FU 9 44 0
FU 9 45 0
FU 9 46 0
FU 9 47 0
FU 9 48 101
FU 9 50 0
FU 9 51 17
FU 9 52 0
FU 9 54 27
FU 9 57 0
FU 9 58 0
FU 9 59 0
FU 9 60 0
FU 9 61 9
FU 9 64 0
FU 9 65 0
FU 9 66 0
FU 10 1 121
FU 10 5 0
FU 10 7 42
FU 10 8 0
FU 10 9 0
FU 10 12 0
FU 10 13 0
FU 10 20 37
FU 10 21 0
FU 10 22 55
FU 10 24 0
FU 10 30 245
FU 10 32 0
FU 10 36 0
FU 10 37 0
FU 10 38 54
FU 10 40 0
FU 10 41 0
FU 10 44 0
FU 10 45 0
FU 10 47 0
FU 10 48 38
FU 10 50 0
FU 10 51 122
FU 10 52 0
FU 10 58 0
FU 10 59 0
FU 10 60 0
FU 10 61 74
FU 10 64 0
FU 10 66 0
FU 10 69 181
FU 10 70 0
FU 11 4 144
FU 11 13 0
FU 11 15 108
FU 11 16 0
FU 11 25 0
FU 11 26 0
FU 11 28 0
FU 11 45 0
FU 11 62 0
FU 12 8 0
FU 12 10 0
FU 12 13 0
FU 12 24 0
FU 12 32 0
FU 12 36 0
FU 12 40 0
FU 12 47 0
FU 12 50 0
FU 12 51 123
FU 12 53 0
FU 12 58 0
FU 12 64 0
FU 12 69 107
FU 12 70 0
FU 13 1 256
FU 13 3 215
FU 13 5 0
FU 13 7 44
FU 13 8 4
FU 13 9 0
FU 13 10 2
FU 13 11 0
FU 13 12 0
FU 13 20 79
FU 13 21 0
FU 13 22 98
FU 13 24 2
FU 13 26 0
FU 13 31 209
FU 13 32 0
FU 13 36 2
FU 13 37 0
FU 13 40 0
FU 13 41 0
FU 13 44 0
FU 13 45 0
FU 13 47 0
FU 13 48 55
FU 13 50 0
FU 13 51 72
FU 13 52 1
FU 13 53 0
FU 13 58 0
FU 13 59 1
FU 13 60 0
FU 13 61 153
FU 13 64 2
FU 13 66 4
FU 13 69 238
FU 16 4 83
FU 16 5 0
FU 16 11 0
FU 16 15 157
FU 16 25 68
FU 16 26 0
FU 16 33 131
FU 16 44 0
FU 16 45 0
FU 16 49 63
FU 16 55 73
FU 16 62 153
FU 16 63 0
FU 16 67 87
FU 18 2 697
FU 18 5 0
FU 18 7 75
FU 18 20 161
FU 18 22 99
FU 18 25 71
FU 18 26 0
FU 18 27 60
FU 18 29 83
FU 18 30 483
FU 18 33 34
FU 18 35 27
FU 18 39 641
FU 18 42 25
FU 18 43 0
FU 18 45 0
FU 18 46 0
FU 18 48 76
FU 18 49 48
FU 18 51 33
FU 18 52 641
FU 18 54 46
FU 18 55 96
FU 18 56 80
FU 18 57 0
FU 18 59 0
FU 18 60 0
FU 18 61 11
FU 18 63 0
FU 18 65 0
FU 18 66 0
FU 18 67 133
FU 19 5 0
FU 19 20 42
FU 19 39 2
FU 19 42 77
FU 19 45 0
FU 19 46 0
FU 19 48 48
FU 19 52 2
FU 19 54 58
FU 19 57 0
FU 19 61 88
FU 20 2 0
FU 20 5 0
FU 20 6 0
FU 20 8 1
FU 20 13 241
FU 20 19 53
FU 20 22 74
FU 20 23 38
FU 20 24 0
FU 20 30 0
FU 20 42 149
FU 20 46 0
FU 20 48 124
FU 20 54 46
FU 20 68 0
FU 21 8 0
FU 21 10 0
FU 21 13 0
FU 21 36 0
FU 21 40 0
FU 21 47 0
FU 21 50 0
FU 21 51 33
FU 21 53 0
FU 21 58 1
FU 21 64 0
FU 21 69 84
FU 21 70 0
FU 22 24 0
FU 22 29 29
FU 22 42 102
FU 22 46 0
FU 23 5 0
FU 23 20 19
FU 23 39 776
FU 23 42 169
FU 23 45 0
FU 23 46 1
FU 23 48 44
FU 23 52 0
FU 23 54 67
FU 23 57 0
FU 23 59 0
FU 23 60 0
FU 23 61 35
FU 24 2 0
FU 24 7 93
FU 24 8 0
FU 24 9 0
FU 24 10 0
FU 24 12 0
FU 24 13 0
FU 24 20 64
FU 24 22 60
FU 24 30 0
FU 24 32 0
FU 24 34 0
FU 24 36 2
FU 24 38 52
FU 24 39 0
FU 24 40 0
FU 24 42 60
FU 24 46 0
FU 24 47 0
FU 24 48 33
FU 24 50 0
FU 24 51 99
FU 24 54 48
FU 24 58 0
FU 24 59 0
FU 24 60 0
FU 24 61 14
FU 24 64 0
FU 24 65 0
FU 24 66 0
FU 24 69 221
FU 25 3 143
FU 25 4 56
FU 25 5 0
FU 25 11 523
FU 25 15 213
FU 25 16 140
FU 25 18 106
FU 25 26 0
FU 25 27 126
FU 25 28 71
FU 25 29 18
FU 25 31 128
FU 25 33 100
FU 25 35 74
FU 25 43 0
FU 25 45 0
FU 25 49 36
FU 25 55 90
FU 25 56 66
FU 25 62 138
FU 25 63 0
FU 25 67 165
FU 26 3 692
FU 26 4 865
FU 26 5 1999
FU 26 9 627
FU 26 11 399
FU 26 13 819
FU 26 15 116
FU 26 16 611
FU 26 18 995
FU 26 25 856
FU 26 27 767
FU 26 28 1000
FU 26 29 884
FU 26 31 348
FU 26 33 877
FU 26 35 615
FU 26 43 658
FU 26 44 1999
FU 26 45 1999
FU 26 49 711
FU 26 55 783
FU 26 56 738
FU 26 62 751
FU 26 63 1999
FU 26 67 71
FU 26 0 2000
FU 27 4 35
FU 27 9 335
FU 27 18 65
FU 27 25 44
FU 27 28 65
FU 27 29 61
FU 27 33 27
FU 27 35 59
FU 27 43 249
FU 27 49 40
FU 27 55 85
FU 27 56 103
FU 28 3 171
FU 28 4 41
FU 28 11 508
FU 28 25 88
FU 28 26 0
FU 28 27 27
FU 28 29 34
FU 28 31 216
FU 28 33 38
FU 28 35 62
FU 28 36 971
FU 28 43 0
FU 28 44 0
FU 28 45 0
FU 28 49 77
FU 28 55 114
FU 28 56 139
FU 28 62 155
FU 28 63 0
FU 28 67 99
FU 29 4 46
FU 29 5 0
FU 29 9 279
FU 29 18 157
FU 29 22 57
FU 29 25 174
FU 29 26 0
FU 29 27 155
FU 29 28 73
FU 29 33 88
FU 29 35 26
FU 29 43 180
FU 29 49 88
FU 29 52 416
FU 29 55 146
FU 29 56 101
FU 29 62 144
FU 30 5 0
FU 30 7 93
FU 30 8 547
FU 30 9 0
FU 30 10 0
FU 30 18 0
FU 30 20 49
FU 30 22 44
FU 30 24 0
FU 30 34 0
FU 30 37 0
FU 30 39 0
FU 30 42 19
FU 30 45 0
FU 30 46 0
FU 30 48 76
FU 30 51 95
FU 30 52 0
FU 30 54 68
FU 30 57 0
FU 30 59 0
FU 30 60 0
FU 30 61 4
FU 30 65 0
FU 30 66 0
FU 31 5 0
FU 31 13 96
FU 31 25 32
FU 31 26 0
FU 31 28 119
FU 32 7 98
FU 32 8 0
FU 32 9 0
FU 32 10 0
FU 32 12 0
FU 32 13 0
FU 32 24 0
FU 32 34 0
FU 32 37 0
FU 32 38 25
FU 32 40 0
FU 32 41 0
FU 32 47 0
FU 32 53 0
FU 32 59 0
FU 32 61 25
FU 32 64 0
FU 33 4 76
FU 33 5 0
FU 33 9 461
FU 33 15 124
FU 33 16 69
FU 33 18 74
FU 33 22 100
FU 33 25 54
FU 33 26 0
FU 33 27 150
FU 33 28 178
FU 33 29 52
FU 33 35 45
FU 33 43 103
FU 33 45 0
FU 33 49 40
FU 33 52 0
FU 33 55 107
FU 33 56 74
FU 33 62 201
FU 33 63 0
FU 33 67 124
FU 34 9 0
FU 34 20 25
FU 34 24 0
FU 34 30 0
FU 34 32 0
FU 34 37 0
FU 34 38 17
FU 34 39 0
FU 34 40 0
FU 34 42 19
FU 34 46 0
FU 34 47 0
FU 34 48 10
FU 34 52 0
FU 34 54 46
FU 34 57 0
FU 34 59 0
FU 34 60 0
FU 34 61 13
FU 34 66 2
FU 35 18 116
FU 35 25 89
FU 35 27 125
FU 35 28 65
FU 35 29 26
FU 35 33 123
FU 35 49 69
FU 35 54 62
FU 35 55 97
FU 35 56 84
FU 36 5 0
FU 36 7 125
FU 36 8 0
FU 36 9 0
FU 36 10 0
FU 36 12 0
FU 36 13 0
FU 36 21 0
FU 36 22 59
FU 36 24 0
FU 36 28 0
FU 36 31 182
FU 36 37 0
FU 36 41 0
FU 36 44 0
FU 36 45 0
FU 36 48 13
FU 36 50 0
FU 36 51 28
FU 36 58 0
FU 36 59 0
FU 36 60 0
FU 36 64 0
FU 36 66 1
FU 36 69 89
FU 36 70 0
FU 37 7 90
FU 37 8 0
FU 37 9 0
FU 37 10 0
FU 37 13 0
FU 37 20 45
FU 37 30 0
FU 37 32 0
FU 37 34 0
FU 37 36 0
FU 37 38 50
FU 37 39 0
FU 37 40 0
FU 37 42 51
FU 37 46 0
FU 37 47 0
FU 37 48 82
FU 37 50 0
FU 37 51 132
FU 37 54 72
FU 37 57 0
FU 37 58 0
FU 37 59 0
FU 37 60 0
FU 37 61 13
FU 37 64 0
FU 37 66 1
FU 38 59 968
FU 39 2 2
FU 39 6 1
FU 39 19 134
FU 39 23 45
FU 39 24 1
FU 39 30 0
FU 39 37 1999
FU 39 42 41
FU 39 46 0
FU 39 48 67
FU 39 54 45
FU 39 68 0
FU 40 7 68
FU 40 8 0
FU 40 9 0
FU 40 10 0
FU 40 12 0
FU 40 13 0
FU 40 21 0
FU 40 24 0
FU 40 32 0
FU 40 34 0
FU 40 37 0
FU 40 38 85
FU 40 41 0
FU 40 47 0
FU 40 48 89
FU 40 50 0
FU 40 53 0
FU 40 58 1
FU 40 59 0
FU 40 60 0
FU 40 61 23
FU 40 64 0
FU 40 66 0
FU 41 5 0
FU 41 8 0
FU 41 10 0
FU 41 13 0
FU 41 20 48
FU 41 32 0
FU 41 36 0
FU 41 38 73
FU 41 39 0
FU 41 40 0
FU 41 42 19
FU 41 46 0
FU 41 47 0
FU 41 48 42
FU 41 50 0
FU 41 51 142
FU 41 52 0
FU 41 54 76
FU 41 57 0
FU 41 58 0
FU 41 59 0
FU 41 60 0
FU 41 61 13
FU 41 64 0
FU 41 65 0
FU 41 66 0
FU 42 1 97
FU 42 2 1
FU 42 6 1
FU 42 19 108
FU 42 20 88
FU 42 22 100
FU 42 23 94
FU 42 24 0
FU 42 30 0
FU 42 39 1
FU 42 45 0
FU 42 46 0
FU 42 48 40
FU 42 52 1
FU 42 54 53
FU 42 59 1
FU 42 68 1
FU 43 4 64
FU 43 9 0
FU 43 15 196
FU 43 18 0
FU 43 25 0
FU 43 26 0
FU 43 27 40
FU 43 28 0
FU 43 29 42
FU 43 33 0
FU 43 35 108
FU 43 49 39
FU 43 55 126
FU 43 56 149
FU 43 63 0
FU 43 67 180
FU 44 5 0
FU 44 7 102
FU 44 8 433
FU 44 9 294
FU 44 10 992
FU 44 13 145
FU 44 15 92
FU 44 16 143
FU 44 22 49
FU 44 26 0
FU 44 28 42
FU 44 36 1012
FU 44 45 0
FU 44 48 38
FU 44 50 1999
FU 44 51 77
FU 44 52 545
FU 44 58 0
FU 44 59 995
FU 44 60 1993
FU 44 64 0
FU 44 69 283
FU 44 70 1001
FU 45 1 73
FU 45 2 0
FU 45 3 192
FU 45 5 0
FU 45 6 606
FU 45 9 0
FU 45 10 997
FU 45 11 0
FU 45 13 0
FU 45 15 118
FU 45 16 0
FU 45 18 0
FU 45 19 128
FU 45 20 76
FU 45 22 89
FU 45 23 376
FU 45 25 0
FU 45 26 0
FU 45 28 0
FU 45 29 65
FU 45 30 351
FU 45 31 58
FU 45 33 0
FU 45 35 146
FU 45 36 0
FU 45 42 23
FU 45 44 0
FU 45 46 1972
FU 45 48 68
FU 45 49 178
FU 45 51 62
FU 45 52 0
FU 45 54 25
FU 45 57 0
FU 45 58 1954
FU 45 59 0
FU 45 60 0
FU 45 64 1962
FU 45 65 0
FU 45 66 632
FU 45 67 63
FU 45 68 698
FU 46 1 152
FU 46 2 617
FU 46 6 607
FU 46 7 81
FU 46 9 0
FU 46 18 0
FU 46 19 157
FU 46 20 64
FU 46 22 60
FU 46 23 53
FU 46 24 1974
FU 46 30 278
FU 46 34 0
FU 46 37 0
FU 46 39 555
FU 46 41 0
FU 46 42 48
FU 46 45 0
FU 46 48 15
FU 46 52 1
FU 46 54 59
FU 46 57 0
FU 46 59 0
FU 46 60 0
FU 46 61 8
FU 46 65 0
FU 46 66 1
FU 46 68 653
FU 47 7 15
FU 47 8 0
FU 47 9 0
FU 47 10 0
FU 47 12 0
FU 47 13 0
FU 47 21 0
FU 47 24 0
FU 47 32 0
FU 47 34 0
FU 47 37 0
FU 47 38 93
FU 47 40 0
FU 47 41 0
FU 47 59 0
FU 47 61 4
FU 48 40 0
FU 49 4 88
FU 49 5 0
FU 49 16 124
FU 49 18 69
FU 49 25 52
FU 49 26 0
FU 49 27 67
FU 49 28 81
FU 49 29 82
FU 49 33 113
FU 49 35 91
FU 49 43 209
FU 49 45 0
FU 49 55 101
FU 49 56 88
FU 49 62 144
FU 50 1 82
FU 50 8 0
FU 50 9 0
FU 50 10 0
FU 50 12 0
FU 50 13 0
FU 50 21 0
FU 50 22 50
FU 50 24 0
FU 50 36 0
FU 50 37 0
FU 50 40 0
FU 50 41 0
FU 50 44 0
FU 50 51 104
FU 50 58 0
FU 50 59 0
FU 50 64 0
FU 50 69 90
FU 50 70 0
FU 52 1 93
FU 52 2 0
FU 52 5 0
FU 52 6 0
FU 52 7 59
FU 52 8 0
FU 52 9 0
FU 52 10 0
FU 52 13 0
FU 52 18 0
FU 52 19 105
FU 52 22 140
FU 52 23 72
FU 52 29 78
FU 52 30 0
FU 52 33 0
FU 52 34 1998
FU 52 35 46
FU 52 39 0
FU 52 41 0
FU 52 42 104
FU 52 44 0
FU 52 45 0
FU 52 46 0
FU 52 48 103
FU 52 51 84
FU 52 54 45
FU 52 57 0
FU 52 59 0
FU 52 60 0
FU 52 61 17
FU 52 65 0
FU 52 66 0
FU 52 68 0
FU 53 8 0
FU 53 12 0
FU 53 13 0
FU 53 21 0
FU 53 32 0
FU 53 40 0
FU 53 58 0
FU 54 2 1
FU 54 5 0
FU 54 6 3
FU 54 7 91
FU 54 15 222
FU 54 18 0
FU 54 19 118
FU 54 20 56
FU 54 22 62
FU 54 23 86
FU 54 24 1
FU 54 30 1
FU 54 35 105
FU 54 37 0
FU 54 39 3
FU 54 42 56
FU 54 45 0
FU 54 46 1
FU 54 48 24
FU 54 52 1
FU 54 68 0
FU 55 4 72
FU 55 16 165
FU 55 18 131
FU 55 25 144
FU 55 26 0
FU 55 27 33
FU 55 28 66
FU 55 29 70
FU 55 33 114
FU 55 35 66
FU 55 43 178
FU 55 49 38
FU 55 56 183
FU 55 63 0
FU 55 67 232
FU 56 4 29
FU 56 18 192
FU 56 25 46
FU 56 26 0
FU 56 27 146
FU 56 28 56
FU 56 29 58
FU 56 33 174
FU 56 35 48
FU 56 43 125
FU 56 49 86
FU 56 55 88
FU 56 63 0
FU 56 67 143
FU 57 1 64
FU 57 2 0
FU 57 5 0
FU 57 6 0
FU 57 7 53
FU 57 9 0
FU 57 15 84
FU 57 18 0
FU 57 19 87
FU 57 22 66
FU 57 23 92
FU 57 30 0
FU 57 34 0
FU 57 35 144
FU 57 37 0
FU 57 39 0
FU 57 41 0
FU 57 42 36
FU 57 45 0
FU 57 46 0
FU 57 48 19
FU 57 51 147
FU 57 52 0
FU 57 54 50
FU 57 59 0
FU 57 60 0
FU 57 61 10
FU 57 65 0
FU 57 66 7
FU 57 68 0
FU 58 1 172
FU 58 5 0
FU 58 8 449
FU 58 10 0
FU 58 12 0
FU 58 13 0
FU 58 21 0
FU 58 24 3
FU 58 38 889
FU 58 40 0
FU 58 44 0
FU 58 45 0
FU 58 50 0
FU 58 53 1999
FU 58 64 2
FU 59 1 153
FU 59 2 0
FU 59 5 0
FU 59 6 0
FU 59 7 34
FU 59 8 0
FU 59 9 0
FU 59 10 0
FU 59 13 0
FU 59 15 61
FU 59 18 0
FU 59 19 169
FU 59 20 30
FU 59 22 96
FU 59 23 58
FU 59 24 0
FU 59 30 0
FU 59 32 0
FU 59 34 0
FU 59 36 1
FU 59 37 0
FU 59 38 81
FU 59 39 1
FU 59 40 0
FU 59 41 0
FU 59 42 14
FU 59 44 0
FU 59 45 0
FU 59 46 0
FU 59 47 0
FU 59 48 86
FU 59 50 0
FU 59 51 61
FU 59 52 0
FU 59 54 76
FU 59 57 0
FU 59 58 0
FU 59 60 0
FU 59 61 35
FU 59 64 0
FU 59 65 0
FU 59 66 0
FU 59 68 0
FU 60 1 49
FU 60 2 0
FU 60 5 0
FU 60 6 0
FU 60 7 16
FU 60 8 0
FU 60 9 0
FU 60 10 0
FU 60 13 0
FU 60 18 0
FU 60 19 142
FU 60 20 26
FU 60 22 42
FU 60 23 37
FU 60 24 0
FU 60 30 0
FU 60 34 0
FU 60 36 0
FU 60 37 0
FU 60 39 0
FU 60 40 0
FU 60 41 0
FU 60 42 54
FU 60 44 0
FU 60 45 0
FU 60 46 0
FU 60 48 92
FU 60 51 49
FU 60 52 0
FU 60 54 37
FU 60 57 0
FU 60 58 0
FU 60 59 0
FU 60 61 24
FU 60 64 0
FU 60 65 0
FU 60 66 0
FU 60 68 0
FU 61 2 4
FU 61 5 0
FU 61 6 3
FU 61 7 51
FU 61 8 1
FU 61 13 149
FU 61 18 0
FU 61 19 138
FU 61 20 85
FU 61 22 84
FU 61 23 153
FU 61 24 1
FU 61 30 0
FU 61 32 0
FU 61 37 0
FU 61 38 77
FU 61 39 2
FU 61 40 788
FU 61 41 0
FU 61 42 142
FU 61 46 4
FU 61 47 0
FU 61 48 51
FU 61 52 3
FU 61 54 120
FU 61 57 0
FU 61 59 4
FU 61 60 0
FU 61 68 1
FU 62 3 163
FU 62 4 19
FU 62 11 185
FU 62 15 155
FU 62 16 335
FU 62 25 86
FU 62 26 0
FU 62 28 49
FU 62 29 54
FU 62 31 240
FU 62 33 114
FU 62 49 43
FU 62 67 161
FU 63 4 35
FU 63 16 0
FU 63 18 0
FU 63 25 0
FU 63 26 0
FU 63 27 99
FU 63 28 0
FU 63 29 52
FU 63 33 0
FU 63 35 51
FU 63 43 1
FU 63 49 70
FU 63 55 0
FU 63 56 0
FU 63 67 252
FU 64 1 87
FU 64 5 0
FU 64 7 41
FU 64 8 2
FU 64 10 1
FU 64 21 0
FU 64 22 73
FU 64 32 1998
FU 64 38 59
FU 64 40 0
FU 64 41 0
FU 64 44 0
FU 64 45 0
FU 64 48 57
FU 64 50 0
FU 64 58 2
FU 64 59 6
FU 64 66 740
FU 64 69 103
FU 64 70 0
FU 65 1 118
FU 65 2 0
FU 65 5 0
FU 65 6 0
FU 65 7 64
FU 65 9 0
FU 65 18 0
FU 65 19 140
FU 65 20 40
FU 65 22 78
FU 65 23 24
FU 65 24 0
FU 65 30 0
FU 65 35 71
FU 65 39 0
FU 65 41 0
FU 65 42 40
FU 65 45 0
FU 65 46 0
FU 65 48 48
FU 65 51 36
FU 65 52 0
FU 65 54 34
FU 65 57 0
FU 65 59 0
FU 65 60 0
FU 65 61 27
FU 65 66 0
FU 65 68 0
FU 66 1 113
FU 66 2 0
FU 66 5 0
FU 66 6 0
FU 66 7 207
FU 66 8 0
FU 66 9 0
FU 66 10 0
FU 66 13 0
FU 66 18 0
FU 66 19 113
FU 66 20 29
FU 66 22 38
FU 66 23 78
FU 66 24 0
FU 66 30 0
FU 66 34 0
FU 66 36 1
FU 66 37 0
FU 66 39 0
FU 66 40 1209
FU 66 41 0
FU 66 42 5
FU 66 45 0
FU 66 46 1
FU 66 48 27
FU 66 51 48
FU 66 52 0
FU 66 54 87
FU 66 57 0
FU 66 59 0
FU 66 60 0
FU 66 61 9
FU 66 64 0
FU 66 65 0
FU 66 68 0
FU 68 5 0
FU 68 20 19
FU 68 39 0
FU 68 42 60
FU 68 45 0
FU 68 46 0
FU 68 48 29
FU 68 51 18
FU 68 52 0
FU 68 54 40
FU 68 57 0
FU 68 59 0
FU 68 60 0
FU 68 61 48
FU 68 65 0
FU 68 66 3
FU 69 70 1
FU 70 5 0
FU 70 8 0
FU 70 10 0
FU 70 12 0
FU 70 21 0
FU 70 36 0
FU 70 44 0
FU 70 50 0
FU 70 64 0
FU 70 69 163
