Nodes: 71
Arcs: 2516
Terminals_rem: 0
Nodes_rem: 2
Arcs_rem: 707
First LB: 4
LB: 4
Iter. LB: 0
First UB: 35
UB: 16
Iter. UB: 1
gap: 75
BM. Time: 0
Runtime: 790
FL 0 35 4
FL 0 9 0
FL 0 62 63
FL 0 19 8
FL 0 29 14
FL 0 47 66
FL 0 24 7
FL 0 36 9
FL 0 30 29
FL 0 17 13
FL 0 46 0
FL 0 54 30
FL 0 38 5
FL 0 64 24
FL 0 27 28
FL 0 7 2506
FL 0 2 206
FL 0 59 3725
FL 0 32 2600
FL 0 5 62
FL 0 43 0
FL 0 69 11
FL 0 58 145
FL 0 33 0
FL 0 52 22
FL 0 42 7
FL 0 31 15
FL 0 63 76
FL 0 3 8
FL 0 66 19
FL 0 40 28
FL 0 12 0
FL 0 49 0
FL 0 55 0
FL 0 68 32
FL 0 37 2694
FL 0 13 20
FL 0 1 123
FL 0 4 162
FL 0 6 35
FL 0 8 28
FL 0 10 168
FL 0 11 127
FL 0 14 219
FL 0 15 103
FL 0 16 151
FL 0 18 90
FL 0 20 242
FL 0 21 54
FL 0 22 223
FL 0 23 71
FL 0 25 165
FL 0 28 2000
FL 0 34 205
FL 0 39 139
FL 0 41 104
FL 0 44 86
FL 0 45 2000
FL 0 48 56
FL 0 50 1151
FL 0 51 115
FL 0 53 95
FL 0 56 132
FL 0 57 178
FL 0 60 1479
FL 0 61 87
FL 0 65 98
FL 0 67 27
FL 0 70 120
FL 1 13 27
FL 1 23 87
FL 1 26 0
FL 1 31 16
FL 1 36 10
FL 1 38 7
FL 1 41 172
FL 1 46 0
FL 1 47 83
FL 1 53 191
FL 1 55 0
FL 1 61 103
FL 2 5 11
FL 2 6 120
FL 2 8 12
FL 2 10 107
FL 2 11 36
FL 2 12 0
FL 2 13 4
FL 2 14 34
FL 2 15 72
FL 2 16 62
FL 2 17 1
FL 2 23 85
FL 2 27 2
FL 2 29 5
FL 2 30 15
FL 2 31 3
FL 2 32 0
FL 2 37 0
FL 2 40 1
FL 2 41 10
FL 2 44 67
FL 2 48 160
FL 2 50 67
FL 2 52 1
FL 2 57 55
FL 2 58 17
FL 2 60 46
FL 2 62 5
FL 2 63 19
FL 2 64 3
FL 2 65 84
FL 2 68 2
FL 3 4 167
FL 3 5 29
FL 3 6 53
FL 3 8 20
FL 3 11 58
FL 3 13 18
FL 3 16 61
FL 3 17 9
FL 3 18 208
FL 3 19 6
FL 3 24 6
FL 3 26 0
FL 3 30 21
FL 3 31 15
FL 3 33 0
FL 3 35 4
FL 3 36 8
FL 3 38 6
FL 3 40 18
FL 3 41 96
FL 3 46 0
FL 3 47 41
FL 3 49 0
FL 3 51 61
FL 3 52 12
FL 3 53 62
FL 3 54 21
FL 3 55 0
FL 3 56 145
FL 3 59 11
FL 3 61 138
FL 3 63 38
FL 3 66 17
FL 3 67 62
FL 3 68 23
FL 4 3 2
FL 4 10 63
FL 4 11 96
FL 4 13 1
FL 4 17 0
FL 4 18 58
FL 4 22 75
FL 4 24 0
FL 4 26 0
FL 4 30 0
FL 4 31 0
FL 4 35 0
FL 4 36 0
FL 4 40 0
FL 4 41 37
FL 4 42 0
FL 4 46 0
FL 4 53 72
FL 4 56 69
FL 4 61 50
FL 5 1 71
FL 5 2 2
FL 5 3 0
FL 5 4 78
FL 5 6 38
FL 5 7 0
FL 5 8 4
FL 5 9 0
FL 5 10 72
FL 5 11 64
FL 5 12 0
FL 5 13 1
FL 5 14 47
FL 5 15 102
FL 5 16 58
FL 5 17 0
FL 5 18 34
FL 5 19 693
FL 5 20 129
FL 5 21 348
FL 5 22 25
FL 5 23 86
FL 5 24 0
FL 5 25 256
FL 5 26 0
FL 5 27 0
FL 5 29 0
FL 5 30 2
FL 5 31 0
FL 5 32 0
FL 5 33 0
FL 5 34 106
FL 5 35 0
FL 5 36 1
FL 5 37 0
FL 5 38 997
FL 5 39 260
FL 5 40 0
FL 5 41 17
FL 5 42 728
FL 5 43 0
FL 5 44 135
FL 5 46 0
FL 5 49 0
FL 5 50 45
FL 5 51 64
FL 5 52 0
FL 5 53 33
FL 5 54 0
FL 5 56 57
FL 5 57 34
FL 5 59 0
FL 5 61 27
FL 5 63 10
FL 5 64 0
FL 5 65 131
FL 5 66 0
FL 5 67 22
FL 5 68 0
FL 5 69 2
FL 5 70 205
FL 7 5 21
FL 7 8 16
FL 7 11 38
FL 7 13 11
FL 7 16 101
FL 7 26 0
FL 7 30 14
FL 7 31 8
FL 7 36 5
FL 7 38 3
FL 7 40 11
FL 7 41 36
FL 7 46 0
FL 7 47 9
FL 7 49 0
FL 7 51 80
FL 7 52 4
FL 7 53 48
FL 7 54 12
FL 7 55 0
FL 7 56 41
FL 7 59 0
FL 7 61 63
FL 7 63 29
FL 7 66 9
FL 7 67 22
FL 7 68 9
FL 8 2 2573
FL 8 5 2
FL 8 9 0
FL 8 10 55
FL 8 12 0
FL 8 14 26
FL 8 17 0
FL 8 23 35
FL 8 26 0
FL 8 29 1
FL 8 30 1
FL 8 31 1
FL 8 32 0
FL 8 40 0
FL 8 41 9
FL 8 43 0
FL 8 44 99
FL 8 47 2
FL 8 54 1
FL 8 55 2
FL 8 57 56
FL 8 61 24
FL 8 64 1
FL 8 68 2
FL 8 69 3
FL 8 70 93
FL 9 5 4
FL 9 8 6
FL 9 11 68
FL 9 13 2
FL 9 23 34
FL 9 26 0
FL 9 30 1
FL 9 31 1
FL 9 36 2
FL 9 38 2
FL 9 40 0
FL 9 41 21
FL 9 46 0
FL 9 49 0
FL 9 51 57
FL 9 52 0
FL 9 53 21
FL 9 54 1
FL 9 56 59
FL 9 59 0
FL 9 61 116
FL 9 63 18
FL 9 66 1
FL 9 67 83
FL 9 68 4
FL 10 4 36
FL 10 14 60
FL 10 17 0
FL 10 18 75
FL 10 22 63
FL 10 26 0
FL 10 27 0
FL 10 30 0
FL 10 41 18
FL 10 50 109
FL 10 53 55
FL 10 56 51
FL 10 57 52
FL 10 60 24
FL 10 61 30
FL 10 69 0
FL 11 2 3
FL 11 3 0
FL 11 4 93
FL 11 5 248
FL 11 10 22
FL 11 27 0
FL 11 47 0
FL 11 70 116
FL 12 2 3
FL 12 4 11
FL 12 5 0
FL 12 6 54
FL 12 8 0
FL 12 10 61
FL 12 11 44
FL 12 13 0
FL 12 15 114
FL 12 16 89
FL 12 17 0
FL 12 18 14
FL 12 19 0
FL 12 23 70
FL 12 26 0
FL 12 27 0
FL 12 29 0
FL 12 30 0
FL 12 31 0
FL 12 33 0
FL 12 36 0
FL 12 40 0
FL 12 41 10
FL 12 43 0
FL 12 48 145
FL 12 50 49
FL 12 51 19
FL 12 52 0
FL 12 53 45
FL 12 54 0
FL 12 56 43
FL 12 57 58
FL 12 58 1
FL 12 59 0
FL 12 60 20
FL 12 61 57
FL 12 62 0
FL 12 63 0
FL 12 64 0
FL 12 65 81
FL 12 66 0
FL 12 67 81
FL 12 68 0
FL 12 69 0
FL 12 70 49
FL 13 1 86
FL 13 2 6
FL 13 3 0
FL 13 4 32
FL 13 5 3
FL 13 6 38
FL 13 7 0
FL 13 8 0
FL 13 9 0
FL 13 10 28
FL 13 11 79
FL 13 12 0
FL 13 14 36
FL 13 15 231
FL 13 16 81
FL 13 17 0
FL 13 18 61
FL 13 19 0
FL 13 20 123
FL 13 21 103
FL 13 22 81
FL 13 23 84
FL 13 25 85
FL 13 26 0
FL 13 27 0
FL 13 29 0
FL 13 30 0
FL 13 31 0
FL 13 32 0
FL 13 33 0
FL 13 34 212
FL 13 36 0
FL 13 37 0
FL 13 39 58
FL 13 40 0
FL 13 41 32
FL 13 42 0
FL 13 43 0
FL 13 44 158
FL 13 46 0
FL 13 48 74
FL 13 49 0
FL 13 50 115
FL 13 51 35
FL 13 52 0
FL 13 53 41
FL 13 54 0
FL 13 56 48
FL 13 57 17
FL 13 58 3
FL 13 59 0
FL 13 60 38
FL 13 61 53
FL 13 62 1
FL 13 63 1
FL 13 64 0
FL 13 65 33
FL 13 66 0
FL 13 67 15
FL 13 68 0
FL 13 69 0
FL 14 2 6
FL 14 5 1
FL 14 6 35
FL 14 8 4
FL 14 10 21
FL 14 17 0
FL 14 26 0
FL 14 27 1
FL 14 30 1
FL 14 50 170
FL 14 51 26
FL 14 54 0
FL 14 55 1
FL 14 57 59
FL 14 62 0
FL 14 64 0
FL 14 69 273
FL 14 70 52
FL 15 54 0
FL 16 2 3
FL 16 5 0
FL 16 12 0
FL 16 27 2
FL 16 50 87
FL 16 60 32
FL 16 62 1
FL 17 2 4
FL 17 3 0
FL 17 4 34
FL 17 5 0
FL 17 8 1
FL 17 10 36
FL 17 11 94
FL 17 12 0
FL 17 13 0
FL 17 14 55
FL 17 16 29
FL 17 18 47
FL 17 19 0
FL 17 22 74
FL 17 23 42
FL 17 24 0
FL 17 25 74
FL 17 26 0
FL 17 29 0
FL 17 30 0
FL 17 31 0
FL 17 33 0
FL 17 35 0
FL 17 36 0
FL 17 37 0
FL 17 38 0
FL 17 40 0
FL 17 41 10
FL 17 42 0
FL 17 46 0
FL 17 47 1
FL 17 49 0
FL 17 51 10
FL 17 52 0
FL 17 53 32
FL 17 54 0
FL 17 55 0
FL 17 56 13
FL 17 57 24
FL 17 59 0
FL 17 61 53
FL 17 63 1
FL 17 65 60
FL 17 66 0
FL 17 67 77
FL 17 68 0
FL 17 69 2
FL 17 70 107
FL 18 3 0
FL 18 4 73
FL 18 10 20
FL 18 13 1
FL 18 17 1
FL 18 22 118
FL 18 24 0
FL 18 26 0
FL 18 30 1
FL 18 31 0
FL 18 35 0
FL 18 36 1
FL 18 40 1
FL 18 41 38
FL 18 46 0
FL 18 52 0
FL 18 53 29
FL 18 56 44
FL 18 61 34
FL 19 3 0
FL 19 5 104
FL 19 8 0
FL 19 11 36
FL 19 12 0
FL 19 13 0
FL 19 16 97
FL 19 17 0
FL 19 23 71
FL 19 25 68
FL 19 26 0
FL 19 27 0
FL 19 29 0
FL 19 30 0
FL 19 40 0
FL 19 41 45
FL 19 42 0
FL 19 47 0
FL 19 52 0
FL 19 55 0
FL 19 59 0
FL 19 63 0
FL 19 66 0
FL 19 67 73
FL 19 68 0
FL 20 5 92
FL 20 26 0
FL 21 5 134
FL 21 13 0
FL 21 26 0
FL 21 40 0
FL 21 41 27
FL 21 47 0
FL 21 54 399
FL 21 55 0
FL 22 4 97
FL 22 10 29
FL 22 13 0
FL 22 17 0
FL 22 18 21
FL 22 24 0
FL 22 26 0
FL 22 30 0
FL 22 35 0
FL 22 36 0
FL 22 40 0
FL 22 41 41
FL 22 46 0
FL 22 52 0
FL 22 53 89
FL 22 56 101
FL 22 61 65
FL 24 3 6
FL 24 4 60
FL 24 5 21
FL 24 8 16
FL 24 17 5
FL 24 18 132
FL 24 22 93
FL 24 26 0
FL 24 30 16
FL 24 31 9
FL 24 33 0
FL 24 35 355
FL 24 36 5
FL 24 38 3
FL 24 41 32
FL 24 43 0
FL 24 46 0
FL 24 49 0
FL 24 51 47
FL 24 53 71
FL 24 54 15
FL 24 56 52
FL 24 59 0
FL 24 61 35
FL 24 66 13
FL 24 67 71
FL 25 5 127
FL 25 11 43
FL 25 13 6
FL 25 17 2
FL 25 19 2
FL 25 26 0
FL 25 27 9
FL 25 29 3
FL 25 40 4
FL 25 41 14
FL 25 47 6
FL 25 52 2
FL 25 54 461
FL 25 55 0
FL 25 66 6
FL 25 67 71
FL 26 1 992
FL 26 3 2387
FL 26 4 450
FL 26 5 2467
FL 26 6 84
FL 26 7 84
FL 26 8 77
FL 26 9 2501
FL 26 10 531
FL 26 11 686
FL 26 12 3118
FL 26 13 2926
FL 26 14 381
FL 26 15 75
FL 26 16 118
FL 26 17 1818
FL 26 18 368
FL 26 19 1017
FL 26 20 329
FL 26 21 703
FL 26 22 443
FL 26 23 48
FL 26 24 2044
FL 26 25 934
FL 26 27 2121
FL 26 29 2147
FL 26 30 2883
FL 26 31 2484
FL 26 32 72
FL 26 33 2469
FL 26 34 710
FL 26 35 3519
FL 26 36 1300
FL 26 37 105
FL 26 38 1911
FL 26 39 5233
FL 26 40 2592
FL 26 41 2354
FL 26 42 1629
FL 26 43 2615
FL 26 44 130
FL 26 46 3424
FL 26 49 2509
FL 26 51 282
FL 26 52 2546
FL 26 53 550
FL 26 54 3140
FL 26 55 26155
FL 26 56 416
FL 26 57 2514
FL 26 59 150
FL 26 61 758
FL 26 63 242
FL 26 64 3022
FL 26 65 204
FL 26 66 2530
FL 26 67 99
FL 26 68 5361
FL 26 69 2680
FL 26 70 54
FL 26 0 22509
FL 27 2 10
FL 27 5 7
FL 27 6 45
FL 27 8 7
FL 27 10 29
FL 27 11 64
FL 27 12 0
FL 27 13 2
FL 27 14 60
FL 27 15 131
FL 27 16 31
FL 27 19 2
FL 27 23 48
FL 27 25 81
FL 27 26 0
FL 27 29 0
FL 27 30 3
FL 27 31 1
FL 27 32 0
FL 27 37 0
FL 27 40 0
FL 27 41 17
FL 27 44 80
FL 27 48 148
FL 27 50 112
FL 27 51 27
FL 27 52 0
FL 27 54 1
FL 27 55 2
FL 27 57 32
FL 27 58 148
FL 27 60 36
FL 27 62 1351
FL 27 63 15
FL 27 64 7
FL 27 65 123
FL 27 68 3
FL 29 2 9
FL 29 4 66
FL 29 5 2
FL 29 6 27
FL 29 8 2
FL 29 10 51
FL 29 11 92
FL 29 12 0
FL 29 13 0
FL 29 15 71
FL 29 16 64
FL 29 17 0
FL 29 19 0
FL 29 22 61
FL 29 23 20
FL 29 25 78
FL 29 26 0
FL 29 27 4
FL 29 30 1
FL 29 31 0
FL 29 33 0
FL 29 37 0
FL 29 40 0
FL 29 41 72
FL 29 48 63
FL 29 50 115
FL 29 51 14
FL 29 52 0
FL 29 53 25
FL 29 54 0
FL 29 55 0
FL 29 58 4
FL 29 59 0
FL 29 60 58
FL 29 61 20
FL 29 62 7
FL 29 63 6
FL 29 64 2
FL 29 65 116
FL 29 66 1
FL 29 67 107
FL 29 68 1
FL 29 70 74
FL 30 1 29
FL 30 2 14
FL 30 3 0
FL 30 4 24
FL 30 5 1
FL 30 6 113
FL 30 7 0
FL 30 8 0
FL 30 9 0
FL 30 10 31
FL 30 11 62
FL 30 12 0
FL 30 13 0
FL 30 14 24
FL 30 15 103
FL 30 16 20
FL 30 17 0
FL 30 18 71
FL 30 19 1
FL 30 20 138
FL 30 21 88
FL 30 22 83
FL 30 23 136
FL 30 24 0
FL 30 25 93
FL 30 26 0
FL 30 27 0
FL 30 29 0
FL 30 31 0
FL 30 32 0
FL 30 33 0
FL 30 34 142
FL 30 35 501
FL 30 36 0
FL 30 37 0
FL 30 39 287
FL 30 40 0
FL 30 41 20
FL 30 42 1
FL 30 43 0
FL 30 44 147
FL 30 46 0
FL 30 49 0
FL 30 51 56
FL 30 52 0
FL 30 53 87
FL 30 54 0
FL 30 55 0
FL 30 56 56
FL 30 57 41
FL 30 59 0
FL 30 61 37
FL 30 63 9
FL 30 64 1
FL 30 65 68
FL 30 66 0
FL 30 67 27
FL 30 68 1
FL 30 69 3
FL 30 70 122
FL 31 1 19
FL 31 2 14
FL 31 3 0
FL 31 4 36
FL 31 5 0
FL 31 6 22
FL 31 7 0
FL 31 8 0
FL 31 9 0
FL 31 10 49
FL 31 12 0
FL 31 13 0
FL 31 14 82
FL 31 15 125
FL 31 17 0
FL 31 18 94
FL 31 22 42
FL 31 23 62
FL 31 24 0
FL 31 26 0
FL 31 27 0
FL 31 29 0
FL 31 30 0
FL 31 32 0
FL 31 33 0
FL 31 35 284
FL 31 36 0
FL 31 37 0
FL 31 38 0
FL 31 40 0
FL 31 41 54
FL 31 43 0
FL 31 44 86
FL 31 46 0
FL 31 49 0
FL 31 50 161
FL 31 51 18
FL 31 52 0
FL 31 53 33
FL 31 54 0
FL 31 56 46
FL 31 57 44
FL 31 59 0
FL 31 61 67
FL 31 63 9
FL 31 64 1
FL 31 65 59
FL 31 66 0
FL 31 67 81
FL 31 68 0
FL 31 69 3
FL 31 70 104
FL 32 2 17
FL 32 5 0
FL 32 8 0
FL 32 11 22
FL 32 13 0
FL 32 15 82
FL 32 16 46
FL 32 23 45
FL 32 26 0
FL 32 27 0
FL 32 30 0
FL 32 31 0
FL 32 40 0
FL 32 41 61
FL 32 48 115
FL 32 52 0
FL 32 57 71
FL 32 58 7
FL 32 60 37
FL 32 62 7
FL 32 63 9
FL 32 64 1
FL 32 65 107
FL 32 68 0
FL 32 70 45
FL 33 3 0
FL 33 4 36
FL 33 5 0
FL 33 6 60
FL 33 8 0
FL 33 10 12
FL 33 12 0
FL 33 13 0
FL 33 17 0
FL 33 18 33
FL 33 22 42
FL 33 23 34
FL 33 24 0
FL 33 26 0
FL 33 29 0
FL 33 30 0
FL 33 31 0
FL 33 35 0
FL 33 36 0
FL 33 38 1
FL 33 40 0
FL 33 41 16
FL 33 43 0
FL 33 46 0
FL 33 49 0
FL 33 51 26
FL 33 52 0
FL 33 53 85
FL 33 54 0
FL 33 56 40
FL 33 59 0
FL 33 61 13
FL 33 63 8
FL 33 66 0
FL 33 67 63
FL 33 68 0
FL 34 5 417
FL 34 13 0
FL 34 26 0
FL 34 40 0
FL 34 41 35
FL 34 47 0
FL 34 55 0
FL 35 3 0
FL 35 4 27
FL 35 5 2
FL 35 8 0
FL 35 17 0
FL 35 18 72
FL 35 22 45
FL 35 24 987
FL 35 26 0
FL 35 30 367
FL 35 31 999
FL 35 33 0
FL 35 36 0
FL 35 38 1
FL 35 43 0
FL 35 46 0
FL 35 49 0
FL 35 51 13
FL 35 53 53
FL 35 54 0
FL 35 56 20
FL 35 59 0
FL 35 61 26
FL 35 66 0
FL 35 67 65
FL 36 1 28
FL 36 3 0
FL 36 4 23
FL 36 5 2
FL 36 6 122
FL 36 7 0
FL 36 8 0
FL 36 9 0
FL 36 12 0
FL 36 13 0
FL 36 17 0
FL 36 18 73
FL 36 22 50
FL 36 24 0
FL 36 26 0
FL 36 30 0
FL 36 31 0
FL 36 33 0
FL 36 35 0
FL 36 38 1
FL 36 39 53
FL 36 40 0
FL 36 42 1
FL 36 43 0
FL 36 46 0
FL 36 49 0
FL 36 51 23
FL 36 52 0
FL 36 53 16
FL 36 54 0
FL 36 56 93
FL 36 59 0
FL 36 61 33
FL 36 63 9
FL 36 66 0
FL 36 67 30
FL 36 68 0
FL 37 2 17
FL 37 5 4
FL 37 6 25
FL 37 8 0
FL 37 10 15
FL 37 11 56
FL 37 13 0
FL 37 15 37
FL 37 16 62
FL 37 17 0
FL 37 23 69
FL 37 26 0
FL 37 27 0
FL 37 29 0
FL 37 30 1
FL 37 31 0
FL 37 40 0
FL 37 41 41
FL 37 48 147
FL 37 50 81
FL 37 51 12
FL 37 52 0
FL 37 54 0
FL 37 57 46
FL 37 58 8
FL 37 60 44
FL 37 62 7
FL 37 63 11
FL 37 64 1
FL 37 65 63
FL 37 68 0
FL 37 69 5
FL 37 70 47
FL 38 1 78
FL 38 3 0
FL 38 4 23
FL 38 5 476
FL 38 7 0
FL 38 8 0
FL 38 9 0
FL 38 17 0
FL 38 18 52
FL 38 22 41
FL 38 24 0
FL 38 26 0
FL 38 31 0
FL 38 33 0
FL 38 35 0
FL 38 36 0
FL 38 39 25
FL 38 43 0
FL 38 46 0
FL 38 49 0
FL 38 51 31
FL 38 53 15
FL 38 54 0
FL 38 56 46
FL 38 59 0
FL 38 61 44
FL 38 66 0
FL 38 67 123
FL 39 5 2098
FL 39 13 1001
FL 39 26 0
FL 39 30 678
FL 39 36 602
FL 39 41 27
FL 39 53 35
FL 39 56 87
FL 40 1 125
FL 40 2 13
FL 40 3 0
FL 40 4 91
FL 40 5 9
FL 40 6 69
FL 40 7 0
FL 40 8 0
FL 40 9 0
FL 40 10 65
FL 40 11 85
FL 40 12 0
FL 40 13 1
FL 40 14 88
FL 40 15 64
FL 40 16 29
FL 40 17 0
FL 40 18 33
FL 40 19 1
FL 40 20 85
FL 40 21 68
FL 40 22 17
FL 40 23 25
FL 40 25 85
FL 40 26 0
FL 40 27 1
FL 40 29 0
FL 40 30 1
FL 40 31 0
FL 40 32 0
FL 40 33 0
FL 40 34 31
FL 40 36 0
FL 40 37 0
FL 40 41 28
FL 40 42 1
FL 40 43 0
FL 40 44 76
FL 40 48 115
FL 40 50 88
FL 40 51 23
FL 40 52 0
FL 40 53 35
FL 40 54 0
FL 40 55 0
FL 40 56 46
FL 40 57 84
FL 40 58 10
FL 40 59 0
FL 40 60 48
FL 40 61 15
FL 40 63 11
FL 40 64 1
FL 40 65 109
FL 40 66 0
FL 40 67 27
FL 40 68 0
FL 41 1 66
FL 41 3 0
FL 41 4 43
FL 41 5 9
FL 41 7 0
FL 41 8 0
FL 41 9 0
FL 41 10 15
FL 41 11 49
FL 41 12 0
FL 41 14 87
FL 41 17 0
FL 41 18 82
FL 41 19 1
FL 41 21 186
FL 41 22 28
FL 41 24 0
FL 41 25 80
FL 41 26 0
FL 41 27 1
FL 41 29 0
FL 41 30 1
FL 41 31 0
FL 41 33 0
FL 41 34 153
FL 41 39 80
FL 41 40 0
FL 41 42 0
FL 41 46 0
FL 41 48 141
FL 41 49 0
FL 41 50 84
FL 41 52 0
FL 41 53 75
FL 41 54 0
FL 41 57 68
FL 41 60 20
FL 41 61 38
FL 41 67 40
FL 41 69 428
FL 41 70 119
FL 42 4 110
FL 42 5 431
FL 42 6 97
FL 42 8 0
FL 42 11 37
FL 42 13 2
FL 42 16 73
FL 42 17 0
FL 42 19 1
FL 42 23 43
FL 42 26 0
FL 42 30 1
FL 42 36 0
FL 42 40 0
FL 42 41 24
FL 42 46 0
FL 42 47 0
FL 42 49 0
FL 42 51 12
FL 42 52 0
FL 42 55 0
FL 42 59 0
FL 42 61 21
FL 42 63 13
FL 42 66 0
FL 42 67 59
FL 42 68 0
FL 43 4 27
FL 43 5 13
FL 43 6 21
FL 43 8 0
FL 43 10 83
FL 43 12 0
FL 43 13 2
FL 43 18 52
FL 43 22 59
FL 43 23 38
FL 43 24 0
FL 43 26 0
FL 43 30 2
FL 43 31 0
FL 43 33 0
FL 43 35 0
FL 43 36 0
FL 43 38 1
FL 43 40 0
FL 43 46 0
FL 43 49 0
FL 43 51 76
FL 43 52 0
FL 43 53 47
FL 43 54 0
FL 43 56 71
FL 43 59 0
FL 43 61 56
FL 43 63 15
FL 43 66 0
FL 43 67 52
FL 43 68 0
FL 44 53 35
FL 44 58 9
FL 44 60 36
FL 46 1 106
FL 46 3 0
FL 46 4 85
FL 46 5 13
FL 46 6 112
FL 46 7 0
FL 46 8 0
FL 46 9 0
FL 46 13 2
FL 46 17 0
FL 46 18 65
FL 46 22 84
FL 46 24 0
FL 46 26 0
FL 46 30 3
FL 46 31 0
FL 46 33 0
FL 46 35 0
FL 46 36 585
FL 46 38 1
FL 46 39 80
FL 46 41 25
FL 46 42 1
FL 46 43 0
FL 46 49 0
FL 46 51 43
FL 46 53 43
FL 46 54 0
FL 46 56 40
FL 46 59 0
FL 46 61 62
FL 46 66 0
FL 46 67 74
FL 47 1 100
FL 47 3 4
FL 47 7 0
FL 47 8 20
FL 47 11 57
FL 47 16 36
FL 47 17 3
FL 47 19 2
FL 47 20 96
FL 47 21 62
FL 47 25 78
FL 47 34 151
FL 47 42 1
FL 47 52 2
FL 47 55 0
FL 47 66 7
FL 47 67 44
FL 47 68 14
FL 49 1 69
FL 49 3 0
FL 49 4 66
FL 49 5 14
FL 49 6 27
FL 49 7 0
FL 49 8 0
FL 49 9 0
FL 49 13 2
FL 49 17 0
FL 49 18 15
FL 49 22 56
FL 49 24 0
FL 49 26 0
FL 49 30 3
FL 49 31 1
FL 49 33 0
FL 49 35 1
FL 49 36 1
FL 49 38 2
FL 49 39 60
FL 49 41 14
FL 49 42 1
FL 49 43 0
FL 49 46 0
FL 49 51 12
FL 49 53 54
FL 49 54 0
FL 49 56 39
FL 49 59 0
FL 49 61 31
FL 49 66 0
FL 49 67 41
FL 50 2 41
FL 50 5 24
FL 50 10 94
FL 50 12 0
FL 50 14 97
FL 50 16 78
FL 50 27 14
FL 50 29 10
FL 50 41 17
FL 50 48 166
FL 50 58 41
FL 50 60 116
FL 50 62 13
FL 50 63 41
FL 50 64 13
FL 50 70 65
FL 51 14 77
FL 51 27 2
FL 51 37 0
FL 51 57 53
FL 51 64 579
FL 51 65 128
FL 51 69 322
FL 51 70 96
FL 52 1 79
FL 52 2 17
FL 52 3 0
FL 52 4 36
FL 52 5 14
FL 52 6 84
FL 52 7 0
FL 52 8 0
FL 52 9 0
FL 52 10 70
FL 52 11 30
FL 52 12 0
FL 52 13 2
FL 52 14 56
FL 52 15 17
FL 52 16 32
FL 52 17 0
FL 52 18 41
FL 52 19 2
FL 52 20 101
FL 52 21 62
FL 52 22 68
FL 52 23 96
FL 52 25 51
FL 52 26 0
FL 52 27 2
FL 52 29 0
FL 52 30 6
FL 52 31 1
FL 52 32 0
FL 52 33 0
FL 52 34 204
FL 52 36 1
FL 52 37 0
FL 52 40 0
FL 52 41 11
FL 52 42 2
FL 52 43 0
FL 52 44 74
FL 52 47 0
FL 52 51 28
FL 52 53 69
FL 52 54 0
FL 52 55 0
FL 52 58 10
FL 52 59 0
FL 52 60 27
FL 52 61 52
FL 52 63 17
FL 52 64 3
FL 52 65 92
FL 52 66 0
FL 52 67 51
FL 52 68 0
FL 52 70 105
FL 53 1 58
FL 53 3 0
FL 53 4 23
FL 53 10 18
FL 53 13 0
FL 53 17 0
FL 53 18 37
FL 53 22 44
FL 53 24 0
FL 53 26 0
FL 53 30 6
FL 53 31 2
FL 53 35 0
FL 53 36 3
FL 53 39 58
FL 53 40 0
FL 53 41 7
FL 53 44 128
FL 53 52 0
FL 53 56 33
FL 53 61 67
FL 54 1 67
FL 54 3 0
FL 54 4 85
FL 54 5 14
FL 54 6 70
FL 54 7 0
FL 54 8 0
FL 54 9 0
FL 54 10 52
FL 54 12 0
FL 54 13 3
FL 54 14 117
FL 54 15 127
FL 54 17 0
FL 54 18 57
FL 54 21 132
FL 54 22 111
FL 54 23 86
FL 54 24 1
FL 54 25 103
FL 54 26 0
FL 54 27 3
FL 54 29 0
FL 54 30 6
FL 54 31 3
FL 54 33 0
FL 54 35 1
FL 54 36 3
FL 54 37 0
FL 54 38 3
FL 54 39 105
FL 54 40 0
FL 54 41 31
FL 54 43 0
FL 54 44 140
FL 54 46 0
FL 54 49 0
FL 54 51 23
FL 54 52 0
FL 54 53 107
FL 54 56 137
FL 54 57 56
FL 54 59 0
FL 54 61 33
FL 54 63 19
FL 54 64 622
FL 54 65 94
FL 54 66 0
FL 54 67 89
FL 54 68 0
FL 54 69 7
FL 54 70 69
FL 55 1 40
FL 55 3 1010
FL 55 6 44
FL 55 7 0
FL 55 8 4664
FL 55 11 116
FL 55 14 594
FL 55 16 55
FL 55 17 1015
FL 55 19 741
FL 55 20 196
FL 55 21 338
FL 55 23 68
FL 55 25 227
FL 55 26 0
FL 55 27 2235
FL 55 29 1009
FL 55 30 486
FL 55 34 139
FL 55 40 1001
FL 55 42 532
FL 55 47 2443
FL 55 52 1006
FL 55 63 5159
FL 55 66 1042
FL 55 68 0
FL 56 4 45
FL 56 10 23
FL 56 13 3
FL 56 18 32
FL 56 22 76
FL 56 24 1
FL 56 26 0
FL 56 35 2
FL 56 36 2
FL 56 40 4
FL 56 53 43
FL 56 61 48
FL 57 5 14
FL 57 6 73
FL 57 8 12
FL 57 10 62
FL 57 12 0
FL 57 14 33
FL 57 17 2
FL 57 26 0
FL 57 27 7
FL 57 30 11
FL 57 31 2
FL 57 41 11
FL 57 51 21
FL 57 54 1
FL 57 60 1327
FL 57 63 27
FL 57 69 311
FL 58 2 22
FL 58 10 55
FL 58 12 0
FL 58 13 4
FL 58 14 68
FL 58 15 154
FL 58 16 91
FL 58 23 37
FL 58 27 150
FL 58 29 2
FL 58 32 0
FL 58 37 0
FL 58 40 2
FL 58 41 9
FL 58 44 137
FL 58 48 100
FL 58 50 94
FL 58 52 0
FL 58 60 329
FL 58 62 1070
FL 58 63 980
FL 58 64 6
FL 58 65 91
FL 58 68 347
FL 59 1 59
FL 59 3 2
FL 59 4 51
FL 59 5 15
FL 59 6 149
FL 59 7 0
FL 59 8 15
FL 59 9 0
FL 59 10 59
FL 59 11 162
FL 59 12 0
FL 59 13 5
FL 59 16 86
FL 59 17 2
FL 59 18 83
FL 59 19 5
FL 59 20 151
FL 59 21 93
FL 59 22 72
FL 59 23 54
FL 59 24 2
FL 59 25 149
FL 59 26 0
FL 59 29 4
FL 59 30 14
FL 59 31 3
FL 59 33 0
FL 59 34 153
FL 59 35 2
FL 59 36 4
FL 59 38 3
FL 59 39 35
FL 59 40 7
FL 59 41 14
FL 59 42 2
FL 59 43 0
FL 59 44 99
FL 59 46 0
FL 59 49 0
FL 59 51 17
FL 59 52 2
FL 59 53 43
FL 59 54 6
FL 59 56 72
FL 59 61 68
FL 59 63 28
FL 59 66 9
FL 59 67 86
FL 59 68 1
FL 60 2 51
FL 60 10 100
FL 60 12 0
FL 60 14 80
FL 60 16 88
FL 60 27 19
FL 60 29 11
FL 60 41 56
FL 60 44 80
FL 60 48 144
FL 60 50 161
FL 60 52 7
FL 60 57 46
FL 60 58 63
FL 60 62 22
FL 60 63 42
FL 60 64 14
FL 60 65 53
FL 60 68 947
FL 61 1 85
FL 61 3 3
FL 61 4 74
FL 61 5 15
FL 61 9 0
FL 61 10 57
FL 61 13 5
FL 61 18 110
FL 61 22 57
FL 61 24 3
FL 61 26 0
FL 61 31 3
FL 61 35 2
FL 61 36 4
FL 61 38 3
FL 61 40 7
FL 61 41 30
FL 61 42 3
FL 61 46 0
FL 61 53 42
FL 61 56 94
FL 62 2 14
FL 62 12 0
FL 62 13 11
FL 62 14 34
FL 62 15 92
FL 62 16 118
FL 62 23 42
FL 62 27 3
FL 62 29 5
FL 62 32 0
FL 62 37 0
FL 62 48 137
FL 62 50 48
FL 62 58 15
FL 62 60 32
FL 62 64 3
FL 63 1 130
FL 63 2 18
FL 63 3 2
FL 63 4 68
FL 63 5 6
FL 63 6 103
FL 63 7 0
FL 63 8 11
FL 63 9 0
FL 63 10 55
FL 63 11 62
FL 63 12 0
FL 63 13 1
FL 63 14 15
FL 63 15 55
FL 63 16 71
FL 63 17 0
FL 63 18 68
FL 63 19 1
FL 63 20 175
FL 63 21 96
FL 63 22 46
FL 63 23 46
FL 63 25 54
FL 63 26 0
FL 63 27 3
FL 63 29 0
FL 63 30 4
FL 63 31 0
FL 63 32 0
FL 63 33 0
FL 63 34 128
FL 63 36 1
FL 63 37 0
FL 63 40 0
FL 63 41 13
FL 63 42 2
FL 63 43 0
FL 63 44 126
FL 63 48 138
FL 63 50 41
FL 63 51 24
FL 63 52 0
FL 63 53 21
FL 63 54 4
FL 63 55 0
FL 63 56 44
FL 63 57 154
FL 63 58 2776
FL 63 59 0
FL 63 60 36
FL 63 61 53
FL 63 64 3
FL 63 65 133
FL 63 66 1
FL 63 67 71
FL 63 68 0
FL 63 70 97
FL 64 2 25
FL 64 5 1
FL 64 6 51
FL 64 8 18
FL 64 10 88
FL 64 12 0
FL 64 13 5
FL 64 14 107
FL 64 15 101
FL 64 16 115
FL 64 23 141
FL 64 26 0
FL 64 27 7
FL 64 29 6
FL 64 30 13
FL 64 31 5
FL 64 32 0
FL 64 37 0
FL 64 40 8
FL 64 41 17
FL 64 44 76
FL 64 48 78
FL 64 50 52
FL 64 51 649
FL 64 52 3
FL 64 54 436
FL 64 57 66
FL 64 58 9
FL 64 60 76
FL 64 62 7
FL 64 63 28
FL 64 65 66
FL 64 68 2
FL 64 69 10
FL 64 70 62
FL 65 51 45
FL 65 60 58
FL 66 1 170
FL 66 3 5
FL 66 4 70
FL 66 5 18
FL 66 6 110
FL 66 7 0
FL 66 8 20
FL 66 9 0
FL 66 10 49
FL 66 11 50
FL 66 12 0
FL 66 13 6
FL 66 16 79
FL 66 17 2
FL 66 18 95
FL 66 19 6
FL 66 20 208
FL 66 21 98
FL 66 22 51
FL 66 23 77
FL 66 24 6
FL 66 25 34
FL 66 26 0
FL 66 29 8
FL 66 30 15
FL 66 31 5
FL 66 33 0
FL 66 34 60
FL 66 35 2
FL 66 36 5
FL 66 38 4
FL 66 39 55
FL 66 40 9
FL 66 42 7
FL 66 43 0
FL 66 46 0
FL 66 47 8
FL 66 49 0
FL 66 51 44
FL 66 52 3
FL 66 53 49
FL 66 54 14
FL 66 55 0
FL 66 56 44
FL 66 59 0
FL 66 61 55
FL 66 63 30
FL 66 67 91
FL 66 68 5
FL 67 47 9
FL 68 1 116
FL 68 2 18
FL 68 3 5
FL 68 4 121
FL 68 5 18
FL 68 6 78
FL 68 7 0
FL 68 8 16
FL 68 9 0
FL 68 10 91
FL 68 11 69
FL 68 12 0
FL 68 13 8
FL 68 14 99
FL 68 15 144
FL 68 16 104
FL 68 17 3
FL 68 18 88
FL 68 19 5
FL 68 20 119
FL 68 21 129
FL 68 22 115
FL 68 23 120
FL 68 25 61
FL 68 26 0
FL 68 27 9
FL 68 29 8
FL 68 30 15
FL 68 31 9
FL 68 32 0
FL 68 33 0
FL 68 34 58
FL 68 36 5
FL 68 37 0
FL 68 40 10
FL 68 41 48
FL 68 42 6
FL 68 43 0
FL 68 44 62
FL 68 47 9
FL 68 51 30
FL 68 52 3
FL 68 53 38
FL 68 54 16
FL 68 55 0
FL 68 58 2482
FL 68 59 0
FL 68 60 65
FL 68 61 65
FL 68 63 36
FL 68 64 9
FL 68 65 55
FL 68 66 12
FL 68 67 85
FL 68 70 92
FL 69 5 21
FL 69 6 41
FL 69 8 17
FL 69 10 137
FL 69 12 0
FL 69 13 9
FL 69 14 74
FL 69 17 4
FL 69 26 0
FL 69 30 16
FL 69 31 9
FL 69 37 0
FL 69 41 73
FL 69 44 94
FL 69 48 73
FL 69 51 1194
FL 69 54 18
FL 69 57 106
FL 69 64 12
FL 69 65 55
FL 69 70 107
FU 0 35 24
FU 0 9 1
FU 0 62 11
FU 0 19 15
FU 0 29 2
FU 0 47 5
FU 0 24 1
FU 0 36 1
FU 0 30 17
FU 0 17 2
FU 0 46 1
FU 0 54 7
FU 0 38 1
FU 0 64 3
FU 0 27 18
FU 0 7 1999
FU 0 2 8
FU 0 59 1997
FU 0 32 1999
FU 0 5 16
FU 0 43 1
FU 0 69 5
FU 0 58 21
FU 0 33 1
FU 0 52 2
FU 0 42 1
FU 0 31 1
FU 0 63 8
FU 0 3 1
FU 0 66 1
FU 0 40 6
FU 0 12 1
FU 0 49 1
FU 0 55 1
FU 0 68 10
FU 0 37 1998
FU 0 13 1
FU 0 1 86
FU 0 4 88
FU 0 6 32
FU 0 8 1
FU 0 10 85
FU 0 11 76
FU 0 14 121
FU 0 15 99
FU 0 16 120
FU 0 18 44
FU 0 20 238
FU 0 21 45
FU 0 22 146
FU 0 23 70
FU 0 25 101
FU 0 28 2000
FU 0 34 184
FU 0 39 163
FU 0 41 71
FU 0 44 82
FU 0 45 2000
FU 0 48 56
FU 0 50 455
FU 0 51 55
FU 0 53 67
FU 0 56 92
FU 0 57 106
FU 0 60 480
FU 0 61 62
FU 0 65 72
FU 0 67 23
FU 0 70 116
FU 1 13 1
FU 1 23 84
FU 1 26 0
FU 1 31 1
FU 1 36 0
FU 1 38 0
FU 1 41 62
FU 1 46 0
FU 1 47 1
FU 1 53 156
FU 1 55 0
FU 1 61 54
FU 2 5 0
FU 2 6 116
FU 2 8 0
FU 2 10 106
FU 2 11 25
FU 2 12 0
FU 2 13 0
FU 2 14 28
FU 2 15 80
FU 2 16 61
FU 2 17 0
FU 2 23 80
FU 2 27 10
FU 2 29 0
FU 2 30 3
FU 2 31 0
FU 2 32 0
FU 2 37 0
FU 2 40 0
FU 2 41 6
FU 2 44 73
FU 2 48 160
FU 2 50 48
FU 2 52 0
FU 2 57 56
FU 2 58 7
FU 2 60 37
FU 2 62 0
FU 2 63 1
FU 2 64 0
FU 2 65 87
FU 2 68 0
FU 3 4 122
FU 3 5 4
FU 3 6 53
FU 3 8 0
FU 3 11 49
FU 3 13 0
FU 3 16 51
FU 3 17 0
FU 3 18 156
FU 3 19 0
FU 3 24 0
FU 3 26 0
FU 3 30 0
FU 3 31 0
FU 3 33 0
FU 3 35 0
FU 3 36 0
FU 3 38 0
FU 3 40 0
FU 3 41 74
FU 3 46 0
FU 3 47 0
FU 3 49 0
FU 3 51 57
FU 3 52 0
FU 3 53 41
FU 3 54 3
FU 3 55 0
FU 3 56 125
FU 3 59 0
FU 3 61 108
FU 3 63 0
FU 3 66 0
FU 3 67 62
FU 3 68 0
FU 4 3 0
FU 4 10 62
FU 4 11 86
FU 4 13 0
FU 4 17 0
FU 4 18 50
FU 4 22 70
FU 4 24 0
FU 4 26 0
FU 4 30 0
FU 4 31 0
FU 4 35 0
FU 4 36 0
FU 4 40 0
FU 4 41 28
FU 4 42 0
FU 4 46 0
FU 4 53 80
FU 4 56 68
FU 4 61 41
FU 5 1 70
FU 5 2 0
FU 5 3 0
FU 5 4 83
FU 5 6 34
FU 5 7 0
FU 5 8 0
FU 5 9 0
FU 5 10 67
FU 5 11 60
FU 5 12 0
FU 5 13 0
FU 5 14 53
FU 5 15 97
FU 5 16 56
FU 5 17 0
FU 5 18 25
FU 5 19 657
FU 5 20 124
FU 5 21 208
FU 5 22 25
FU 5 23 85
FU 5 24 0
FU 5 25 177
FU 5 26 0
FU 5 27 0
FU 5 29 0
FU 5 30 0
FU 5 31 0
FU 5 32 0
FU 5 33 0
FU 5 34 86
FU 5 35 0
FU 5 36 0
FU 5 37 0
FU 5 38 978
FU 5 39 148
FU 5 40 0
FU 5 41 28
FU 5 42 661
FU 5 43 0
FU 5 44 132
FU 5 46 0
FU 5 49 0
FU 5 50 56
FU 5 51 60
FU 5 52 0
FU 5 53 27
FU 5 54 0
FU 5 56 66
FU 5 57 29
FU 5 59 0
FU 5 61 46
FU 5 63 0
FU 5 64 0
FU 5 65 122
FU 5 66 0
FU 5 67 30
FU 5 68 0
FU 5 69 0
FU 5 70 207
FU 7 5 0
FU 7 8 0
FU 7 11 27
FU 7 13 0
FU 7 16 86
FU 7 26 0
FU 7 30 0
FU 7 31 0
FU 7 36 0
FU 7 38 0
FU 7 40 0
FU 7 41 16
FU 7 46 0
FU 7 47 0
FU 7 49 0
FU 7 51 51
FU 7 52 0
FU 7 53 47
FU 7 54 0
FU 7 55 0
FU 7 56 33
FU 7 59 0
FU 7 61 43
FU 7 63 1
FU 7 66 0
FU 7 67 17
FU 7 68 0
FU 8 2 1992
FU 8 5 0
FU 8 9 0
FU 8 10 59
FU 8 12 0
FU 8 14 33
FU 8 17 0
FU 8 23 31
FU 8 26 0
FU 8 29 0
FU 8 30 0
FU 8 31 0
FU 8 32 0
FU 8 40 0
FU 8 41 11
FU 8 43 0
FU 8 44 102
FU 8 47 0
FU 8 54 0
FU 8 55 0
FU 8 57 56
FU 8 61 24
FU 8 64 0
FU 8 68 0
FU 8 69 0
FU 8 70 92
FU 9 5 0
FU 9 8 0
FU 9 11 76
FU 9 13 0
FU 9 23 30
FU 9 26 0
FU 9 30 0
FU 9 31 0
FU 9 36 0
FU 9 38 0
FU 9 40 0
FU 9 41 23
FU 9 46 0
FU 9 49 0
FU 9 51 61
FU 9 52 0
FU 9 53 10
FU 9 54 0
FU 9 56 51
FU 9 59 0
FU 9 61 113
FU 9 63 0
FU 9 66 0
FU 9 67 85
FU 9 68 0
FU 10 4 32
FU 10 14 60
FU 10 17 0
FU 10 18 67
FU 10 22 74
FU 10 26 0
FU 10 27 0
FU 10 30 0
FU 10 41 20
FU 10 50 107
FU 10 53 59
FU 10 56 56
FU 10 57 51
FU 10 60 51
FU 10 61 26
FU 10 69 0
FU 11 2 0
FU 11 3 0
FU 11 4 97
FU 11 5 118
FU 11 10 29
FU 11 27 0
FU 11 47 0
FU 11 70 116
FU 12 2 0
FU 12 4 17
FU 12 5 0
FU 12 6 50
FU 12 8 0
FU 12 10 58
FU 12 11 45
FU 12 13 0
FU 12 15 115
FU 12 16 75
FU 12 17 0
FU 12 18 27
FU 12 19 0
FU 12 23 73
FU 12 26 0
FU 12 27 0
FU 12 29 0
FU 12 30 0
FU 12 31 0
FU 12 33 0
FU 12 36 0
FU 12 40 0
FU 12 41 7
FU 12 43 0
FU 12 48 146
FU 12 50 59
FU 12 51 19
FU 12 52 0
FU 12 53 42
FU 12 54 0
FU 12 56 44
FU 12 57 52
FU 12 58 0
FU 12 59 0
FU 12 60 35
FU 12 61 55
FU 12 62 0
FU 12 63 0
FU 12 64 0
FU 12 65 76
FU 12 66 0
FU 12 67 89
FU 12 68 0
FU 12 69 0
FU 12 70 47
FU 13 1 96
FU 13 2 0
FU 13 3 0
FU 13 4 29
FU 13 5 0
FU 13 6 39
FU 13 7 0
FU 13 8 0
FU 13 9 0
FU 13 10 26
FU 13 11 74
FU 13 12 0
FU 13 14 43
FU 13 15 227
FU 13 16 82
FU 13 17 0
FU 13 18 56
FU 13 19 0
FU 13 20 119
FU 13 21 100
FU 13 22 72
FU 13 23 82
FU 13 25 96
FU 13 26 0
FU 13 27 0
FU 13 29 0
FU 13 30 0
FU 13 31 0
FU 13 32 0
FU 13 33 0
FU 13 34 211
FU 13 36 0
FU 13 37 0
FU 13 39 31
FU 13 40 0
FU 13 41 26
FU 13 42 0
FU 13 43 0
FU 13 44 148
FU 13 46 0
FU 13 48 77
FU 13 49 0
FU 13 50 96
FU 13 51 50
FU 13 52 0
FU 13 53 37
FU 13 54 0
FU 13 56 47
FU 13 57 40
FU 13 58 0
FU 13 59 0
FU 13 60 33
FU 13 61 65
FU 13 62 0
FU 13 63 0
FU 13 64 0
FU 13 65 36
FU 13 66 0
FU 13 67 14
FU 13 68 0
FU 13 69 0
FU 14 2 0
FU 14 5 0
FU 14 6 34
FU 14 8 0
FU 14 10 17
FU 14 17 0
FU 14 26 0
FU 14 27 0
FU 14 30 0
FU 14 50 185
FU 14 51 34
FU 14 54 0
FU 14 55 0
FU 14 57 61
FU 14 62 0
FU 14 64 0
FU 14 69 271
FU 14 70 52
FU 15 54 0
FU 16 2 0
FU 16 5 0
FU 16 12 0
FU 16 27 0
FU 16 50 90
FU 16 60 41
FU 16 62 0
FU 17 2 0
FU 17 3 0
FU 17 4 26
FU 17 5 0
FU 17 8 0
FU 17 10 35
FU 17 11 83
FU 17 12 0
FU 17 13 0
FU 17 14 61
FU 17 16 26
FU 17 18 53
FU 17 19 0
FU 17 22 75
FU 17 23 39
FU 17 24 0
FU 17 25 63
FU 17 26 0
FU 17 29 0
FU 17 30 0
FU 17 31 0
FU 17 33 0
FU 17 35 0
FU 17 36 0
FU 17 37 0
FU 17 38 0
FU 17 40 0
FU 17 41 25
FU 17 42 0
FU 17 46 0
FU 17 47 0
FU 17 49 0
FU 17 51 10
FU 17 52 0
FU 17 53 33
FU 17 54 0
FU 17 55 0
FU 17 56 13
FU 17 57 26
FU 17 59 0
FU 17 61 41
FU 17 63 0
FU 17 65 68
FU 17 66 0
FU 17 67 78
FU 17 68 0
FU 17 69 0
FU 17 70 105
FU 18 3 0
FU 18 4 69
FU 18 10 19
FU 18 13 0
FU 18 17 0
FU 18 22 93
FU 18 24 0
FU 18 26 0
FU 18 30 0
FU 18 31 0
FU 18 35 0
FU 18 36 0
FU 18 40 0
FU 18 41 31
FU 18 46 0
FU 18 52 0
FU 18 53 24
FU 18 56 45
FU 18 61 33
FU 19 3 0
FU 19 5 78
FU 19 8 0
FU 19 11 28
FU 19 12 0
FU 19 13 0
FU 19 16 87
FU 19 17 0
FU 19 23 79
FU 19 25 59
FU 19 26 0
FU 19 27 0
FU 19 29 0
FU 19 30 0
FU 19 40 0
FU 19 41 40
FU 19 42 0
FU 19 47 0
FU 19 52 0
FU 19 55 0
FU 19 59 0
FU 19 63 0
FU 19 66 0
FU 19 67 70
FU 19 68 0
FU 20 5 122
FU 20 26 0
FU 21 5 139
FU 21 13 0
FU 21 26 0
FU 21 40 0
FU 21 41 25
FU 21 47 0
FU 21 54 362
FU 21 55 0
FU 22 4 104
FU 22 10 20
FU 22 13 0
FU 22 17 0
FU 22 18 21
FU 22 24 0
FU 22 26 0
FU 22 30 0
FU 22 35 0
FU 22 36 0
FU 22 40 0
FU 22 41 36
FU 22 46 0
FU 22 52 0
FU 22 53 89
FU 22 56 105
FU 22 61 59
FU 24 3 0
FU 24 4 55
FU 24 5 0
FU 24 8 0
FU 24 17 0
FU 24 18 103
FU 24 22 66
FU 24 26 0
FU 24 30 0
FU 24 31 0
FU 24 33 0
FU 24 35 352
FU 24 36 0
FU 24 38 0
FU 24 41 24
FU 24 43 0
FU 24 46 0
FU 24 49 0
FU 24 51 27
FU 24 53 51
FU 24 54 0
FU 24 56 42
FU 24 59 0
FU 24 61 29
FU 24 66 0
FU 24 67 77
FU 25 5 45
FU 25 11 42
FU 25 13 0
FU 25 17 0
FU 25 19 0
FU 25 26 0
FU 25 27 0
FU 25 29 0
FU 25 40 0
FU 25 41 12
FU 25 47 0
FU 25 52 0
FU 25 54 369
FU 25 55 0
FU 25 66 0
FU 25 67 68
FU 26 1 411
FU 26 3 1009
FU 26 4 242
FU 26 5 519
FU 26 6 81
FU 26 7 1
FU 26 8 1
FU 26 9 1999
FU 26 10 241
FU 26 11 307
FU 26 12 1999
FU 26 13 1021
FU 26 14 196
FU 26 15 83
FU 26 16 83
FU 26 17 1003
FU 26 18 202
FU 26 19 646
FU 26 20 252
FU 26 21 399
FU 26 22 251
FU 26 23 51
FU 26 24 1048
FU 26 25 402
FU 26 27 739
FU 26 29 1004
FU 26 30 865
FU 26 31 1047
FU 26 32 1
FU 26 33 1999
FU 26 34 311
FU 26 35 1010
FU 26 36 842
FU 26 37 2
FU 26 38 1021
FU 26 39 935
FU 26 40 1005
FU 26 41 702
FU 26 42 836
FU 26 43 1999
FU 26 44 107
FU 26 46 1999
FU 26 49 1999
FU 26 51 140
FU 26 52 1007
FU 26 53 253
FU 26 54 924
FU 26 55 1999
FU 26 56 244
FU 26 57 784
FU 26 59 3
FU 26 61 322
FU 26 63 20
FU 26 64 992
FU 26 65 141
FU 26 66 1001
FU 26 67 91
FU 26 68 1030
FU 26 69 881
FU 26 70 56
FU 26 0 2000
FU 27 2 0
FU 27 5 0
FU 27 6 47
FU 27 8 0
FU 27 10 23
FU 27 11 58
FU 27 12 0
FU 27 13 0
FU 27 14 54
FU 27 15 127
FU 27 16 38
FU 27 19 0
FU 27 23 44
FU 27 25 93
FU 27 26 0
FU 27 29 0
FU 27 30 0
FU 27 31 0
FU 27 32 0
FU 27 37 0
FU 27 40 0
FU 27 41 24
FU 27 44 78
FU 27 48 151
FU 27 50 112
FU 27 51 41
FU 27 52 0
FU 27 54 0
FU 27 55 0
FU 27 57 36
FU 27 58 68
FU 27 60 57
FU 27 62 1019
FU 27 63 0
FU 27 64 0
FU 27 65 120
FU 27 68 0
FU 29 2 0
FU 29 4 56
FU 29 5 0
FU 29 6 33
FU 29 8 0
FU 29 10 55
FU 29 11 101
FU 29 12 0
FU 29 13 0
FU 29 15 66
FU 29 16 60
FU 29 17 0
FU 29 19 0
FU 29 22 60
FU 29 23 19
FU 29 25 90
FU 29 26 0
FU 29 27 0
FU 29 30 0
FU 29 31 0
FU 29 33 0
FU 29 37 0
FU 29 40 0
FU 29 41 63
FU 29 48 64
FU 29 50 102
FU 29 51 10
FU 29 52 0
FU 29 53 18
FU 29 54 0
FU 29 55 0
FU 29 58 0
FU 29 59 0
FU 29 60 83
FU 29 61 19
FU 29 62 0
FU 29 63 0
FU 29 64 0
FU 29 65 118
FU 29 66 0
FU 29 67 110
FU 29 68 0
FU 29 70 79
FU 30 1 24
FU 30 2 0
FU 30 3 0
FU 30 4 33
FU 30 5 0
FU 30 6 113
FU 30 7 0
FU 30 8 0
FU 30 9 0
FU 30 10 44
FU 30 11 66
FU 30 12 0
FU 30 13 0
FU 30 14 34
FU 30 15 102
FU 30 16 16
FU 30 17 0
FU 30 18 94
FU 30 19 0
FU 30 20 136
FU 30 21 97
FU 30 22 67
FU 30 23 140
FU 30 24 0
FU 30 25 77
FU 30 26 0
FU 30 27 0
FU 30 29 0
FU 30 31 0
FU 30 32 0
FU 30 33 0
FU 30 34 143
FU 30 35 414
FU 30 36 0
FU 30 37 0
FU 30 39 101
FU 30 40 0
FU 30 41 21
FU 30 42 0
FU 30 43 0
FU 30 44 147
FU 30 46 0
FU 30 49 0
FU 30 51 50
FU 30 52 0
FU 30 53 81
FU 30 54 0
FU 30 55 0
FU 30 56 45
FU 30 57 35
FU 30 59 0
FU 30 61 49
FU 30 63 0
FU 30 64 0
FU 30 65 71
FU 30 66 0
FU 30 67 27
FU 30 68 0
FU 30 69 0
FU 30 70 130
FU 31 1 19
FU 31 2 0
FU 31 3 0
FU 31 4 25
FU 31 5 0
FU 31 6 14
FU 31 7 0
FU 31 8 0
FU 31 9 0
FU 31 10 42
FU 31 12 0
FU 31 13 0
FU 31 14 88
FU 31 15 122
FU 31 17 0
FU 31 18 86
FU 31 22 43
FU 31 23 62
FU 31 24 0
FU 31 26 0
FU 31 27 0
FU 31 29 0
FU 31 30 0
FU 31 32 0
FU 31 33 0
FU 31 35 200
FU 31 36 0
FU 31 37 0
FU 31 38 0
FU 31 40 0
FU 31 41 44
FU 31 43 0
FU 31 44 89
FU 31 46 0
FU 31 49 0
FU 31 50 146
FU 31 51 11
FU 31 52 0
FU 31 53 33
FU 31 54 0
FU 31 56 61
FU 31 57 48
FU 31 59 0
FU 31 61 59
FU 31 63 0
FU 31 64 0
FU 31 65 55
FU 31 66 0
FU 31 67 78
FU 31 68 0
FU 31 69 0
FU 31 70 110
FU 32 2 0
FU 32 5 0
FU 32 8 0
FU 32 11 36
FU 32 13 0
FU 32 15 82
FU 32 16 48
FU 32 23 44
FU 32 26 0
FU 32 27 0
FU 32 30 0
FU 32 31 0
FU 32 40 0
FU 32 41 78
FU 32 48 119
FU 32 52 0
FU 32 57 51
FU 32 58 0
FU 32 60 30
FU 32 62 0
FU 32 63 0
FU 32 64 0
FU 32 65 105
FU 32 68 0
FU 32 70 41
FU 33 3 0
FU 33 4 38
FU 33 5 0
FU 33 6 57
FU 33 8 0
FU 33 10 7
FU 33 12 0
FU 33 13 0
FU 33 17 0
FU 33 18 35
FU 33 22 45
FU 33 23 35
FU 33 24 0
FU 33 26 0
FU 33 29 0
FU 33 30 0
FU 33 31 0
FU 33 35 0
FU 33 36 0
FU 33 38 0
FU 33 40 0
FU 33 41 22
FU 33 43 0
FU 33 46 0
FU 33 49 0
FU 33 51 19
FU 33 52 0
FU 33 53 94
FU 33 54 0
FU 33 56 35
FU 33 59 0
FU 33 61 18
FU 33 63 0
FU 33 66 0
FU 33 67 62
FU 33 68 0
FU 34 5 190
FU 34 13 0
FU 34 26 0
FU 34 40 0
FU 34 41 28
FU 34 47 0
FU 34 55 0
FU 35 3 0
FU 35 4 38
FU 35 5 0
FU 35 8 0
FU 35 17 0
FU 35 18 75
FU 35 22 44
FU 35 24 951
FU 35 26 0
FU 35 30 253
FU 35 31 951
FU 35 33 0
FU 35 36 0
FU 35 38 0
FU 35 43 0
FU 35 46 0
FU 35 49 0
FU 35 51 42
FU 35 53 53
FU 35 54 0
FU 35 56 18
FU 35 59 0
FU 35 61 32
FU 35 66 0
FU 35 67 68
FU 36 1 22
FU 36 3 0
FU 36 4 25
FU 36 5 0
FU 36 6 123
FU 36 7 0
FU 36 8 0
FU 36 9 0
FU 36 12 0
FU 36 13 0
FU 36 17 0
FU 36 18 72
FU 36 22 54
FU 36 24 0
FU 36 26 0
FU 36 30 0
FU 36 31 0
FU 36 33 0
FU 36 35 0
FU 36 38 0
FU 36 39 30
FU 36 40 0
FU 36 42 0
FU 36 43 0
FU 36 46 0
FU 36 49 0
FU 36 51 17
FU 36 52 0
FU 36 53 10
FU 36 54 0
FU 36 56 85
FU 36 59 0
FU 36 61 34
FU 36 63 0
FU 36 66 0
FU 36 67 27
FU 36 68 0
FU 37 2 0
FU 37 5 0
FU 37 6 24
FU 37 8 0
FU 37 10 13
FU 37 11 47
FU 37 13 0
FU 37 15 38
FU 37 16 58
FU 37 17 0
FU 37 23 67
FU 37 26 0
FU 37 27 0
FU 37 29 0
FU 37 30 0
FU 37 31 0
FU 37 40 0
FU 37 41 39
FU 37 48 139
FU 37 50 89
FU 37 51 18
FU 37 52 0
FU 37 54 0
FU 37 57 45
FU 37 58 0
FU 37 60 44
FU 37 62 0
FU 37 63 0
FU 37 64 0
FU 37 65 67
FU 37 68 0
FU 37 69 0
FU 37 70 44
FU 38 1 76
FU 38 3 0
FU 38 4 19
FU 38 5 129
FU 38 7 0
FU 38 8 0
FU 38 9 0
FU 38 17 0
FU 38 18 45
FU 38 22 41
FU 38 24 0
FU 38 26 0
FU 38 31 0
FU 38 33 0
FU 38 35 0
FU 38 36 0
FU 38 39 32
FU 38 43 0
FU 38 46 0
FU 38 49 0
FU 38 51 26
FU 38 53 8
FU 38 54 0
FU 38 56 48
FU 38 59 0
FU 38 61 60
FU 38 66 0
FU 38 67 118
FU 39 5 495
FU 39 13 977
FU 39 26 0
FU 39 30 452
FU 39 36 566
FU 39 41 18
FU 39 53 34
FU 39 56 89
FU 40 1 115
FU 40 2 0
FU 40 3 0
FU 40 4 69
FU 40 5 0
FU 40 6 68
FU 40 7 0
FU 40 8 0
FU 40 9 0
FU 40 10 59
FU 40 11 93
FU 40 12 0
FU 40 13 0
FU 40 14 76
FU 40 15 68
FU 40 16 29
FU 40 17 0
FU 40 18 32
FU 40 19 0
FU 40 20 79
FU 40 21 73
FU 40 22 25
FU 40 23 28
FU 40 25 89
FU 40 26 0
FU 40 27 0
FU 40 29 0
FU 40 30 0
FU 40 31 0
FU 40 32 0
FU 40 33 0
FU 40 34 46
FU 40 36 0
FU 40 37 0
FU 40 41 53
FU 40 42 0
FU 40 43 0
FU 40 44 69
FU 40 48 116
FU 40 50 83
FU 40 51 19
FU 40 52 0
FU 40 53 46
FU 40 54 0
FU 40 55 0
FU 40 56 40
FU 40 57 64
FU 40 58 0
FU 40 59 0
FU 40 60 57
FU 40 61 8
FU 40 63 0
FU 40 64 0
FU 40 65 119
FU 40 66 0
FU 40 67 26
FU 40 68 0
FU 41 1 64
FU 41 3 0
FU 41 4 43
FU 41 5 0
FU 41 7 0
FU 41 8 0
FU 41 9 0
FU 41 10 32
FU 41 11 46
FU 41 12 0
FU 41 14 87
FU 41 17 0
FU 41 18 91
FU 41 19 0
FU 41 21 175
FU 41 22 49
FU 41 24 0
FU 41 25 79
FU 41 26 0
FU 41 27 0
FU 41 29 0
FU 41 30 0
FU 41 31 0
FU 41 33 0
FU 41 34 149
FU 41 39 84
FU 41 40 0
FU 41 42 0
FU 41 46 0
FU 41 48 143
FU 41 49 0
FU 41 50 73
FU 41 52 0
FU 41 53 77
FU 41 54 0
FU 41 57 50
FU 41 60 13
FU 41 61 43
FU 41 67 38
FU 41 69 325
FU 41 70 117
FU 42 4 117
FU 42 5 144
FU 42 6 95
FU 42 8 0
FU 42 11 33
FU 42 13 0
FU 42 16 70
FU 42 17 0
FU 42 19 0
FU 42 23 35
FU 42 26 0
FU 42 30 0
FU 42 36 0
FU 42 40 0
FU 42 41 36
FU 42 46 0
FU 42 47 0
FU 42 49 0
FU 42 51 20
FU 42 52 0
FU 42 55 0
FU 42 59 0
FU 42 61 27
FU 42 63 0
FU 42 66 0
FU 42 67 57
FU 42 68 0
FU 43 4 41
FU 43 5 0
FU 43 6 20
FU 43 8 0
FU 43 10 69
FU 43 12 0
FU 43 13 0
FU 43 18 61
FU 43 22 52
FU 43 23 40
FU 43 24 0
FU 43 26 0
FU 43 30 0
FU 43 31 0
FU 43 33 0
FU 43 35 0
FU 43 36 0
FU 43 38 0
FU 43 40 0
FU 43 46 0
FU 43 49 0
FU 43 51 75
FU 43 52 0
FU 43 53 48
FU 43 54 0
FU 43 56 69
FU 43 59 0
FU 43 61 64
FU 43 63 0
FU 43 66 0
FU 43 67 48
FU 43 68 0
FU 44 53 28
FU 44 58 0
FU 44 60 53
FU 46 1 90
FU 46 3 0
FU 46 4 54
FU 46 5 0
FU 46 6 112
FU 46 7 0
FU 46 8 0
FU 46 9 0
FU 46 13 0
FU 46 17 0
FU 46 18 71
FU 46 22 88
FU 46 24 0
FU 46 26 0
FU 46 30 0
FU 46 31 0
FU 46 33 0
FU 46 35 0
FU 46 36 591
FU 46 38 0
FU 46 39 103
FU 46 41 33
FU 46 42 0
FU 46 43 0
FU 46 49 0
FU 46 51 61
FU 46 53 34
FU 46 54 0
FU 46 56 34
FU 46 59 0
FU 46 61 67
FU 46 66 0
FU 46 67 74
FU 47 1 87
FU 47 3 0
FU 47 7 0
FU 47 8 0
FU 47 11 74
FU 47 16 29
FU 47 17 2
FU 47 19 0
FU 47 20 97
FU 47 21 89
FU 47 25 77
FU 47 34 164
FU 47 42 0
FU 47 52 0
FU 47 55 0
FU 47 66 0
FU 47 67 45
FU 47 68 5
FU 49 1 59
FU 49 3 0
FU 49 4 47
FU 49 5 0
FU 49 6 32
FU 49 7 0
FU 49 8 0
FU 49 9 0
FU 49 13 0
FU 49 17 0
FU 49 18 12
FU 49 22 47
FU 49 24 0
FU 49 26 0
FU 49 30 0
FU 49 31 0
FU 49 33 0
FU 49 35 0
FU 49 36 0
FU 49 38 0
FU 49 39 60
FU 49 41 11
FU 49 42 0
FU 49 43 0
FU 49 46 0
FU 49 51 18
FU 49 53 53
FU 49 54 0
FU 49 56 45
FU 49 59 0
FU 49 61 18
FU 49 66 0
FU 49 67 38
FU 50 2 0
FU 50 5 1
FU 50 10 69
FU 50 12 0
FU 50 14 80
FU 50 16 79
FU 50 27 1
FU 50 29 0
FU 50 41 12
FU 50 48 171
FU 50 58 8
FU 50 60 61
FU 50 62 0
FU 50 63 3
FU 50 64 0
FU 50 70 64
FU 51 14 68
FU 51 27 0
FU 51 37 0
FU 51 57 52
FU 51 64 437
FU 51 65 129
FU 51 69 244
FU 51 70 94
FU 52 1 67
FU 52 2 0
FU 52 3 0
FU 52 4 18
FU 52 5 0
FU 52 6 80
FU 52 7 0
FU 52 8 0
FU 52 9 0
FU 52 10 64
FU 52 11 29
FU 52 12 0
FU 52 13 0
FU 52 14 45
FU 52 15 14
FU 52 16 24
FU 52 17 0
FU 52 18 42
FU 52 19 0
FU 52 20 107
FU 52 21 61
FU 52 22 63
FU 52 23 96
FU 52 25 65
FU 52 26 0
FU 52 27 0
FU 52 29 0
FU 52 30 0
FU 52 31 0
FU 52 32 0
FU 52 33 0
FU 52 34 211
FU 52 36 0
FU 52 37 0
FU 52 40 0
FU 52 41 8
FU 52 42 0
FU 52 43 0
FU 52 44 71
FU 52 47 0
FU 52 51 27
FU 52 53 57
FU 52 54 0
FU 52 55 0
FU 52 58 0
FU 52 59 0
FU 52 60 55
FU 52 61 40
FU 52 63 0
FU 52 64 0
FU 52 65 84
FU 52 66 0
FU 52 67 55
FU 52 68 0
FU 52 70 108
FU 53 1 73
FU 53 3 0
FU 53 4 24
FU 53 10 8
FU 53 13 0
FU 53 17 0
FU 53 18 33
FU 53 22 46
FU 53 24 0
FU 53 26 0
FU 53 30 0
FU 53 31 0
FU 53 35 0
FU 53 36 0
FU 53 39 97
FU 53 40 0
FU 53 41 6
FU 53 44 116
FU 53 52 0
FU 53 56 29
FU 53 61 50
FU 54 1 65
FU 54 3 0
FU 54 4 74
FU 54 5 0
FU 54 6 72
FU 54 7 0
FU 54 8 0
FU 54 9 0
FU 54 10 51
FU 54 12 0
FU 54 13 0
FU 54 14 102
FU 54 15 126
FU 54 17 0
FU 54 18 56
FU 54 21 109
FU 54 22 92
FU 54 23 92
FU 54 24 0
FU 54 25 82
FU 54 26 0
FU 54 27 0
FU 54 29 0
FU 54 30 0
FU 54 31 0
FU 54 33 0
FU 54 35 0
FU 54 36 0
FU 54 37 0
FU 54 38 0
FU 54 39 100
FU 54 40 0
FU 54 41 25
FU 54 43 0
FU 54 44 135
FU 54 46 0
FU 54 49 0
FU 54 51 11
FU 54 52 0
FU 54 53 107
FU 54 56 128
FU 54 57 69
FU 54 59 0
FU 54 61 26
FU 54 63 0
FU 54 64 568
FU 54 65 92
FU 54 66 0
FU 54 67 90
FU 54 68 0
FU 54 69 0
FU 54 70 71
FU 55 1 43
FU 55 3 990
FU 55 6 50
FU 55 7 0
FU 55 8 1998
FU 55 11 98
FU 55 14 306
FU 55 16 51
FU 55 17 993
FU 55 19 682
FU 55 20 190
FU 55 21 226
FU 55 23 68
FU 55 25 149
FU 55 26 0
FU 55 27 1044
FU 55 29 994
FU 55 30 409
FU 55 34 111
FU 55 40 989
FU 55 42 502
FU 55 47 1994
FU 55 52 991
FU 55 63 1209
FU 55 66 998
FU 55 68 0
FU 56 4 35
FU 56 10 25
FU 56 13 0
FU 56 18 26
FU 56 22 58
FU 56 24 0
FU 56 26 0
FU 56 35 0
FU 56 36 0
FU 56 40 0
FU 56 53 40
FU 56 61 37
FU 57 5 0
FU 57 6 75
FU 57 8 0
FU 57 10 54
FU 57 12 0
FU 57 14 29
FU 57 17 0
FU 57 26 0
FU 57 27 0
FU 57 30 0
FU 57 31 0
FU 57 41 23
FU 57 51 18
FU 57 54 0
FU 57 60 541
FU 57 63 1
FU 57 69 273
FU 58 2 0
FU 58 10 46
FU 58 12 0
FU 58 13 0
FU 58 14 61
FU 58 15 162
FU 58 16 106
FU 58 23 38
FU 58 27 177
FU 58 29 0
FU 58 32 0
FU 58 37 0
FU 58 40 0
FU 58 41 4
FU 58 44 127
FU 58 48 102
FU 58 50 75
FU 58 52 0
FU 58 60 122
FU 58 62 967
FU 58 63 748
FU 58 64 0
FU 58 65 82
FU 58 68 392
FU 59 1 76
FU 59 3 0
FU 59 4 45
FU 59 5 0
FU 59 6 161
FU 59 7 0
FU 59 8 0
FU 59 9 0
FU 59 10 41
FU 59 11 169
FU 59 12 0
FU 59 13 0
FU 59 16 89
FU 59 17 0
FU 59 18 71
FU 59 19 0
FU 59 20 160
FU 59 21 77
FU 59 22 43
FU 59 23 55
FU 59 24 0
FU 59 25 141
FU 59 26 0
FU 59 29 0
FU 59 30 0
FU 59 31 0
FU 59 33 0
FU 59 34 151
FU 59 35 0
FU 59 36 0
FU 59 38 0
FU 59 39 29
FU 59 40 0
FU 59 41 10
FU 59 42 0
FU 59 43 0
FU 59 44 84
FU 59 46 0
FU 59 49 0
FU 59 51 14
FU 59 52 0
FU 59 53 34
FU 59 54 0
FU 59 56 74
FU 59 61 74
FU 59 63 1
FU 59 66 0
FU 59 67 87
FU 59 68 0
FU 60 2 0
FU 60 10 59
FU 60 12 0
FU 60 14 62
FU 60 16 86
FU 60 27 11
FU 60 29 0
FU 60 41 38
FU 60 44 87
FU 60 48 140
FU 60 50 108
FU 60 52 0
FU 60 57 48
FU 60 58 13
FU 60 62 3
FU 60 63 2
FU 60 64 0
FU 60 65 54
FU 60 68 563
FU 61 1 97
FU 61 3 0
FU 61 4 49
FU 61 5 0
FU 61 9 0
FU 61 10 61
FU 61 13 0
FU 61 18 100
FU 61 22 40
FU 61 24 0
FU 61 26 0
FU 61 31 0
FU 61 35 0
FU 61 36 0
FU 61 38 0
FU 61 40 0
FU 61 41 12
FU 61 42 0
FU 61 46 0
FU 61 53 47
FU 61 56 89
FU 62 2 0
FU 62 12 0
FU 62 13 0
FU 62 14 27
FU 62 15 96
FU 62 16 107
FU 62 23 44
FU 62 27 0
FU 62 29 0
FU 62 32 0
FU 62 37 0
FU 62 48 137
FU 62 50 42
FU 62 58 7
FU 62 60 14
FU 62 64 0
FU 63 1 122
FU 63 2 0
FU 63 3 0
FU 63 4 54
FU 63 5 0
FU 63 6 105
FU 63 7 0
FU 63 8 0
FU 63 9 0
FU 63 10 65
FU 63 11 53
FU 63 12 0
FU 63 13 0
FU 63 14 23
FU 63 15 52
FU 63 16 71
FU 63 17 0
FU 63 18 73
FU 63 19 0
FU 63 20 182
FU 63 21 124
FU 63 22 39
FU 63 23 45
FU 63 25 56
FU 63 26 0
FU 63 27 0
FU 63 29 0
FU 63 30 0
FU 63 31 0
FU 63 32 0
FU 63 33 0
FU 63 34 113
FU 63 36 0
FU 63 37 0
FU 63 40 0
FU 63 41 10
FU 63 42 0
FU 63 43 0
FU 63 44 130
FU 63 48 133
FU 63 50 47
FU 63 51 37
FU 63 52 0
FU 63 53 19
FU 63 54 17
FU 63 55 0
FU 63 56 40
FU 63 57 87
FU 63 58 1003
FU 63 59 0
FU 63 60 61
FU 63 61 56
FU 63 64 0
FU 63 65 134
FU 63 66 0
FU 63 67 73
FU 63 68 0
FU 63 70 94
FU 64 2 0
FU 64 5 0
FU 64 6 51
FU 64 8 0
FU 64 10 82
FU 64 12 0
FU 64 13 0
FU 64 14 123
FU 64 15 99
FU 64 16 130
FU 64 23 140
FU 64 26 0
FU 64 27 0
FU 64 29 0
FU 64 30 0
FU 64 31 0
FU 64 32 0
FU 64 37 0
FU 64 40 0
FU 64 41 31
FU 64 44 72
FU 64 48 76
FU 64 50 27
FU 64 51 298
FU 64 52 0
FU 64 54 314
FU 64 57 77
FU 64 58 0
FU 64 60 74
FU 64 62 0
FU 64 63 1
FU 64 65 61
FU 64 68 0
FU 64 69 1
FU 64 70 60
FU 65 51 64
FU 65 60 29
FU 66 1 141
FU 66 3 0
FU 66 4 56
FU 66 5 0
FU 66 6 107
FU 66 7 0
FU 66 8 0
FU 66 9 0
FU 66 10 36
FU 66 11 57
FU 66 12 0
FU 66 13 0
FU 66 16 77
FU 66 17 0
FU 66 18 56
FU 66 19 0
FU 66 20 185
FU 66 21 98
FU 66 22 52
FU 66 23 78
FU 66 24 0
FU 66 25 47
FU 66 26 0
FU 66 29 0
FU 66 30 0
FU 66 31 0
FU 66 33 0
FU 66 34 64
FU 66 35 0
FU 66 36 0
FU 66 38 0
FU 66 39 87
FU 66 40 0
FU 66 42 0
FU 66 43 0
FU 66 46 0
FU 66 47 0
FU 66 49 0
FU 66 51 35
FU 66 52 0
FU 66 53 35
FU 66 54 0
FU 66 55 0
FU 66 56 40
FU 66 59 0
FU 66 61 50
FU 66 63 4
FU 66 67 89
FU 66 68 0
FU 67 47 0
FU 68 1 97
FU 68 2 0
FU 68 3 0
FU 68 4 76
FU 68 5 0
FU 68 6 83
FU 68 7 0
FU 68 8 0
FU 68 9 0
FU 68 10 92
FU 68 11 62
FU 68 12 0
FU 68 13 0
FU 68 14 90
FU 68 15 145
FU 68 16 105
FU 68 17 0
FU 68 18 65
FU 68 19 0
FU 68 20 131
FU 68 21 119
FU 68 22 80
FU 68 23 126
FU 68 25 57
FU 68 26 0
FU 68 27 0
FU 68 29 0
FU 68 30 0
FU 68 31 0
FU 68 32 0
FU 68 33 0
FU 68 34 56
FU 68 36 0
FU 68 37 0
FU 68 40 0
FU 68 41 32
FU 68 42 0
FU 68 43 0
FU 68 44 60
FU 68 47 0
FU 68 51 17
FU 68 52 0
FU 68 53 28
FU 68 54 0
FU 68 55 0
FU 68 58 873
FU 68 59 0
FU 68 60 29
FU 68 61 48
FU 68 63 1
FU 68 64 0
FU 68 65 58
FU 68 66 0
FU 68 67 86
FU 68 70 93
FU 69 5 0
FU 69 6 39
FU 69 8 0
FU 69 10 79
FU 69 12 0
FU 69 13 0
FU 69 14 50
FU 69 17 0
FU 69 26 0
FU 69 30 1
FU 69 31 0
FU 69 37 0
FU 69 41 52
FU 69 44 91
FU 69 48 70
FU 69 51 488
FU 69 54 4
FU 69 57 77
FU 69 64 0
FU 69 65 49
FU 69 70 104
