Nodes: 101
Arcs: 2816
Terminals_rem: 1
Nodes_rem: 1
Arcs_rem: 955
First LB: 1
LB: 1
Iter. LB: 0
First UB: 24
UB: 6
Iter. UB: 1007
gap: 83.3333
BM. Time: 0
Runtime: 1207
FL 0 5 71
FL 0 46 26
FL 0 96 0
FL 0 52 21
FL 0 45 86
FL 0 40 29
FL 0 39 92
FL 0 29 63
FL 0 15 34
FL 0 59 101
FL 0 62 98
FL 0 95 2000
FL 0 72 110
FL 0 18 94
FL 0 80 11
FL 0 87 132
FL 0 56 112
FL 0 75 69
FL 0 91 100
FL 0 23 115
FL 0 9 140
FL 0 71 5
FL 0 84 44
FL 0 98 94
FL 0 79 102
FL 0 57 118
FL 0 41 95
FL 0 64 166
FL 0 47 67
FL 0 81 72
FL 0 13 33
FL 0 49 120
FL 0 14 28
FL 0 50 158
FL 0 34 91
FL 0 73 57
FL 0 74 120
FL 0 97 15
FL 0 30 122
FL 0 25 241
FL 0 20 148
FL 0 22 0
FL 0 58 109
FL 0 1 185
FL 0 2 269
FL 0 3 202
FL 0 4 677
FL 0 6 368
FL 0 7 1269
FL 0 8 745
FL 0 10 334
FL 0 11 247
FL 0 12 253
FL 0 16 190
FL 0 17 774
FL 0 19 197
FL 0 21 266
FL 0 24 1076
FL 0 26 1377
FL 0 27 324
FL 0 28 203
FL 0 31 166
FL 0 32 1728
FL 0 33 2
FL 0 35 85
FL 0 37 66
FL 0 38 889
FL 0 42 1377
FL 0 43 125
FL 0 44 1133
FL 0 48 515
FL 0 51 182
FL 0 53 1366
FL 0 54 304
FL 0 55 1183
FL 0 60 141
FL 0 61 904
FL 0 63 607
FL 0 65 186
FL 0 66 143
FL 0 67 190
FL 0 68 1585
FL 0 69 204
FL 0 70 853
FL 0 76 419
FL 0 77 454
FL 0 78 31
FL 0 82 133
FL 0 83 86
FL 0 85 141
FL 0 86 648
FL 0 88 347
FL 0 89 38
FL 0 90 382
FL 0 92 1688
FL 0 93 274
FL 0 94 157
FL 0 99 268
FL 0 100 1566
FL 1 6 42
FL 1 11 36
FL 1 15 1038
FL 1 18 1753
FL 1 32 67
FL 1 33 0
FL 1 37 68
FL 1 45 2583
FL 1 50 19227
FL 1 51 68
FL 1 52 347
FL 1 58 2053
FL 1 62 1719
FL 1 73 32
FL 1 78 11
FL 1 86 219
FL 1 93 282
FL 1 94 98
FL 2 13 11
FL 2 18 13
FL 2 47 22
FL 2 68 106
FL 2 81 14
FL 4 6 49
FL 4 24 48
FL 4 26 50
FL 4 28 50
FL 4 29 7
FL 4 30 9
FL 4 61 92
FL 4 77 83
FL 4 92 54
FL 5 1 1
FL 5 6 30
FL 5 8 14
FL 5 10 56
FL 5 11 64
FL 5 12 35
FL 5 13 2
FL 5 14 0
FL 5 17 125
FL 5 23 15
FL 5 26 100
FL 5 30 4
FL 5 31 97
FL 5 34 6
FL 5 37 59
FL 5 40 4
FL 5 43 46
FL 5 49 6
FL 5 52 3
FL 5 56 12
FL 5 57 5
FL 5 58 4
FL 5 59 15
FL 5 60 132
FL 5 61 27
FL 5 62 8
FL 5 64 9
FL 5 67 83
FL 5 77 41
FL 5 78 3
FL 5 79 1
FL 5 83 159
FL 5 85 113
FL 5 86 42
FL 5 91 13
FL 5 92 59
FL 5 93 249
FL 5 94 127
FL 5 98 14
FL 5 99 185
FL 6 1 8
FL 6 4 160
FL 6 5 815
FL 6 8 101
FL 6 10 45
FL 6 11 159
FL 6 12 38
FL 6 13 145
FL 6 14 202
FL 6 17 86
FL 6 23 422
FL 6 24 142
FL 6 26 27
FL 6 29 604
FL 6 30 631
FL 6 34 215
FL 6 37 35
FL 6 44 594
FL 6 52 205
FL 6 59 822
FL 6 60 95
FL 6 61 23
FL 6 62 699
FL 6 64 903
FL 6 67 91
FL 6 70 82
FL 6 71 138
FL 6 77 76
FL 6 78 6
FL 6 79 453
FL 6 83 108
FL 6 85 128
FL 6 86 49
FL 6 91 2268
FL 6 92 916
FL 6 93 268
FL 6 98 1011
FL 6 99 118
FL 6 100 47
FL 7 2 29
FL 7 3 52
FL 7 9 143
FL 7 14 35
FL 7 16 25
FL 7 25 32
FL 7 28 48
FL 7 32 27
FL 7 38 51
FL 7 41 187
FL 7 42 34
FL 7 45 355
FL 7 50 22
FL 7 53 98
FL 7 55 348
FL 7 63 36
FL 7 65 36
FL 7 68 76
FL 7 69 61
FL 7 72 175
FL 7 73 36
FL 7 74 314
FL 7 75 182
FL 7 81 217
FL 7 82 75
FL 7 84 202
FL 7 87 399
FL 7 88 88
FL 7 89 67
FL 7 90 28
FL 7 94 35
FL 7 96 0
FL 8 5 148
FL 8 6 40
FL 8 12 26
FL 8 13 18
FL 8 14 31
FL 8 23 172
FL 8 24 275
FL 8 26 31
FL 8 29 41
FL 8 30 97
FL 8 34 70
FL 8 37 16
FL 8 44 153
FL 8 52 82
FL 8 59 377
FL 8 60 44
FL 8 62 396
FL 8 67 47
FL 8 70 402
FL 8 78 7
FL 8 83 41
FL 8 85 29
FL 8 86 14
FL 8 92 124
FL 8 98 2472
FL 8 99 34
FL 9 1 1
FL 9 2 51
FL 9 3 107
FL 9 7 110
FL 9 14 3
FL 9 16 84
FL 9 20 18
FL 9 25 3
FL 9 32 45
FL 9 33 0
FL 9 35 113
FL 9 38 133
FL 9 41 9
FL 9 42 33
FL 9 45 6
FL 9 50 13
FL 9 53 103
FL 9 54 188
FL 9 55 64
FL 9 63 27
FL 9 65 62
FL 9 68 104
FL 9 69 175
FL 9 72 14
FL 9 73 30
FL 9 74 13
FL 9 75 7
FL 9 81 7
FL 9 82 126
FL 9 84 7
FL 9 87 14
FL 9 88 68
FL 9 89 151
FL 9 90 22
FL 9 96 0
FL 10 25 9
FL 10 28 75
FL 10 29 6
FL 10 30 9
FL 10 43 183
FL 10 58 16
FL 10 77 69
FL 10 86 69
FL 10 91 16
FL 10 92 18
FL 10 98 15
FL 11 5 1196
FL 11 6 314
FL 11 10 253
FL 11 12 276
FL 11 13 1308
FL 11 14 1133
FL 11 15 590
FL 11 22 226
FL 11 28 252
FL 11 33 3
FL 11 36 0
FL 11 40 1069
FL 11 43 171
FL 11 44 588
FL 11 51 194
FL 11 52 672
FL 11 55 876
FL 11 67 105
FL 11 73 3187
FL 11 77 924
FL 11 83 73
FL 11 85 63
FL 11 86 1690
FL 12 30 15
FL 12 51 78
FL 12 92 144
FL 12 93 278
FL 13 1 3
FL 13 2 81
FL 13 5 24
FL 13 6 40
FL 13 8 125
FL 13 10 86
FL 13 11 100
FL 13 12 67
FL 13 14 18
FL 13 15 21
FL 13 17 79
FL 13 22 4
FL 13 23 23
FL 13 24 49
FL 13 26 85
FL 13 28 77
FL 13 29 10
FL 13 30 14
FL 13 34 19
FL 13 37 42
FL 13 40 15
FL 13 43 90
FL 13 44 255
FL 13 49 22
FL 13 51 154
FL 13 52 7
FL 13 57 24
FL 13 59 33
FL 13 61 33
FL 13 64 31
FL 13 67 134
FL 13 70 152
FL 13 71 3
FL 13 77 65
FL 13 78 16
FL 13 79 13
FL 13 83 81
FL 13 85 47
FL 13 86 77
FL 13 92 106
FL 13 97 5
FL 14 1 5
FL 14 2 35
FL 14 5 24
FL 14 6 36
FL 14 7 114
FL 14 8 103
FL 14 9 22
FL 14 10 42
FL 14 11 100
FL 14 12 59
FL 14 13 9
FL 14 15 8
FL 14 16 94
FL 14 17 108
FL 14 23 22
FL 14 25 15
FL 14 28 43
FL 14 31 185
FL 14 37 60
FL 14 40 13
FL 14 42 98
FL 14 49 17
FL 14 50 25
FL 14 56 31
FL 14 57 13
FL 14 59 24
FL 14 60 111
FL 14 61 41
FL 14 63 56
FL 14 64 23
FL 14 65 87
FL 14 67 92
FL 14 71 1
FL 14 72 20
FL 14 73 35
FL 14 77 68
FL 14 83 46
FL 14 85 41
FL 14 87 23
FL 14 90 34
FL 14 91 26
FL 14 94 94
FL 14 98 20
FL 15 1 90
FL 15 2 78
FL 15 4 376
FL 15 10 321
FL 15 11 457
FL 15 12 369
FL 15 13 1611
FL 15 14 1643
FL 15 17 312
FL 15 19 300
FL 15 22 223
FL 15 23 54
FL 15 24 756
FL 15 25 2614
FL 15 26 539
FL 15 28 209
FL 15 29 1031
FL 15 30 1422
FL 15 31 182
FL 15 34 1340
FL 15 36 0
FL 15 37 73
FL 15 39 1537
FL 15 40 2069
FL 15 43 75
FL 15 46 568
FL 15 49 2461
FL 15 51 265
FL 15 52 905
FL 15 57 1909
FL 15 58 38
FL 15 60 141
FL 15 61 1065
FL 15 66 1758
FL 15 67 212
FL 15 70 736
FL 15 71 179
FL 15 77 911
FL 15 78 32
FL 15 79 1678
FL 15 83 164
FL 15 85 141
FL 15 86 1138
FL 15 97 13
FL 15 98 54
FL 15 100 1435
FL 16 3 79
FL 16 7 78
FL 16 9 415
FL 16 14 415
FL 16 19 189
FL 16 25 517
FL 16 27 300
FL 16 28 141
FL 16 33 0
FL 16 36 0
FL 16 50 25
FL 16 51 129
FL 16 55 103
FL 16 65 73
FL 16 66 97
FL 16 71 272
FL 16 73 2605
FL 16 89 59
FL 16 90 27
FL 16 96 1
FL 16 97 209
FL 17 5 23
FL 17 6 46
FL 17 10 47
FL 17 13 14
FL 17 18 19
FL 17 40 16
FL 17 58 29
FL 17 59 20
FL 17 60 82
FL 17 62 30
FL 17 77 110
FL 17 83 46
FL 17 92 63
FL 17 94 48
FL 17 98 27
FL 18 1 2
FL 18 2 60
FL 18 17 39
FL 18 25 2
FL 18 32 50
FL 18 38 94
FL 18 42 38
FL 18 45 7
FL 18 50 12
FL 18 53 97
FL 18 54 132
FL 18 56 17
FL 18 58 6
FL 18 60 175
FL 18 67 159
FL 18 68 78
FL 18 72 15
FL 18 73 27
FL 18 81 9
FL 18 82 184
FL 18 84 11
FL 18 85 55
FL 18 87 16
FL 18 91 19
FL 18 94 255
FL 18 98 23
FL 19 21 108
FL 19 22 394
FL 19 63 61
FL 19 78 15
FL 20 1 5
FL 20 2 25
FL 20 3 96
FL 20 7 113
FL 20 9 10
FL 20 25 2
FL 20 32 56
FL 20 33 0
FL 20 35 174
FL 20 38 120
FL 20 41 7
FL 20 42 69
FL 20 50 8
FL 20 53 112
FL 20 63 25
FL 20 65 87
FL 20 72 9
FL 20 73 23
FL 20 82 146
FL 20 87 6
FL 20 88 128
FL 20 89 142
FL 20 90 39
FL 20 96 0
FL 21 19 373
FL 21 33 0
FL 21 35 81
FL 21 36 0
FL 21 38 63
FL 21 48 324
FL 21 55 52
FL 21 75 328
FL 21 76 256
FL 21 80 236
FL 21 82 147
FL 21 90 46
FL 21 96 0
FL 22 11 61
FL 22 13 0
FL 22 15 1
FL 22 19 65
FL 22 23 3
FL 22 24 60
FL 22 26 84
FL 22 28 113
FL 22 29 2
FL 22 30 0
FL 22 34 1
FL 22 36 0
FL 22 39 4
FL 22 44 44
FL 22 46 2
FL 22 51 146
FL 22 52 0
FL 22 70 126
FL 22 71 0
FL 22 78 3
FL 22 86 26
FL 22 97 0
FL 22 100 158
FL 23 5 20
FL 23 6 32
FL 23 8 82
FL 23 10 45
FL 23 11 66
FL 23 12 80
FL 23 13 3
FL 23 14 3
FL 23 15 15
FL 23 17 67
FL 23 22 1
FL 23 26 40
FL 23 28 39
FL 23 29 2
FL 23 30 6
FL 23 31 111
FL 23 34 8
FL 23 37 53
FL 23 40 13
FL 23 43 118
FL 23 49 15
FL 23 51 68
FL 23 52 1
FL 23 57 15
FL 23 59 14
FL 23 60 71
FL 23 61 40
FL 23 64 6
FL 23 71 1
FL 23 73 416
FL 23 77 1048
FL 23 78 6
FL 23 79 3
FL 23 83 79
FL 23 85 65
FL 23 86 31
FL 23 92 17
FL 24 4 72
FL 24 6 45
FL 24 8 134
FL 24 13 13
FL 24 15 24
FL 24 22 3
FL 24 29 99
FL 24 30 12
FL 24 31 153
FL 24 34 22
FL 24 37 106
FL 24 39 12
FL 24 52 329
FL 24 59 18
FL 24 62 22
FL 24 92 38
FL 24 99 105
FL 24 100 78
FL 25 1 2
FL 25 2 41
FL 25 3 64
FL 25 7 117
FL 25 9 22
FL 25 10 68
FL 25 12 46
FL 25 14 15
FL 25 15 26
FL 25 16 64
FL 25 18 16
FL 25 20 31
FL 25 32 83
FL 25 38 116
FL 25 41 20
FL 25 42 49
FL 25 43 62
FL 25 45 17
FL 25 47 20
FL 25 50 22
FL 25 53 112
FL 25 54 301
FL 25 56 22
FL 25 57 25
FL 25 58 20
FL 25 63 34
FL 25 68 179
FL 25 69 231
FL 25 72 19
FL 25 73 28
FL 25 74 28
FL 25 79 14
FL 25 81 17
FL 25 82 117
FL 25 84 20
FL 25 87 25
FL 25 88 87
FL 25 89 126
FL 25 90 48
FL 25 91 23
FL 25 94 144
FL 25 98 24
FL 26 4 153
FL 26 6 57
FL 26 8 180
FL 26 12 54
FL 26 13 15
FL 26 15 26
FL 26 23 34
FL 26 30 14
FL 26 31 128
FL 26 34 26
FL 26 37 136
FL 26 39 12
FL 26 40 16
FL 26 52 13
FL 26 59 28
FL 26 62 25
FL 26 64 18
FL 26 92 68
FL 26 99 128
FL 26 100 73
FL 27 16 30
FL 27 66 28
FL 28 4 75
FL 28 10 42
FL 28 43 109
FL 28 58 12
FL 28 61 45
FL 28 79 10
FL 28 91 15
FL 28 98 16
FL 29 4 67
FL 29 6 31
FL 29 8 14
FL 29 10 50
FL 29 11 68
FL 29 12 32
FL 29 13 2
FL 29 15 18
FL 29 22 3
FL 29 23 19
FL 29 24 75
FL 29 30 4
FL 29 31 77
FL 29 34 3
FL 29 37 48
FL 29 39 11
FL 29 49 10
FL 29 52 1
FL 29 59 15
FL 29 62 5
FL 29 70 177
FL 29 83 66
FL 29 92 55
FL 29 99 191
FL 29 100 90
FL 30 4 117
FL 30 5 19
FL 30 6 38
FL 30 8 104
FL 30 10 93
FL 30 11 71
FL 30 12 58
FL 30 13 9
FL 30 15 23
FL 30 22 3
FL 30 23 21
FL 30 24 121
FL 30 26 62
FL 30 29 6
FL 30 31 120
FL 30 34 20
FL 30 37 60
FL 30 39 12
FL 30 40 17
FL 30 44 93
FL 30 49 33
FL 30 52 4
FL 30 59 16
FL 30 61 22
FL 30 62 11
FL 30 64 13
FL 30 70 111
FL 30 83 64
FL 30 92 50
FL 30 99 213
FL 31 24 58
FL 32 2 103
FL 32 18 24
FL 32 41 27
FL 32 42 107
FL 32 45 39
FL 32 50 31
FL 32 53 142
FL 32 58 42
FL 32 67 150
FL 32 68 139
FL 32 72 19
FL 32 82 88
FL 32 85 72
FL 32 91 49
FL 32 94 213
FL 32 98 36
FL 33 1 31317
FL 33 11 548
FL 33 16 84
FL 33 19 242
FL 33 21 164
FL 33 27 354
FL 33 35 121
FL 33 36 0
FL 33 38 199
FL 33 48 265
FL 33 55 198
FL 33 63 163
FL 33 65 109
FL 33 66 82
FL 33 75 1131
FL 33 76 362
FL 33 78 5230
FL 33 80 397
FL 33 90 54
FL 33 96 0
FL 33 97 220
FL 34 1 1
FL 34 5 19
FL 34 6 38
FL 34 8 90
FL 34 10 154
FL 34 11 20
FL 34 12 50
FL 34 13 4
FL 34 15 19
FL 34 22 1
FL 34 23 18
FL 34 24 56
FL 34 26 65
FL 34 28 67
FL 34 29 4
FL 34 30 4
FL 34 37 88
FL 34 39 12
FL 34 40 11
FL 34 49 14
FL 34 57 16
FL 34 59 15
FL 34 61 71
FL 34 64 8
FL 34 71 1
FL 34 73 28
FL 34 78 11
FL 34 83 105
FL 34 85 43
FL 34 92 50
FL 34 97 5
FL 36 11 14268
FL 36 15 32331
FL 36 16 6593
FL 36 21 2544
FL 36 22 1464
FL 36 33 43232
FL 36 35 209
FL 36 37 2499
FL 36 63 8365
FL 36 65 1262
FL 36 66 2874
FL 36 71 6524
FL 36 78 19607
FL 36 80 2494
FL 36 90 5350
FL 36 96 10971
FL 36 97 2382
FL 36 0 35031
FL 37 6 26
FL 37 24 118
FL 37 26 44
FL 37 59 1005
FL 37 60 46
FL 37 62 428
FL 37 77 70
FL 37 83 35
FL 37 92 20
FL 38 2 80
FL 38 21 90
FL 38 25 25
FL 38 33 0
FL 38 42 99
FL 38 45 43
FL 38 50 35
FL 38 65 145
FL 38 69 174
FL 39 4 48
FL 39 15 13
FL 39 19 55
FL 39 22 3
FL 39 24 25
FL 39 26 49
FL 39 28 39
FL 39 29 1
FL 39 30 3
FL 39 34 5
FL 39 40 9
FL 39 44 163
FL 39 46 3
FL 39 51 98
FL 39 52 1
FL 39 55 82
FL 39 66 23
FL 39 70 144
FL 39 96 0
FL 39 97 2
FL 39 99 211
FL 39 100 171
FL 40 5 18
FL 40 6 31
FL 40 8 19
FL 40 10 84
FL 40 11 14
FL 40 12 72
FL 40 13 21
FL 40 14 0
FL 40 15 33
FL 40 17 71
FL 40 23 17
FL 40 26 88
FL 40 28 51
FL 40 30 2
FL 40 34 6
FL 40 37 60
FL 40 39 120
FL 40 43 140
FL 40 49 11
FL 40 51 61
FL 40 52 75
FL 40 56 13
FL 40 57 7
FL 40 59 14
FL 40 60 61
FL 40 61 56
FL 40 64 6
FL 40 71 53
FL 40 77 572
FL 40 78 9
FL 40 79 2
FL 40 83 55
FL 40 85 97
FL 40 86 29
FL 40 91 13
FL 40 92 22
FL 40 98 1343
FL 41 1 2
FL 41 2 31
FL 41 3 100
FL 41 7 97
FL 41 9 17
FL 41 20 20
FL 41 25 4
FL 41 32 58
FL 41 35 54
FL 41 38 103
FL 41 42 40
FL 41 45 8
FL 41 47 9
FL 41 50 13
FL 41 53 127
FL 41 54 103
FL 41 63 21
FL 41 68 88
FL 41 69 184
FL 41 72 12
FL 41 74 14
FL 41 75 9
FL 41 81 7
FL 41 82 82
FL 41 84 7
FL 41 87 23
FL 41 88 165
FL 41 89 136
FL 42 18 30
FL 42 32 123
FL 42 38 281
FL 42 50 42
FL 42 53 132
FL 42 63 61
FL 42 68 165
FL 42 72 26
FL 42 73 43
FL 42 81 22
FL 42 84 20
FL 42 90 38
FL 44 4 155
FL 44 6 56
FL 44 8 137
FL 44 11 112
FL 44 13 468
FL 44 22 5
FL 44 30 48
FL 44 39 11
FL 44 99 129
FL 44 100 118
FL 45 1 1
FL 45 2 32
FL 45 3 88
FL 45 7 128
FL 45 9 14
FL 45 10 54
FL 45 12 57
FL 45 18 7
FL 45 25 2
FL 45 32 84
FL 45 38 76
FL 45 41 10
FL 45 42 41
FL 45 56 15
FL 45 61 76
FL 45 63 32
FL 45 64 21
FL 45 67 117
FL 45 73 27
FL 45 81 10
FL 45 85 85
FL 45 87 14
FL 45 91 17
FL 45 94 206
FL 46 15 13
FL 46 22 4
FL 46 28 45
FL 46 39 8
FL 46 66 33
FL 46 70 87
FL 46 71 0
FL 46 80 8
FL 46 96 0
FL 46 97 2
FL 47 2 140
FL 47 3 104
FL 47 25 5
FL 47 38 68
FL 47 41 12
FL 47 42 51
FL 47 50 12
FL 47 53 104
FL 47 54 153
FL 47 68 91
FL 47 69 145
FL 47 72 12
FL 47 81 4
FL 47 82 82
FL 47 84 3
FL 47 87 14
FL 47 88 186
FL 47 89 68
FL 48 21 53
FL 48 33 1
FL 48 96 0
FL 49 1 1
FL 49 5 19
FL 49 6 33
FL 49 8 87
FL 49 10 46
FL 49 11 14
FL 49 12 56
FL 49 13 2
FL 49 14 0
FL 49 15 8
FL 49 17 165
FL 49 23 17
FL 49 24 75
FL 49 26 35
FL 49 29 2
FL 49 30 2
FL 49 31 104
FL 49 34 8
FL 49 37 24
FL 49 40 6
FL 49 43 194
FL 49 52 2
FL 49 56 13
FL 49 57 12
FL 49 59 14
FL 49 60 111
FL 49 61 26
FL 49 62 9
FL 49 64 3
FL 49 67 77
FL 49 71 2
FL 49 77 61
FL 49 79 2
FL 49 83 55
FL 49 85 149
FL 49 86 33
FL 49 92 23
FL 49 93 164
FL 49 99 191
FL 50 1 2
FL 50 2 63
FL 50 3 114
FL 50 7 97
FL 50 9 1269
FL 50 14 134
FL 50 16 46
FL 50 18 898
FL 50 20 22
FL 50 25 239
FL 50 32 54
FL 50 38 62
FL 50 41 1535
FL 50 42 87
FL 50 47 3049
FL 50 53 107
FL 50 54 97
FL 50 63 25
FL 50 68 73
FL 50 69 99
FL 50 72 1344
FL 50 73 29
FL 50 74 1216
FL 50 75 342
FL 50 81 2410
FL 50 82 154
FL 50 84 2188
FL 50 87 1925
FL 50 88 80
FL 50 89 85
FL 50 90 21
FL 51 1 1
FL 51 12 45
FL 51 40 15
FL 51 66 16
FL 51 73 26
FL 51 78 12
FL 51 85 60
FL 52 1 1
FL 52 5 19
FL 52 6 34
FL 52 8 14
FL 52 10 33
FL 52 11 66
FL 52 12 44
FL 52 13 3
FL 52 15 13
FL 52 22 3
FL 52 23 16
FL 52 24 110
FL 52 26 167
FL 52 28 135
FL 52 29 1
FL 52 30 2
FL 52 37 39
FL 52 39 7
FL 52 40 9
FL 52 49 9
FL 52 57 10
FL 52 59 14
FL 52 61 58
FL 52 64 6
FL 52 71 0
FL 52 78 10
FL 52 83 139
FL 52 85 120
FL 52 97 4
FL 53 2 39
FL 53 3 116
FL 53 7 257
FL 53 9 307
FL 53 18 389
FL 53 25 256
FL 53 32 63
FL 53 41 366
FL 53 42 86
FL 53 47 19
FL 53 50 38
FL 53 68 84
FL 53 72 268
FL 53 81 207
FL 53 84 272
FL 53 87 23
FL 53 88 43
FL 53 89 49
FL 53 90 37
FL 55 7 123
FL 55 11 189
FL 55 16 168
FL 55 21 106
FL 55 33 0
FL 55 35 211
FL 55 39 82
FL 55 63 150
FL 55 65 137
FL 55 66 22
FL 55 80 221
FL 55 90 38
FL 55 96 0
FL 55 97 28
FL 56 1 1
FL 56 2 154
FL 56 5 19
FL 56 6 35
FL 56 8 87
FL 56 10 43
FL 56 12 44
FL 56 14 2
FL 56 17 75
FL 56 18 12
FL 56 25 6
FL 56 28 32
FL 56 40 12
FL 56 43 136
FL 56 45 10
FL 56 49 13
FL 56 57 11
FL 56 58 5
FL 56 61 35
FL 56 64 13
FL 56 67 139
FL 56 73 20
FL 56 77 49
FL 56 79 1
FL 56 85 75
FL 56 91 15
FL 56 94 91
FL 56 98 15
FL 57 1 1
FL 57 2 65
FL 57 5 19
FL 57 6 38
FL 57 8 86
FL 57 10 38
FL 57 11 67
FL 57 12 114
FL 57 13 3
FL 57 14 0
FL 57 15 12
FL 57 17 79
FL 57 23 17
FL 57 25 3
FL 57 28 64
FL 57 31 110
FL 57 34 8
FL 57 37 43
FL 57 40 10
FL 57 43 67
FL 57 49 19
FL 57 52 1
FL 57 56 12
FL 57 58 4
FL 57 59 14
FL 57 60 80
FL 57 61 24
FL 57 64 7
FL 57 67 87
FL 57 71 1
FL 57 77 56
FL 57 79 4
FL 57 83 40
FL 57 85 39
FL 57 86 12
FL 57 91 15
FL 57 94 140
FL 57 98 14
FL 58 1 3
FL 58 2 71
FL 58 5 19
FL 58 10 39
FL 58 12 65
FL 58 15 23
FL 58 17 71
FL 58 18 10
FL 58 25 14
FL 58 28 51
FL 58 32 61
FL 58 56 30
FL 58 57 27
FL 58 61 55
FL 58 64 11
FL 58 67 75
FL 58 77 69
FL 58 85 40
FL 58 91 22
FL 58 94 142
FL 58 98 16
FL 59 2 53
FL 59 5 19
FL 59 6 35
FL 59 8 16
FL 59 10 126
FL 59 12 113
FL 59 13 6
FL 59 14 1
FL 59 17 79
FL 59 23 19
FL 59 24 49
FL 59 26 50
FL 59 29 3
FL 59 30 8
FL 59 31 92
FL 59 34 7
FL 59 37 33
FL 59 40 11
FL 59 43 94
FL 59 49 10
FL 59 52 2
FL 59 57 11
FL 59 60 54
FL 59 61 38
FL 59 62 9
FL 59 64 13
FL 59 77 25
FL 59 79 2
FL 59 83 88
FL 59 92 24
FL 59 93 213
FL 59 99 209
FL 61 4 57
FL 61 28 111
FL 61 30 846
FL 61 34 28
FL 61 52 16
FL 61 92 69
FL 62 1 1
FL 62 4 184
FL 62 5 20
FL 62 6 31
FL 62 8 89
FL 62 17 7
FL 62 24 51
FL 62 26 79
FL 62 29 5
FL 62 30 10
FL 62 31 117
FL 62 37 19
FL 62 49 15
FL 62 59 17
FL 62 60 84
FL 62 61 75
FL 62 64 19
FL 62 77 54
FL 62 83 196
FL 62 85 67
FL 62 92 51
FL 62 93 247
FL 62 99 65
FL 63 2 40
FL 63 3 72
FL 63 7 207
FL 63 9 768
FL 63 14 151
FL 63 19 46
FL 63 25 426
FL 63 33 0
FL 63 35 119
FL 63 36 0
FL 63 38 89
FL 63 41 1141
FL 63 42 76
FL 63 50 14
FL 63 51 74
FL 63 53 105
FL 63 54 129
FL 63 55 37
FL 63 65 64
FL 63 69 159
FL 63 72 1049
FL 63 73 30
FL 63 74 804
FL 63 75 329
FL 63 76 161
FL 63 82 64
FL 63 87 1297
FL 63 88 178
FL 63 89 102
FL 63 90 46
FL 63 96 1
FL 63 97 166
FL 64 2 41
FL 64 5 18
FL 64 6 38
FL 64 8 107
FL 64 10 69
FL 64 12 20
FL 64 13 7
FL 64 14 9
FL 64 17 68
FL 64 23 17
FL 64 26 30
FL 64 30 9
FL 64 31 95
FL 64 34 14
FL 64 37 19
FL 64 40 15
FL 64 43 174
FL 64 45 13
FL 64 49 20
FL 64 52 2
FL 64 56 25
FL 64 57 17
FL 64 58 6
FL 64 59 17
FL 64 60 49
FL 64 61 25
FL 64 62 15
FL 64 67 103
FL 64 77 52
FL 64 79 6
FL 64 83 51
FL 64 85 64
FL 64 86 30
FL 64 91 20
FL 64 92 29
FL 64 93 134
FL 64 98 16
FL 65 9 252
FL 65 33 0
FL 65 35 156
FL 65 36 0
FL 65 38 57
FL 65 51 80
FL 65 55 62
FL 65 60 77
FL 65 63 44
FL 65 73 16
FL 65 90 35
FL 65 96 0
FL 65 97 75
FL 66 15 1003
FL 66 16 35
FL 66 19 70
FL 66 27 203
FL 66 28 51
FL 66 33 0
FL 66 36 0
FL 66 39 387
FL 66 46 406
FL 66 51 158
FL 66 55 123
FL 66 65 63
FL 66 71 154
FL 66 76 239
FL 66 78 4
FL 66 80 332
FL 66 90 36
FL 66 96 0
FL 66 97 90
FL 67 8 26
FL 67 18 11
FL 67 32 68
FL 68 2 97
FL 68 18 56
FL 68 32 140
FL 68 41 46
FL 68 42 175
FL 68 47 37
FL 68 50 59
FL 68 53 410
FL 68 81 31
FL 68 87 52
FL 70 8 161
FL 70 15 29
FL 70 29 438
FL 70 30 311
FL 70 46 8
FL 70 100 105
FL 71 1 0
FL 71 2 21
FL 71 6 22
FL 71 10 79
FL 71 11 63
FL 71 12 11
FL 71 13 287
FL 71 14 170
FL 71 15 44
FL 71 16 15
FL 71 17 51
FL 71 19 114
FL 71 22 172
FL 71 23 607
FL 71 28 67
FL 71 34 350
FL 71 36 0
FL 71 37 22
FL 71 40 247
FL 71 46 362
FL 71 49 1031
FL 71 51 108
FL 71 52 175
FL 71 57 970
FL 71 66 53
FL 71 78 5
FL 71 83 40
FL 71 86 382
FL 71 97 100
FL 72 2 16
FL 72 3 145
FL 72 7 106
FL 72 9 16
FL 72 14 1
FL 72 18 8
FL 72 20 15
FL 72 25 2
FL 72 32 81
FL 72 38 68
FL 72 41 10
FL 72 42 74
FL 72 47 8
FL 72 50 13
FL 72 53 126
FL 72 54 195
FL 72 60 140
FL 72 63 12
FL 72 68 77
FL 72 69 229
FL 72 73 29
FL 72 74 10
FL 72 81 7
FL 72 82 228
FL 72 84 8
FL 72 87 13
FL 72 88 38
FL 72 89 116
FL 72 90 13
FL 73 1 1
FL 73 2 68
FL 73 7 111
FL 73 9 17
FL 73 11 67
FL 73 14 3
FL 73 16 111
FL 73 18 14
FL 73 20 16
FL 73 23 1982
FL 73 25 2
FL 73 32 60
FL 73 34 405
FL 73 38 61
FL 73 42 46
FL 73 45 15
FL 73 50 17
FL 73 51 88
FL 73 56 2802
FL 73 60 81
FL 73 63 19
FL 73 65 77
FL 73 72 15
FL 73 74 13
FL 73 78 9
FL 73 82 70
FL 73 85 90
FL 73 87 14
FL 73 88 101
FL 73 89 132
FL 73 90 17
FL 73 94 97
FL 74 1 3
FL 74 2 26
FL 74 3 84
FL 74 7 109
FL 74 9 13
FL 74 25 4
FL 74 32 71
FL 74 33 0
FL 74 35 151
FL 74 38 58
FL 74 41 10
FL 74 42 122
FL 74 50 15
FL 74 53 99
FL 74 63 12
FL 74 65 117
FL 74 72 11
FL 74 73 32
FL 74 82 83
FL 74 87 12
FL 74 88 126
FL 74 89 81
FL 74 90 34
FL 74 96 0
FL 75 3 201
FL 75 7 92
FL 75 9 19
FL 75 21 181
FL 75 33 0
FL 75 35 64
FL 75 38 67
FL 75 41 26
FL 75 50 17
FL 75 63 29
FL 75 80 8
FL 75 82 45
FL 75 88 106
FL 75 89 81
FL 75 90 46
FL 75 96 0
FL 77 4 46
FL 77 11 113
FL 77 17 44
FL 77 23 1017
FL 77 37 64
FL 77 40 69
FL 77 58 358
FL 77 59 862
FL 77 60 43
FL 77 62 12
FL 77 83 68
FL 77 91 14
FL 77 98 336
FL 78 1 0
FL 78 5 1331
FL 78 6 13068
FL 78 8 4044
FL 78 10 13
FL 78 11 63
FL 78 12 23
FL 78 13 115
FL 78 15 51
FL 78 19 287
FL 78 22 390
FL 78 28 22
FL 78 33 2
FL 78 34 398
FL 78 36 0
FL 78 37 31
FL 78 40 575
FL 78 51 60
FL 78 52 221
FL 78 66 24
FL 78 71 102
FL 78 73 1816
FL 78 85 60
FL 78 86 200
FL 78 90 38
FL 78 97 100
FL 79 1 2
FL 79 2 54
FL 79 5 20
FL 79 6 35
FL 79 8 102
FL 79 10 55
FL 79 11 19
FL 79 12 40
FL 79 13 5
FL 79 15 20
FL 79 17 64
FL 79 23 17
FL 79 25 3
FL 79 28 37
FL 79 31 187
FL 79 37 29
FL 79 40 15
FL 79 49 19
FL 79 56 17
FL 79 57 18
FL 79 59 16
FL 79 60 53
FL 79 61 101
FL 79 64 11
FL 79 67 74
FL 79 77 66
FL 79 83 78
FL 79 85 92
FL 79 91 16
FL 79 92 21
FL 79 98 14
FL 80 19 94
FL 80 21 155
FL 80 27 210
FL 80 33 0
FL 80 35 151
FL 80 36 0
FL 80 46 414
FL 80 48 585
FL 80 55 80
FL 80 63 12
FL 80 66 60
FL 80 75 5
FL 80 76 179
FL 80 96 0
FL 81 2 90
FL 81 3 76
FL 81 7 100
FL 81 9 17
FL 81 18 9
FL 81 25 6
FL 81 41 12
FL 81 42 64
FL 81 45 12
FL 81 47 7
FL 81 50 14
FL 81 53 96
FL 81 54 162
FL 81 68 100
FL 81 69 100
FL 81 72 11
FL 81 84 3
FL 81 87 15
FL 81 88 81
FL 81 89 71
FL 83 62 17
FL 84 2 75
FL 84 3 140
FL 84 7 94
FL 84 9 13
FL 84 18 7
FL 84 25 2
FL 84 32 27
FL 84 41 10
FL 84 42 56
FL 84 47 6
FL 84 50 13
FL 84 53 86
FL 84 72 12
FL 84 81 5
FL 84 87 13
FL 84 88 101
FL 84 89 135
FL 85 32 44
FL 85 51 74
FL 86 6 66
FL 86 8 350
FL 86 11 99
FL 86 12 80
FL 86 13 22
FL 86 40 23
FL 86 64 1995
FL 86 83 54
FL 87 1 3
FL 87 2 22
FL 87 3 160
FL 87 7 110
FL 87 9 15
FL 87 14 2
FL 87 16 50
FL 87 18 18
FL 87 20 18
FL 87 25 3
FL 87 32 71
FL 87 38 36
FL 87 41 11
FL 87 42 93
FL 87 45 9
FL 87 47 10
FL 87 50 12
FL 87 53 105
FL 87 54 236
FL 87 60 23
FL 87 63 23
FL 87 65 145
FL 87 68 158
FL 87 69 239
FL 87 72 13
FL 87 73 30
FL 87 74 11
FL 87 81 7
FL 87 82 86
FL 87 84 10
FL 87 88 139
FL 87 89 113
FL 87 90 49
FL 88 75 30
FL 88 90 116
FL 90 2 48
FL 90 7 165
FL 90 9 220
FL 90 14 106
FL 90 16 35
FL 90 19 100
FL 90 21 194
FL 90 32 38
FL 90 33 0
FL 90 35 193
FL 90 36 0
FL 90 42 68
FL 90 50 9
FL 90 53 1392
FL 90 55 56
FL 90 63 87
FL 90 65 81
FL 90 66 38
FL 90 72 650
FL 90 73 19
FL 90 74 366
FL 90 75 264
FL 90 78 4
FL 90 82 90
FL 90 88 84
FL 90 89 248
FL 90 96 0
FL 90 97 123
FL 91 2 68
FL 91 5 13
FL 91 6 28
FL 91 8 85
FL 91 10 38
FL 91 12 59
FL 91 14 2
FL 91 17 61
FL 91 18 14
FL 91 25 7
FL 91 28 93
FL 91 32 131
FL 91 40 7
FL 91 43 117
FL 91 45 11
FL 91 56 17
FL 91 57 9
FL 91 58 6
FL 91 61 24
FL 91 64 10
FL 91 67 50
FL 91 77 54
FL 91 79 1
FL 91 85 79
FL 91 94 92
FL 91 98 7
FL 92 4 148
FL 92 10 92
FL 92 12 70
FL 92 13 21
FL 92 17 146
FL 92 23 56
FL 92 34 36
FL 92 40 22
FL 92 59 41
FL 92 61 140
FL 92 79 937
FL 93 12 109
FL 94 5 29
FL 96 7 1916
FL 96 9 202
FL 96 16 54
FL 96 19 332
FL 96 20 3114
FL 96 21 45
FL 96 27 261
FL 96 33 0
FL 96 35 118
FL 96 36 0
FL 96 39 332
FL 96 46 408
FL 96 48 365
FL 96 55 90
FL 96 63 20
FL 96 65 78
FL 96 66 75
FL 96 74 364
FL 96 75 286
FL 96 76 384
FL 96 80 238
FL 96 90 32
FL 96 97 259
FL 97 11 12
FL 97 13 173
FL 97 15 4
FL 97 16 56
FL 97 19 114
FL 97 22 0
FL 97 27 406
FL 97 28 78
FL 97 33 0
FL 97 34 2
FL 97 36 0
FL 97 39 455
FL 97 46 3
FL 97 51 90
FL 97 52 1
FL 97 55 121
FL 97 63 23
FL 97 65 45
FL 97 66 28
FL 97 71 132
FL 97 78 3
FL 97 90 52
FL 97 96 0
FL 98 5 19
FL 98 6 31
FL 98 8 85
FL 98 10 40
FL 98 12 50
FL 98 14 16
FL 98 15 14
FL 98 17 49
FL 98 18 180
FL 98 25 101
FL 98 28 131
FL 98 31 134
FL 98 32 51
FL 98 40 1029
FL 98 43 99
FL 98 56 12
FL 98 57 196
FL 98 58 206
FL 98 60 106
FL 98 61 31
FL 98 64 152
FL 98 67 120
FL 98 77 69
FL 98 79 71
FL 98 85 63
FL 98 91 422
FL 98 94 90
FL 99 5 27
FL 99 39 20
FL 100 4 107
FL 100 6 122
FL 100 15 30
FL 100 24 141
FL 100 26 202
FL 100 29 807
FL 100 39 34
FL 100 44 216
FL 100 70 182
FU 0 5 12
FU 0 46 6
FU 0 96 1
FU 0 52 2
FU 0 45 12
FU 0 40 8
FU 0 39 18
FU 0 29 15
FU 0 15 8
FU 0 59 22
FU 0 62 23
FU 0 95 2000
FU 0 72 18
FU 0 18 39
FU 0 80 5
FU 0 87 30
FU 0 56 16
FU 0 75 16
FU 0 91 12
FU 0 23 21
FU 0 9 23
FU 0 71 1
FU 0 84 10
FU 0 98 18
FU 0 79 17
FU 0 57 19
FU 0 41 20
FU 0 64 24
FU 0 47 8
FU 0 81 27
FU 0 13 3
FU 0 49 13
FU 0 14 1
FU 0 50 14
FU 0 34 14
FU 0 73 9
FU 0 74 22
FU 0 97 3
FU 0 30 22
FU 0 25 47
FU 0 20 14
FU 0 22 1
FU 0 58 13
FU 0 1 9
FU 0 2 152
FU 0 3 200
FU 0 4 437
FU 0 6 72
FU 0 7 149
FU 0 8 76
FU 0 10 183
FU 0 11 51
FU 0 12 167
FU 0 16 109
FU 0 17 358
FU 0 19 134
FU 0 21 175
FU 0 24 479
FU 0 26 540
FU 0 27 282
FU 0 28 146
FU 0 31 137
FU 0 32 620
FU 0 33 1
FU 0 35 89
FU 0 37 41
FU 0 38 387
FU 0 42 550
FU 0 43 127
FU 0 44 503
FU 0 48 481
FU 0 51 163
FU 0 53 178
FU 0 54 314
FU 0 55 506
FU 0 60 146
FU 0 61 370
FU 0 63 195
FU 0 65 114
FU 0 66 66
FU 0 67 129
FU 0 68 568
FU 0 69 202
FU 0 70 374
FU 0 76 422
FU 0 77 85
FU 0 78 3
FU 0 82 133
FU 0 83 81
FU 0 85 119
FU 0 86 250
FU 0 88 229
FU 0 89 43
FU 0 90 209
FU 0 92 547
FU 0 93 243
FU 0 94 138
FU 0 99 222
FU 0 100 596
FU 1 6 6
FU 1 11 80
FU 1 15 312
FU 1 18 859
FU 1 32 66
FU 1 33 0
FU 1 37 69
FU 1 45 1741
FU 1 50 1978
FU 1 51 64
FU 1 52 293
FU 1 58 1502
FU 1 62 803
FU 1 73 1
FU 1 78 9
FU 1 86 139
FU 1 93 232
FU 1 94 87
FU 2 13 0
FU 2 18 0
FU 2 47 1
FU 2 68 117
FU 2 81 1
FU 4 6 5
FU 4 24 29
FU 4 26 45
FU 4 28 50
FU 4 29 0
FU 4 30 0
FU 4 61 82
FU 4 77 48
FU 4 92 35
FU 5 1 0
FU 5 6 0
FU 5 8 70
FU 5 10 50
FU 5 11 2
FU 5 12 40
FU 5 13 0
FU 5 14 0
FU 5 17 113
FU 5 23 0
FU 5 26 115
FU 5 30 0
FU 5 31 97
FU 5 34 0
FU 5 37 54
FU 5 40 0
FU 5 43 40
FU 5 49 0
FU 5 52 0
FU 5 56 0
FU 5 57 0
FU 5 58 0
FU 5 59 0
FU 5 60 128
FU 5 61 15
FU 5 62 0
FU 5 64 0
FU 5 67 76
FU 5 77 92
FU 5 78 0
FU 5 79 0
FU 5 83 157
FU 5 85 105
FU 5 86 50
FU 5 91 0
FU 5 92 61
FU 5 93 258
FU 5 94 132
FU 5 98 0
FU 5 99 181
FU 6 1 0
FU 6 4 158
FU 6 5 713
FU 6 8 11
FU 6 10 49
FU 6 11 586
FU 6 12 28
FU 6 13 127
FU 6 14 185
FU 6 17 99
FU 6 23 376
FU 6 24 92
FU 6 26 26
FU 6 29 588
FU 6 30 604
FU 6 34 188
FU 6 37 34
FU 6 44 343
FU 6 52 177
FU 6 59 711
FU 6 60 96
FU 6 61 27
FU 6 62 591
FU 6 64 852
FU 6 67 88
FU 6 70 75
FU 6 71 141
FU 6 77 88
FU 6 78 0
FU 6 79 401
FU 6 83 109
FU 6 85 129
FU 6 86 43
FU 6 91 1688
FU 6 92 422
FU 6 93 251
FU 6 98 781
FU 6 99 114
FU 6 100 59
FU 7 2 34
FU 7 3 53
FU 7 9 75
FU 7 14 21
FU 7 16 25
FU 7 25 21
FU 7 28 48
FU 7 32 32
FU 7 38 49
FU 7 41 150
FU 7 42 30
FU 7 45 243
FU 7 50 0
FU 7 53 39
FU 7 55 142
FU 7 63 47
FU 7 65 46
FU 7 68 66
FU 7 69 64
FU 7 72 125
FU 7 73 4
FU 7 74 154
FU 7 75 104
FU 7 81 175
FU 7 82 74
FU 7 84 175
FU 7 87 183
FU 7 88 99
FU 7 89 65
FU 7 90 27
FU 7 94 38
FU 7 96 0
FU 8 5 111
FU 8 6 10
FU 8 12 29
FU 8 13 22
FU 8 14 84
FU 8 23 92
FU 8 24 136
FU 8 26 24
FU 8 29 57
FU 8 30 134
FU 8 34 56
FU 8 37 22
FU 8 44 90
FU 8 52 85
FU 8 59 196
FU 8 60 54
FU 8 62 214
FU 8 67 53
FU 8 70 194
FU 8 78 0
FU 8 83 41
FU 8 85 35
FU 8 86 16
FU 8 92 61
FU 8 98 284
FU 8 99 32
FU 9 1 0
FU 9 2 47
FU 9 3 116
FU 9 7 44
FU 9 14 0
FU 9 16 75
FU 9 20 0
FU 9 25 0
FU 9 32 45
FU 9 33 0
FU 9 35 114
FU 9 38 135
FU 9 41 0
FU 9 42 29
FU 9 45 0
FU 9 50 0
FU 9 53 63
FU 9 54 185
FU 9 55 78
FU 9 63 40
FU 9 65 58
FU 9 68 99
FU 9 69 179
FU 9 72 0
FU 9 73 0
FU 9 74 0
FU 9 75 0
FU 9 81 0
FU 9 82 122
FU 9 84 0
FU 9 87 0
FU 9 88 76
FU 9 89 148
FU 9 90 18
FU 9 96 0
FU 10 25 0
FU 10 28 71
FU 10 29 0
FU 10 30 0
FU 10 43 183
FU 10 58 0
FU 10 77 36
FU 10 86 33
FU 10 91 0
FU 10 92 19
FU 10 98 0
FU 11 5 483
FU 11 6 47
FU 11 10 141
FU 11 12 159
FU 11 13 413
FU 11 14 361
FU 11 15 164
FU 11 22 170
FU 11 28 169
FU 11 33 0
FU 11 36 0
FU 11 40 320
FU 11 43 171
FU 11 44 352
FU 11 51 154
FU 11 52 305
FU 11 55 345
FU 11 67 91
FU 11 73 490
FU 11 77 221
FU 11 83 74
FU 11 85 50
FU 11 86 464
FU 12 30 0
FU 12 51 70
FU 12 92 101
FU 12 93 271
FU 13 1 0
FU 13 2 74
FU 13 5 0
FU 13 6 7
FU 13 8 10
FU 13 10 78
FU 13 11 6
FU 13 12 56
FU 13 14 0
FU 13 15 0
FU 13 17 82
FU 13 22 0
FU 13 23 0
FU 13 24 42
FU 13 26 56
FU 13 28 72
FU 13 29 1
FU 13 30 0
FU 13 34 0
FU 13 37 42
FU 13 40 0
FU 13 43 98
FU 13 44 218
FU 13 49 0
FU 13 51 150
FU 13 52 0
FU 13 57 0
FU 13 59 1
FU 13 61 48
FU 13 64 0
FU 13 67 126
FU 13 70 146
FU 13 71 0
FU 13 77 20
FU 13 78 0
FU 13 79 0
FU 13 83 77
FU 13 85 48
FU 13 86 71
FU 13 92 77
FU 13 97 0
FU 14 1 0
FU 14 2 35
FU 14 5 0
FU 14 6 6
FU 14 7 3
FU 14 8 45
FU 14 9 0
FU 14 10 30
FU 14 11 57
FU 14 12 48
FU 14 13 0
FU 14 15 0
FU 14 16 87
FU 14 17 97
FU 14 23 0
FU 14 25 0
FU 14 28 46
FU 14 31 191
FU 14 37 54
FU 14 40 0
FU 14 42 80
FU 14 49 0
FU 14 50 0
FU 14 56 0
FU 14 57 0
FU 14 59 0
FU 14 60 106
FU 14 61 44
FU 14 63 38
FU 14 64 0
FU 14 65 86
FU 14 67 83
FU 14 71 0
FU 14 72 0
FU 14 73 0
FU 14 77 22
FU 14 83 48
FU 14 85 36
FU 14 87 0
FU 14 90 32
FU 14 91 0
FU 14 94 90
FU 14 98 0
FU 15 1 3
FU 15 2 70
FU 15 4 248
FU 15 10 218
FU 15 11 91
FU 15 12 202
FU 15 13 620
FU 15 14 538
FU 15 17 177
FU 15 19 217
FU 15 22 212
FU 15 23 10
FU 15 24 353
FU 15 25 816
FU 15 26 297
FU 15 28 116
FU 15 29 539
FU 15 30 688
FU 15 31 174
FU 15 34 666
FU 15 36 0
FU 15 37 56
FU 15 39 764
FU 15 40 652
FU 15 43 81
FU 15 46 472
FU 15 49 1002
FU 15 51 195
FU 15 52 438
FU 15 57 922
FU 15 58 0
FU 15 60 137
FU 15 61 468
FU 15 66 522
FU 15 67 193
FU 15 70 367
FU 15 71 137
FU 15 77 156
FU 15 78 0
FU 15 79 1005
FU 15 83 161
FU 15 85 96
FU 15 86 368
FU 15 97 3
FU 15 98 12
FU 15 100 533
FU 16 3 71
FU 16 7 2
FU 16 9 324
FU 16 14 287
FU 16 19 169
FU 16 25 335
FU 16 27 298
FU 16 28 82
FU 16 33 0
FU 16 36 0
FU 16 50 0
FU 16 51 113
FU 16 55 95
FU 16 65 62
FU 16 66 88
FU 16 71 220
FU 16 73 640
FU 16 89 58
FU 16 90 27
FU 16 96 0
FU 16 97 196
FU 17 5 0
FU 17 6 3
FU 17 10 47
FU 17 13 0
FU 17 18 0
FU 17 40 0
FU 17 58 2
FU 17 59 0
FU 17 60 78
FU 17 62 3
FU 17 77 35
FU 17 83 46
FU 17 92 62
FU 17 94 52
FU 17 98 8
FU 18 1 0
FU 18 2 52
FU 18 17 45
FU 18 25 0
FU 18 32 57
FU 18 38 90
FU 18 42 31
FU 18 45 0
FU 18 50 0
FU 18 53 171
FU 18 54 128
FU 18 56 0
FU 18 58 0
FU 18 60 177
FU 18 67 157
FU 18 68 67
FU 18 72 0
FU 18 73 0
FU 18 81 0
FU 18 82 184
FU 18 84 0
FU 18 85 50
FU 18 87 0
FU 18 91 0
FU 18 94 252
FU 18 98 0
FU 19 21 92
FU 19 22 330
FU 19 63 43
FU 19 78 1
FU 20 1 0
FU 20 2 24
FU 20 3 96
FU 20 7 36
FU 20 9 3
FU 20 25 0
FU 20 32 53
FU 20 33 0
FU 20 35 167
FU 20 38 128
FU 20 41 0
FU 20 42 53
FU 20 50 0
FU 20 53 309
FU 20 63 20
FU 20 65 84
FU 20 72 0
FU 20 73 0
FU 20 82 146
FU 20 87 0
FU 20 88 122
FU 20 89 143
FU 20 90 39
FU 20 96 0
FU 21 19 205
FU 21 33 0
FU 21 35 75
FU 21 36 0
FU 21 38 57
FU 21 48 319
FU 21 55 47
FU 21 75 291
FU 21 76 259
FU 21 80 176
FU 21 82 138
FU 21 90 48
FU 21 96 0
FU 22 11 0
FU 22 13 0
FU 22 15 0
FU 22 19 78
FU 22 23 0
FU 22 24 88
FU 22 26 67
FU 22 28 109
FU 22 29 0
FU 22 30 0
FU 22 34 0
FU 22 36 0
FU 22 39 0
FU 22 44 87
FU 22 46 0
FU 22 51 134
FU 22 52 0
FU 22 70 135
FU 22 71 0
FU 22 78 0
FU 22 86 66
FU 22 97 0
FU 22 100 145
FU 23 5 0
FU 23 6 0
FU 23 8 806
FU 23 10 47
FU 23 11 3
FU 23 12 79
FU 23 13 0
FU 23 14 0
FU 23 15 0
FU 23 17 72
FU 23 22 0
FU 23 26 48
FU 23 28 46
FU 23 29 0
FU 23 30 0
FU 23 31 103
FU 23 34 0
FU 23 37 53
FU 23 40 0
FU 23 43 114
FU 23 49 0
FU 23 51 69
FU 23 52 0
FU 23 57 0
FU 23 59 0
FU 23 60 82
FU 23 61 36
FU 23 64 0
FU 23 71 0
FU 23 73 146
FU 23 77 347
FU 23 78 5
FU 23 79 0
FU 23 83 94
FU 23 85 71
FU 23 86 41
FU 23 92 19
FU 24 4 66
FU 24 6 6
FU 24 8 38
FU 24 13 0
FU 24 15 0
FU 24 22 0
FU 24 29 115
FU 24 30 0
FU 24 31 154
FU 24 34 0
FU 24 37 90
FU 24 39 6
FU 24 52 241
FU 24 59 1
FU 24 62 2
FU 24 92 38
FU 24 99 100
FU 24 100 80
FU 25 1 0
FU 25 2 36
FU 25 3 62
FU 25 7 20
FU 25 9 0
FU 25 10 56
FU 25 12 41
FU 25 14 0
FU 25 15 0
FU 25 16 46
FU 25 18 0
FU 25 20 2
FU 25 32 71
FU 25 38 94
FU 25 41 0
FU 25 42 55
FU 25 43 61
FU 25 45 0
FU 25 47 0
FU 25 50 0
FU 25 53 41
FU 25 54 297
FU 25 56 0
FU 25 57 0
FU 25 58 0
FU 25 63 24
FU 25 68 161
FU 25 69 226
FU 25 72 1
FU 25 73 0
FU 25 74 1
FU 25 79 0
FU 25 81 0
FU 25 82 122
FU 25 84 0
FU 25 87 5
FU 25 88 83
FU 25 89 120
FU 25 90 78
FU 25 91 1
FU 25 94 147
FU 25 98 0
FU 26 4 167
FU 26 6 13
FU 26 8 24
FU 26 12 41
FU 26 13 0
FU 26 15 0
FU 26 23 4
FU 26 30 1
FU 26 31 123
FU 26 34 1
FU 26 37 134
FU 26 39 1
FU 26 40 0
FU 26 52 0
FU 26 59 3
FU 26 62 5
FU 26 64 1
FU 26 92 47
FU 26 99 133
FU 26 100 69
FU 27 16 33
FU 27 66 29
FU 28 4 64
FU 28 10 46
FU 28 43 104
FU 28 58 0
FU 28 61 40
FU 28 79 0
FU 28 91 0
FU 28 98 0
FU 29 4 60
FU 29 6 0
FU 29 8 0
FU 29 10 44
FU 29 11 1
FU 29 12 40
FU 29 13 0
FU 29 15 0
FU 29 22 0
FU 29 23 0
FU 29 24 81
FU 29 30 0
FU 29 31 76
FU 29 34 0
FU 29 37 52
FU 29 39 0
FU 29 49 0
FU 29 52 0
FU 29 59 0
FU 29 62 0
FU 29 70 163
FU 29 83 64
FU 29 92 57
FU 29 99 189
FU 29 100 84
FU 30 4 105
FU 30 5 0
FU 30 6 2
FU 30 8 16
FU 30 10 77
FU 30 11 0
FU 30 12 59
FU 30 13 0
FU 30 15 0
FU 30 22 0
FU 30 23 0
FU 30 24 102
FU 30 26 57
FU 30 29 0
FU 30 31 119
FU 30 34 0
FU 30 37 57
FU 30 39 0
FU 30 40 0
FU 30 44 108
FU 30 49 2
FU 30 52 0
FU 30 59 0
FU 30 61 24
FU 30 62 0
FU 30 64 0
FU 30 70 148
FU 30 83 68
FU 30 92 49
FU 30 99 215
FU 31 24 82
FU 32 2 102
FU 32 18 0
FU 32 41 0
FU 32 42 108
FU 32 45 1
FU 32 50 0
FU 32 53 21
FU 32 58 7
FU 32 67 145
FU 32 68 117
FU 32 72 1
FU 32 82 87
FU 32 85 72
FU 32 91 4
FU 32 94 206
FU 32 98 2
FU 33 1 1988
FU 33 11 127
FU 33 16 65
FU 33 19 229
FU 33 21 157
FU 33 27 344
FU 33 35 124
FU 33 36 0
FU 33 38 134
FU 33 48 257
FU 33 55 133
FU 33 63 62
FU 33 65 76
FU 33 66 36
FU 33 75 536
FU 33 76 359
FU 33 78 886
FU 33 80 248
FU 33 90 47
FU 33 96 0
FU 33 97 145
FU 34 1 0
FU 34 5 0
FU 34 6 1
FU 34 8 19
FU 34 10 148
FU 34 11 43
FU 34 12 46
FU 34 13 0
FU 34 15 0
FU 34 22 0
FU 34 23 0
FU 34 24 55
FU 34 26 54
FU 34 28 73
FU 34 29 0
FU 34 30 0
FU 34 37 84
FU 34 39 0
FU 34 40 0
FU 34 49 0
FU 34 57 0
FU 34 59 0
FU 34 61 72
FU 34 64 0
FU 34 71 0
FU 34 73 0
FU 34 78 0
FU 34 83 104
FU 34 85 43
FU 34 92 68
FU 34 97 1
FU 36 11 542
FU 36 15 1031
FU 36 16 985
FU 36 21 815
FU 36 22 747
FU 36 33 1999
FU 36 35 207
FU 36 37 775
FU 36 63 994
FU 36 65 556
FU 36 66 727
FU 36 71 1031
FU 36 78 1095
FU 36 80 851
FU 36 90 938
FU 36 96 1999
FU 36 97 796
FU 36 0 2000
FU 37 6 0
FU 37 24 77
FU 37 26 38
FU 37 59 624
FU 37 60 49
FU 37 62 350
FU 37 77 43
FU 37 83 41
FU 37 92 46
FU 38 2 65
FU 38 21 83
FU 38 25 0
FU 38 33 0
FU 38 42 76
FU 38 45 3
FU 38 50 0
FU 38 65 127
FU 38 69 182
FU 39 4 37
FU 39 15 0
FU 39 19 53
FU 39 22 0
FU 39 24 43
FU 39 26 62
FU 39 28 32
FU 39 29 0
FU 39 30 0
FU 39 34 0
FU 39 40 0
FU 39 44 160
FU 39 46 0
FU 39 51 91
FU 39 52 0
FU 39 55 76
FU 39 66 46
FU 39 70 182
FU 39 96 0
FU 39 97 2
FU 39 99 206
FU 39 100 227
FU 40 5 0
FU 40 6 1
FU 40 8 70
FU 40 10 81
FU 40 11 14
FU 40 12 58
FU 40 13 19
FU 40 14 0
FU 40 15 29
FU 40 17 68
FU 40 23 0
FU 40 26 74
FU 40 28 57
FU 40 30 0
FU 40 34 0
FU 40 37 55
FU 40 39 101
FU 40 43 136
FU 40 49 0
FU 40 51 53
FU 40 52 76
FU 40 56 0
FU 40 57 0
FU 40 59 0
FU 40 60 65
FU 40 61 69
FU 40 64 0
FU 40 71 48
FU 40 77 214
FU 40 78 0
FU 40 79 0
FU 40 83 58
FU 40 85 93
FU 40 86 43
FU 40 91 0
FU 40 92 43
FU 40 98 718
FU 41 1 0
FU 41 2 31
FU 41 3 104
FU 41 7 330
FU 41 9 0
FU 41 20 0
FU 41 25 0
FU 41 32 50
FU 41 35 61
FU 41 38 95
FU 41 42 33
FU 41 45 0
FU 41 47 0
FU 41 50 0
FU 41 53 174
FU 41 54 104
FU 41 63 41
FU 41 68 95
FU 41 69 181
FU 41 72 0
FU 41 74 0
FU 41 75 0
FU 41 81 0
FU 41 82 77
FU 41 84 0
FU 41 87 0
FU 41 88 152
FU 41 89 136
FU 42 18 0
FU 42 32 69
FU 42 38 191
FU 42 50 0
FU 42 53 27
FU 42 63 21
FU 42 68 147
FU 42 72 0
FU 42 73 2
FU 42 81 1
FU 42 84 1
FU 42 90 19
FU 44 4 164
FU 44 6 21
FU 44 8 12
FU 44 11 57
FU 44 13 276
FU 44 22 0
FU 44 30 24
FU 44 39 0
FU 44 99 135
FU 44 100 111
FU 45 1 0
FU 45 2 26
FU 45 3 88
FU 45 7 104
FU 45 9 0
FU 45 10 43
FU 45 12 50
FU 45 18 0
FU 45 25 0
FU 45 32 75
FU 45 38 80
FU 45 41 0
FU 45 42 47
FU 45 56 0
FU 45 61 80
FU 45 63 25
FU 45 64 0
FU 45 67 118
FU 45 73 0
FU 45 81 0
FU 45 85 87
FU 45 87 0
FU 45 91 0
FU 45 94 200
FU 46 15 0
FU 46 22 0
FU 46 28 54
FU 46 39 0
FU 46 66 55
FU 46 70 81
FU 46 71 0
FU 46 80 0
FU 46 96 0
FU 46 97 0
FU 47 2 129
FU 47 3 101
FU 47 25 0
FU 47 38 64
FU 47 41 0
FU 47 42 82
FU 47 50 0
FU 47 53 50
FU 47 54 158
FU 47 68 94
FU 47 69 148
FU 47 72 0
FU 47 81 0
FU 47 82 84
FU 47 84 0
FU 47 87 0
FU 47 88 180
FU 47 89 67
FU 48 21 50
FU 48 33 0
FU 48 96 0
FU 49 1 0
FU 49 5 0
FU 49 6 0
FU 49 8 58
FU 49 10 49
FU 49 11 6
FU 49 12 53
FU 49 13 0
FU 49 14 0
FU 49 15 0
FU 49 17 147
FU 49 23 0
FU 49 24 70
FU 49 26 29
FU 49 29 0
FU 49 30 0
FU 49 31 112
FU 49 34 0
FU 49 37 22
FU 49 40 0
FU 49 43 195
FU 49 52 0
FU 49 56 0
FU 49 57 0
FU 49 59 0
FU 49 60 113
FU 49 61 24
FU 49 62 0
FU 49 64 0
FU 49 67 75
FU 49 71 0
FU 49 77 72
FU 49 79 0
FU 49 83 51
FU 49 85 157
FU 49 86 44
FU 49 92 29
FU 49 93 157
FU 49 99 183
FU 50 1 0
FU 50 2 51
FU 50 3 114
FU 50 7 18
FU 50 9 511
FU 50 14 108
FU 50 16 45
FU 50 18 794
FU 50 20 0
FU 50 25 237
FU 50 32 48
FU 50 38 71
FU 50 41 848
FU 50 42 68
FU 50 47 1984
FU 50 53 8
FU 50 54 92
FU 50 63 35
FU 50 68 79
FU 50 69 94
FU 50 72 681
FU 50 73 13
FU 50 74 643
FU 50 75 269
FU 50 81 1655
FU 50 82 154
FU 50 84 1635
FU 50 87 880
FU 50 88 70
FU 50 89 91
FU 50 90 24
FU 51 1 0
FU 51 12 51
FU 51 40 0
FU 51 66 20
FU 51 73 0
FU 51 78 0
FU 51 85 54
FU 52 1 0
FU 52 5 0
FU 52 6 0
FU 52 8 0
FU 52 10 38
FU 52 11 3
FU 52 12 42
FU 52 13 0
FU 52 15 0
FU 52 22 0
FU 52 23 0
FU 52 24 88
FU 52 26 140
FU 52 28 119
FU 52 29 0
FU 52 30 0
FU 52 37 33
FU 52 39 0
FU 52 40 0
FU 52 49 0
FU 52 57 0
FU 52 59 0
FU 52 61 52
FU 52 64 0
FU 52 71 0
FU 52 78 0
FU 52 83 127
FU 52 85 113
FU 52 97 0
FU 53 2 44
FU 53 3 124
FU 53 7 37
FU 53 9 145
FU 53 18 161
FU 53 25 112
FU 53 32 67
FU 53 41 160
FU 53 42 70
FU 53 47 1
FU 53 50 1
FU 53 68 72
FU 53 72 135
FU 53 81 137
FU 53 84 179
FU 53 87 2
FU 53 88 43
FU 53 89 53
FU 53 90 21
FU 55 7 45
FU 55 11 36
FU 55 16 146
FU 55 21 96
FU 55 33 0
FU 55 35 206
FU 55 39 63
FU 55 63 58
FU 55 65 123
FU 55 66 41
FU 55 80 206
FU 55 90 31
FU 55 96 0
FU 55 97 19
FU 56 1 0
FU 56 2 151
FU 56 5 0
FU 56 6 0
FU 56 8 1
FU 56 10 38
FU 56 12 33
FU 56 14 0
FU 56 17 72
FU 56 18 0
FU 56 25 0
FU 56 28 35
FU 56 40 0
FU 56 43 138
FU 56 45 0
FU 56 49 0
FU 56 57 0
FU 56 58 0
FU 56 61 38
FU 56 64 0
FU 56 67 146
FU 56 73 0
FU 56 77 117
FU 56 79 0
FU 56 85 88
FU 56 91 0
FU 56 94 99
FU 56 98 0
FU 57 1 0
FU 57 2 57
FU 57 5 0
FU 57 6 0
FU 57 8 11
FU 57 10 26
FU 57 11 100
FU 57 12 110
FU 57 13 0
FU 57 14 0
FU 57 15 0
FU 57 17 71
FU 57 23 0
FU 57 25 0
FU 57 28 62
FU 57 31 105
FU 57 34 0
FU 57 37 41
FU 57 40 0
FU 57 43 69
FU 57 49 0
FU 57 52 0
FU 57 56 0
FU 57 58 0
FU 57 59 0
FU 57 60 85
FU 57 61 51
FU 57 64 0
FU 57 67 84
FU 57 71 0
FU 57 77 35
FU 57 79 0
FU 57 83 38
FU 57 85 35
FU 57 86 28
FU 57 91 1
FU 57 94 145
FU 57 98 0
FU 58 1 0
FU 58 2 70
FU 58 5 0
FU 58 10 33
FU 58 12 60
FU 58 15 0
FU 58 17 74
FU 58 18 0
FU 58 25 0
FU 58 28 52
FU 58 32 59
FU 58 56 4
FU 58 57 0
FU 58 61 45
FU 58 64 0
FU 58 67 85
FU 58 77 69
FU 58 85 37
FU 58 91 1
FU 58 94 142
FU 58 98 0
FU 59 2 46
FU 59 5 0
FU 59 6 0
FU 59 8 1
FU 59 10 113
FU 59 12 107
FU 59 13 0
FU 59 14 0
FU 59 17 73
FU 59 23 0
FU 59 24 43
FU 59 26 75
FU 59 29 0
FU 59 30 0
FU 59 31 92
FU 59 34 0
FU 59 37 35
FU 59 40 0
FU 59 43 95
FU 59 49 0
FU 59 52 0
FU 59 57 0
FU 59 60 52
FU 59 61 39
FU 59 62 8
FU 59 64 0
FU 59 77 1
FU 59 79 0
FU 59 83 82
FU 59 92 41
FU 59 93 213
FU 59 99 220
FU 61 4 62
FU 61 28 102
FU 61 30 416
FU 61 34 0
FU 61 52 0
FU 61 92 74
FU 62 1 0
FU 62 4 162
FU 62 5 0
FU 62 6 1
FU 62 8 0
FU 62 17 5
FU 62 24 45
FU 62 26 76
FU 62 29 0
FU 62 30 0
FU 62 31 112
FU 62 37 17
FU 62 49 0
FU 62 59 0
FU 62 60 80
FU 62 61 82
FU 62 64 0
FU 62 77 47
FU 62 83 193
FU 62 85 67
FU 62 92 40
FU 62 93 232
FU 62 99 70
FU 63 2 47
FU 63 3 70
FU 63 7 300
FU 63 9 325
FU 63 14 145
FU 63 19 42
FU 63 25 336
FU 63 33 0
FU 63 35 118
FU 63 36 0
FU 63 38 84
FU 63 41 816
FU 63 42 76
FU 63 50 0
FU 63 51 74
FU 63 53 73
FU 63 54 124
FU 63 55 42
FU 63 65 68
FU 63 69 162
FU 63 72 558
FU 63 73 0
FU 63 74 539
FU 63 75 293
FU 63 76 166
FU 63 82 69
FU 63 87 889
FU 63 88 177
FU 63 89 110
FU 63 90 62
FU 63 96 0
FU 63 97 161
FU 64 2 44
FU 64 5 0
FU 64 6 0
FU 64 8 44
FU 64 10 65
FU 64 12 26
FU 64 13 0
FU 64 14 0
FU 64 17 73
FU 64 23 0
FU 64 26 31
FU 64 30 0
FU 64 31 95
FU 64 34 0
FU 64 37 16
FU 64 40 0
FU 64 43 174
FU 64 45 0
FU 64 49 1
FU 64 52 0
FU 64 56 0
FU 64 57 0
FU 64 58 0
FU 64 59 0
FU 64 60 54
FU 64 61 20
FU 64 62 1
FU 64 67 107
FU 64 77 38
FU 64 79 0
FU 64 83 53
FU 64 85 60
FU 64 86 29
FU 64 91 1
FU 64 92 31
FU 64 93 143
FU 64 98 0
FU 65 9 231
FU 65 33 0
FU 65 35 156
FU 65 36 0
FU 65 38 61
FU 65 51 81
FU 65 55 55
FU 65 60 63
FU 65 63 68
FU 65 73 11
FU 65 90 43
FU 65 96 0
FU 65 97 65
FU 66 15 319
FU 66 16 44
FU 66 19 84
FU 66 27 210
FU 66 28 49
FU 66 33 0
FU 66 36 0
FU 66 39 357
FU 66 46 395
FU 66 51 147
FU 66 55 101
FU 66 65 56
FU 66 71 166
FU 66 76 231
FU 66 78 0
FU 66 80 311
FU 66 90 34
FU 66 96 0
FU 66 97 102
FU 67 8 0
FU 67 18 0
FU 67 32 59
FU 68 2 90
FU 68 18 8
FU 68 32 92
FU 68 41 6
FU 68 42 107
FU 68 47 6
FU 68 50 7
FU 68 53 91
FU 68 81 4
FU 68 87 9
FU 70 8 15
FU 70 15 0
FU 70 29 297
FU 70 30 111
FU 70 46 0
FU 70 100 96
FU 71 1 0
FU 71 2 25
FU 71 6 5
FU 71 10 79
FU 71 11 0
FU 71 12 19
FU 71 13 252
FU 71 14 144
FU 71 15 53
FU 71 16 7
FU 71 17 49
FU 71 19 119
FU 71 22 187
FU 71 23 417
FU 71 28 66
FU 71 34 340
FU 71 36 0
FU 71 37 29
FU 71 40 288
FU 71 46 347
FU 71 49 982
FU 71 51 108
FU 71 52 164
FU 71 57 905
FU 71 66 46
FU 71 78 0
FU 71 83 37
FU 71 86 203
FU 71 97 83
FU 72 2 19
FU 72 3 148
FU 72 7 84
FU 72 9 0
FU 72 14 0
FU 72 18 0
FU 72 20 0
FU 72 25 0
FU 72 32 70
FU 72 38 63
FU 72 41 0
FU 72 42 67
FU 72 47 0
FU 72 50 0
FU 72 53 249
FU 72 54 192
FU 72 60 141
FU 72 63 29
FU 72 68 102
FU 72 69 225
FU 72 73 0
FU 72 74 0
FU 72 81 0
FU 72 82 228
FU 72 84 0
FU 72 87 0
FU 72 88 39
FU 72 89 124
FU 72 90 13
FU 73 1 0
FU 73 2 68
FU 73 7 63
FU 73 9 0
FU 73 11 2
FU 73 14 0
FU 73 16 114
FU 73 18 0
FU 73 20 0
FU 73 23 725
FU 73 25 0
FU 73 32 48
FU 73 34 364
FU 73 38 66
FU 73 42 42
FU 73 45 0
FU 73 50 0
FU 73 51 88
FU 73 56 1980
FU 73 60 72
FU 73 63 27
FU 73 65 72
FU 73 72 0
FU 73 74 0
FU 73 78 0
FU 73 82 69
FU 73 85 88
FU 73 87 0
FU 73 88 102
FU 73 89 130
FU 73 90 13
FU 73 94 101
FU 74 1 0
FU 74 2 28
FU 74 3 78
FU 74 7 45
FU 74 9 0
FU 74 25 0
FU 74 32 62
FU 74 33 0
FU 74 35 153
FU 74 38 53
FU 74 41 0
FU 74 42 101
FU 74 50 0
FU 74 53 17
FU 74 63 25
FU 74 65 95
FU 74 72 0
FU 74 73 0
FU 74 82 92
FU 74 87 2
FU 74 88 132
FU 74 89 82
FU 74 90 26
FU 74 96 0
FU 75 3 202
FU 75 7 14
FU 75 9 0
FU 75 21 176
FU 75 33 0
FU 75 35 70
FU 75 38 68
FU 75 41 0
FU 75 50 0
FU 75 63 28
FU 75 80 0
FU 75 82 45
FU 75 88 95
FU 75 89 73
FU 75 90 29
FU 75 96 0
FU 77 4 44
FU 77 11 68
FU 77 17 48
FU 77 23 349
FU 77 37 59
FU 77 40 60
FU 77 58 293
FU 77 59 438
FU 77 60 44
FU 77 62 0
FU 77 83 68
FU 77 91 0
FU 77 98 177
FU 78 1 0
FU 78 5 681
FU 78 6 1742
FU 78 8 338
FU 78 10 26
FU 78 11 0
FU 78 12 23
FU 78 13 111
FU 78 15 84
FU 78 19 176
FU 78 22 353
FU 78 28 29
FU 78 33 0
FU 78 34 367
FU 78 36 0
FU 78 37 50
FU 78 40 321
FU 78 51 73
FU 78 52 219
FU 78 66 27
FU 78 71 99
FU 78 73 684
FU 78 85 57
FU 78 86 112
FU 78 90 38
FU 78 97 115
FU 79 1 0
FU 79 2 47
FU 79 5 0
FU 79 6 0
FU 79 8 302
FU 79 10 52
FU 79 11 14
FU 79 12 35
FU 79 13 0
FU 79 15 0
FU 79 17 57
FU 79 23 0
FU 79 25 0
FU 79 28 35
FU 79 31 181
FU 79 37 26
FU 79 40 0
FU 79 49 0
FU 79 56 0
FU 79 57 0
FU 79 59 0
FU 79 60 45
FU 79 61 103
FU 79 64 0
FU 79 67 74
FU 79 77 122
FU 79 83 81
FU 79 85 76
FU 79 91 0
FU 79 92 33
FU 79 98 0
FU 80 19 89
FU 80 21 137
FU 80 27 211
FU 80 33 0
FU 80 35 149
FU 80 36 0
FU 80 46 394
FU 80 48 579
FU 80 55 72
FU 80 63 28
FU 80 66 54
FU 80 75 0
FU 80 76 181
FU 80 96 0
FU 81 2 100
FU 81 3 69
FU 81 7 17
FU 81 9 0
FU 81 18 0
FU 81 25 0
FU 81 41 0
FU 81 42 49
FU 81 45 0
FU 81 47 0
FU 81 50 0
FU 81 53 6
FU 81 54 163
FU 81 68 84
FU 81 69 100
FU 81 72 0
FU 81 84 0
FU 81 87 0
FU 81 88 68
FU 81 89 73
FU 83 62 0
FU 84 2 86
FU 84 3 138
FU 84 7 53
FU 84 9 0
FU 84 18 0
FU 84 25 0
FU 84 32 28
FU 84 41 0
FU 84 42 67
FU 84 47 0
FU 84 50 0
FU 84 53 2
FU 84 72 0
FU 84 81 0
FU 84 87 0
FU 84 88 107
FU 84 89 127
FU 85 32 32
FU 85 51 80
FU 86 6 26
FU 86 8 30
FU 86 11 22
FU 86 12 80
FU 86 13 1
FU 86 40 3
FU 86 64 997
FU 86 83 47
FU 87 1 0
FU 87 2 32
FU 87 3 166
FU 87 7 38
FU 87 9 0
FU 87 14 0
FU 87 16 58
FU 87 18 0
FU 87 20 0
FU 87 25 0
FU 87 32 82
FU 87 38 30
FU 87 41 0
FU 87 42 103
FU 87 45 0
FU 87 47 0
FU 87 50 0
FU 87 53 297
FU 87 54 243
FU 87 60 24
FU 87 63 35
FU 87 65 157
FU 87 68 132
FU 87 69 237
FU 87 72 0
FU 87 73 0
FU 87 74 0
FU 87 81 0
FU 87 82 89
FU 87 84 0
FU 87 88 142
FU 87 89 116
FU 87 90 55
FU 88 75 7
FU 88 90 49
FU 90 2 49
FU 90 7 353
FU 90 9 175
FU 90 14 114
FU 90 16 44
FU 90 19 87
FU 90 21 174
FU 90 32 38
FU 90 33 0
FU 90 35 194
FU 90 36 0
FU 90 42 76
FU 90 50 0
FU 90 53 184
FU 90 55 78
FU 90 63 60
FU 90 65 79
FU 90 66 105
FU 90 72 481
FU 90 73 0
FU 90 74 308
FU 90 75 221
FU 90 78 1
FU 90 82 87
FU 90 88 84
FU 90 89 241
FU 90 96 0
FU 90 97 105
FU 91 2 69
FU 91 5 0
FU 91 6 1
FU 91 8 2
FU 91 10 35
FU 91 12 68
FU 91 14 0
FU 91 17 63
FU 91 18 0
FU 91 25 0
FU 91 28 88
FU 91 32 128
FU 91 40 0
FU 91 43 116
FU 91 45 0
FU 91 56 0
FU 91 57 0
FU 91 58 0
FU 91 61 32
FU 91 64 0
FU 91 67 49
FU 91 77 31
FU 91 79 0
FU 91 85 72
FU 91 94 86
FU 91 98 0
FU 92 4 131
FU 92 10 65
FU 92 12 42
FU 92 13 0
FU 92 17 105
FU 92 23 6
FU 92 34 4
FU 92 40 1
FU 92 59 4
FU 92 61 104
FU 92 79 495
FU 93 12 64
FU 94 5 0
FU 96 7 245
FU 96 9 188
FU 96 16 56
FU 96 19 226
FU 96 20 1984
FU 96 21 45
FU 96 27 259
FU 96 33 0
FU 96 35 117
FU 96 36 0
FU 96 39 300
FU 96 46 386
FU 96 48 364
FU 96 55 95
FU 96 63 24
FU 96 65 95
FU 96 66 80
FU 96 74 333
FU 96 75 263
FU 96 76 382
FU 96 80 203
FU 96 90 35
FU 96 97 204
FU 97 11 89
FU 97 13 156
FU 97 15 0
FU 97 16 61
FU 97 19 92
FU 97 22 0
FU 97 27 396
FU 97 28 67
FU 97 33 0
FU 97 34 0
FU 97 36 0
FU 97 39 378
FU 97 46 0
FU 97 51 93
FU 97 52 0
FU 97 55 135
FU 97 63 33
FU 97 65 46
FU 97 66 58
FU 97 71 157
FU 97 78 0
FU 97 90 45
FU 97 96 0
FU 98 5 0
FU 98 6 0
FU 98 8 1
FU 98 10 43
FU 98 12 44
FU 98 14 12
FU 98 15 0
FU 98 17 52
FU 98 18 139
FU 98 25 96
FU 98 28 125
FU 98 31 129
FU 98 32 49
FU 98 40 347
FU 98 43 98
FU 98 56 0
FU 98 57 154
FU 98 58 183
FU 98 60 109
FU 98 61 35
FU 98 64 126
FU 98 67 121
FU 98 77 61
FU 98 79 82
FU 98 85 62
FU 98 91 292
FU 98 94 85
FU 99 5 0
FU 99 39 6
FU 100 4 95
FU 100 6 25
FU 100 15 0
FU 100 24 95
FU 100 26 146
FU 100 29 388
FU 100 39 6
FU 100 44 139
FU 100 70 135
