Nodes: 81
Arcs: 3592
Terminals_rem: 0
Nodes_rem: 12
Arcs_rem: 1815
First LB: 22
LB: 22
Iter. LB: 0
First UB: 29
UB: 27
Iter. UB: 106
gap: 18.5185
BM. Time: 0
Runtime: 860
FL 0 65 2695
FL 0 53 54
FL 0 60 0
FL 0 63 3272
FL 0 22 52
FL 0 16 0
FL 0 50 19
FL 0 10 2759
FL 0 43 2735
FL 0 5 3113
FL 0 79 2789
FL 0 1 3081
FL 0 19 105
FL 0 40 2871
FL 0 61 2487
FL 0 39 43
FL 0 24 2586
FL 0 14 21
FL 0 71 3254
FL 0 36 2524
FL 0 51 2654
FL 0 13 3007
FL 0 11 3220
FL 0 57 0
FL 0 54 2879
FL 0 20 94
FL 0 49 2500
FL 0 25 3007
FL 0 68 25
FL 0 62 9
FL 0 74 103
FL 0 58 2811
FL 0 4 2820
FL 0 3 2964
FL 0 6 53
FL 0 41 0
FL 0 72 101
FL 0 7 3271
FL 0 33 96
FL 0 2 115
FL 0 8 2000
FL 0 9 2000
FL 0 12 8
FL 0 17 2000
FL 0 18 73
FL 0 21 573
FL 0 23 2000
FL 0 26 105
FL 0 27 50
FL 0 28 2000
FL 0 29 49
FL 0 30 9
FL 0 31 80
FL 0 32 170
FL 0 34 260
FL 0 35 283
FL 0 37 45
FL 0 38 550
FL 0 42 40
FL 0 44 2000
FL 0 45 2000
FL 0 46 174
FL 0 47 136
FL 0 48 38
FL 0 52 60
FL 0 55 174
FL 0 56 2000
FL 0 59 2000
FL 0 64 78
FL 0 66 2000
FL 0 67 1607
FL 0 69 2000
FL 0 70 67
FL 0 73 1631
FL 0 75 2000
FL 0 76 154
FL 0 77 103
FL 0 78 1
FL 0 80 361
FL 1 3 0
FL 1 4 0
FL 1 5 0
FL 1 6 21
FL 1 7 0
FL 1 11 0
FL 1 12 3
FL 1 13 0
FL 1 16 0
FL 1 18 70
FL 1 19 12
FL 1 20 14
FL 1 21 35
FL 1 22 9
FL 1 24 0
FL 1 25 0
FL 1 26 61
FL 1 30 2
FL 1 31 113
FL 1 33 10
FL 1 34 59
FL 1 35 71
FL 1 36 0
FL 1 38 44
FL 1 39 8
FL 1 40 0
FL 1 41 0
FL 1 42 11
FL 1 43 0
FL 1 46 39
FL 1 47 134
FL 1 49 0
FL 1 51 0
FL 1 52 56
FL 1 53 9
FL 1 54 0
FL 1 55 96
FL 1 61 0
FL 1 63 0
FL 1 67 23
FL 1 68 1
FL 1 71 0
FL 1 72 3
FL 1 73 59
FL 1 74 2
FL 1 77 116
FL 1 79 0
FL 2 52 128
FL 3 1 0
FL 3 4 0
FL 3 5 0
FL 3 6 24
FL 3 7 0
FL 3 11 0
FL 3 12 5
FL 3 13 0
FL 3 16 0
FL 3 18 83
FL 3 19 13
FL 3 20 15
FL 3 21 74
FL 3 22 11
FL 3 24 0
FL 3 25 0
FL 3 26 71
FL 3 30 4
FL 3 31 28
FL 3 33 14
FL 3 34 62
FL 3 35 79
FL 3 36 0
FL 3 38 81
FL 3 39 12
FL 3 40 0
FL 3 41 0
FL 3 42 11
FL 3 43 0
FL 3 46 54
FL 3 47 48
FL 3 49 0
FL 3 51 0
FL 3 52 44
FL 3 53 13
FL 3 54 0
FL 3 55 48
FL 3 61 0
FL 3 63 0
FL 3 67 54
FL 3 68 3
FL 3 71 0
FL 3 72 10
FL 3 73 62
FL 3 74 12
FL 3 77 29
FL 3 79 0
FL 4 1 0
FL 4 3 0
FL 4 5 0
FL 4 6 24
FL 4 7 0
FL 4 11 0
FL 4 12 4
FL 4 13 0
FL 4 18 24
FL 4 22 11
FL 4 24 0
FL 4 26 39
FL 4 29 53
FL 4 30 3
FL 4 31 75
FL 4 33 12
FL 4 34 70
FL 4 35 76
FL 4 36 0
FL 4 38 57
FL 4 39 10
FL 4 40 0
FL 4 42 12
FL 4 43 0
FL 4 46 194
FL 4 49 0
FL 4 51 0
FL 4 52 53
FL 4 53 11
FL 4 54 0
FL 4 61 0
FL 4 63 0
FL 4 67 32
FL 4 68 2
FL 4 71 0
FL 4 74 8
FL 4 77 50
FL 4 79 0
FL 5 1 0
FL 5 3 0
FL 5 4 0
FL 5 6 20
FL 5 7 0
FL 5 10 0
FL 5 11 0
FL 5 12 3
FL 5 13 0
FL 5 14 0
FL 5 16 0
FL 5 18 58
FL 5 19 11
FL 5 20 13
FL 5 21 46
FL 5 22 8
FL 5 24 0
FL 5 25 0
FL 5 26 42
FL 5 27 49
FL 5 29 71
FL 5 30 2
FL 5 31 26
FL 5 33 9
FL 5 34 48
FL 5 35 66
FL 5 36 0
FL 5 37 93
FL 5 38 37
FL 5 39 8
FL 5 40 0
FL 5 41 0
FL 5 42 10
FL 5 43 0
FL 5 46 160
FL 5 47 161
FL 5 49 0
FL 5 51 0
FL 5 52 46
FL 5 53 9
FL 5 54 0
FL 5 55 39
FL 5 57 0
FL 5 61 0
FL 5 63 0
FL 5 64 37
FL 5 65 0
FL 5 67 30
FL 5 68 1
FL 5 70 5
FL 5 71 0
FL 5 72 3
FL 5 74 2
FL 6 1 0
FL 6 2 65
FL 6 3 0
FL 6 4 0
FL 6 5 0
FL 6 7 1
FL 6 10 1
FL 6 11 1
FL 6 12 4
FL 6 13 1
FL 6 14 6
FL 6 15 0
FL 6 18 127
FL 6 19 12
FL 6 20 15
FL 6 21 51
FL 6 22 8
FL 6 24 0
FL 6 25 0
FL 6 26 57
FL 6 27 24
FL 6 29 36
FL 6 30 3
FL 6 31 21
FL 6 32 104
FL 6 33 12
FL 6 34 50
FL 6 35 640
FL 6 36 1
FL 6 37 153
FL 6 38 27
FL 6 39 8
FL 6 40 1
FL 6 41 0
FL 6 42 11
FL 6 43 0
FL 6 46 43
FL 6 48 78
FL 6 49 0
FL 6 50 667
FL 6 51 1
FL 6 52 35
FL 6 53 9
FL 6 54 1
FL 6 55 83
FL 6 57 0
FL 6 61 1
FL 6 63 1
FL 6 64 37
FL 6 65 1
FL 6 67 39
FL 6 68 2
FL 6 70 2
FL 6 71 0
FL 6 72 7
FL 6 73 205
FL 6 74 18
FL 6 77 55
FL 6 79 0
FL 7 1 0
FL 7 3 0
FL 7 4 0
FL 7 5 0
FL 7 6 21
FL 7 11 0
FL 7 12 2
FL 7 13 0
FL 7 16 0
FL 7 18 107
FL 7 19 16
FL 7 20 18
FL 7 21 75
FL 7 22 12
FL 7 24 0
FL 7 25 0
FL 7 26 58
FL 7 30 4
FL 7 31 69
FL 7 33 11
FL 7 34 32
FL 7 35 86
FL 7 36 0
FL 7 38 87
FL 7 39 15
FL 7 40 0
FL 7 41 0
FL 7 42 12
FL 7 43 0
FL 7 46 46
FL 7 47 154
FL 7 49 0
FL 7 51 0
FL 7 52 27
FL 7 53 12
FL 7 54 0
FL 7 55 47
FL 7 61 0
FL 7 63 0
FL 7 67 71
FL 7 68 9
FL 7 71 0
FL 7 72 11
FL 7 73 202
FL 7 74 18
FL 7 77 50
FL 7 79 0
FL 10 2 192
FL 10 5 0
FL 10 6 10
FL 10 11 1
FL 10 12 2
FL 10 13 0
FL 10 14 0
FL 10 15 0
FL 10 18 45
FL 10 22 6
FL 10 26 61
FL 10 27 60
FL 10 29 59
FL 10 30 2
FL 10 31 60
FL 10 32 72
FL 10 33 8
FL 10 37 63
FL 10 40 0
FL 10 41 0
FL 10 43 0
FL 10 48 29
FL 10 50 2
FL 10 51 0
FL 10 52 32
FL 10 53 9
FL 10 54 0
FL 10 57 0
FL 10 58 0
FL 10 60 0
FL 10 61 0
FL 10 63 0
FL 10 64 13
FL 10 65 1
FL 10 67 49
FL 10 68 1
FL 10 70 28
FL 10 74 1
FL 10 77 31
FL 10 79 1
FL 11 1 0
FL 11 2 24
FL 11 3 0
FL 11 4 0
FL 11 5 0
FL 11 6 22
FL 11 7 0
FL 11 10 0
FL 11 12 4
FL 11 13 0
FL 11 14 1
FL 11 16 0
FL 11 19 12
FL 11 20 14
FL 11 21 42
FL 11 25 0
FL 11 26 69
FL 11 27 42
FL 11 29 110
FL 11 30 4
FL 11 32 122
FL 11 34 76
FL 11 37 104
FL 11 40 0
FL 11 41 0
FL 11 42 11
FL 11 47 259
FL 11 51 0
FL 11 52 52
FL 11 54 0
FL 11 55 89
FL 11 61 0
FL 11 63 0
FL 11 65 0
FL 11 67 41
FL 11 68 1
FL 11 70 5
FL 11 71 0
FL 11 72 3
FL 11 73 69
FL 11 74 5
FL 11 77 41
FL 11 79 0
FL 12 34 15
FL 12 35 113
FL 12 38 52
FL 12 42 6351
FL 12 72 3
FL 13 1 0
FL 13 2 104
FL 13 3 0
FL 13 4 0
FL 13 5 0
FL 13 6 15
FL 13 7 0
FL 13 10 0
FL 13 11 0
FL 13 12 2
FL 13 14 0
FL 13 15 0
FL 13 16 0
FL 13 18 87
FL 13 19 0
FL 13 20 1
FL 13 21 153
FL 13 22 1
FL 13 25 0
FL 13 26 34
FL 13 27 21
FL 13 29 34
FL 13 30 2
FL 13 31 46
FL 13 32 50
FL 13 33 9
FL 13 34 125
FL 13 36 0
FL 13 37 42
FL 13 39 8
FL 13 40 0
FL 13 41 0
FL 13 42 10
FL 13 43 0
FL 13 46 66
FL 13 48 39
FL 13 49 0
FL 13 50 1
FL 13 51 1
FL 13 52 23
FL 13 53 9
FL 13 54 0
FL 13 57 0
FL 13 58 0
FL 13 60 0
FL 13 61 0
FL 13 62 1
FL 13 63 0
FL 13 64 42
FL 13 65 0
FL 13 67 36
FL 13 68 1
FL 13 70 13
FL 13 71 0
FL 13 72 0
FL 13 74 0
FL 13 76 73
FL 13 77 41
FL 14 2 102
FL 14 5 0
FL 14 6 33
FL 14 10 0
FL 14 11 0
FL 14 12 4
FL 14 13 0
FL 14 15 0
FL 14 16 0
FL 14 19 17
FL 14 20 20
FL 14 21 81
FL 14 25 0
FL 14 26 77
FL 14 27 26
FL 14 29 36
FL 14 30 5
FL 14 31 80
FL 14 32 111
FL 14 34 194
FL 14 37 123
FL 14 40 0
FL 14 41 0
FL 14 48 94
FL 14 50 12
FL 14 51 0
FL 14 52 72
FL 14 54 0
FL 14 55 231
FL 14 57 0
FL 14 58 0
FL 14 60 0
FL 14 62 1
FL 14 63 0
FL 14 64 52
FL 14 65 0
FL 14 68 14
FL 14 70 31
FL 14 71 0
FL 14 72 1501
FL 14 74 2153
FL 14 76 182
FL 14 77 76
FL 14 79 0
FL 15 2 317
FL 15 6 432
FL 15 10 78
FL 15 12 7445
FL 15 13 82
FL 15 14 5375
FL 15 16 3492
FL 15 26 112
FL 15 27 3464
FL 15 29 74
FL 15 30 3672
FL 15 31 156
FL 15 32 113
FL 15 37 74
FL 15 40 80
FL 15 41 3246
FL 15 48 3298
FL 15 50 5455
FL 15 52 566
FL 15 54 89
FL 15 57 4907
FL 15 58 79
FL 15 60 2677
FL 15 62 1779
FL 15 63 96
FL 15 64 3228
FL 15 65 76
FL 15 68 1796
FL 15 70 3357
FL 15 71 115
FL 15 76 259
FL 15 77 327
FL 15 78 4528
FL 15 79 65
FL 15 80 2023
FL 15 0 95068
FL 16 1 0
FL 16 2 91
FL 16 3 0
FL 16 5 0
FL 16 7 0
FL 16 11 0
FL 16 12 2
FL 16 13 0
FL 16 14 12
FL 16 15 0
FL 16 19 10
FL 16 20 13
FL 16 21 77
FL 16 25 0
FL 16 26 62
FL 16 27 47
FL 16 29 53
FL 16 30 4
FL 16 32 98
FL 16 34 91
FL 16 37 24
FL 16 40 1
FL 16 41 0
FL 16 42 13
FL 16 47 102
FL 16 48 42
FL 16 50 5
FL 16 52 31
FL 16 54 0
FL 16 55 80
FL 16 58 0
FL 16 60 0
FL 16 62 1
FL 16 63 0
FL 16 64 33
FL 16 65 0
FL 16 67 77
FL 16 68 5
FL 16 70 22
FL 16 71 0
FL 16 72 13
FL 16 73 169
FL 16 74 16
FL 16 76 91
FL 16 77 39
FL 16 78 0
FL 16 80 168
FL 18 57 0
FL 19 1 0
FL 19 3 0
FL 19 5 0
FL 19 6 19
FL 19 7 0
FL 19 11 0
FL 19 12 2
FL 19 13 0
FL 19 14 0
FL 19 16 0
FL 19 20 10
FL 19 21 31
FL 19 25 0
FL 19 26 31
FL 19 27 20
FL 19 29 51
FL 19 30 3
FL 19 34 23
FL 19 37 103
FL 19 40 0
FL 19 41 0
FL 19 42 10
FL 19 47 204
FL 19 52 45
FL 19 54 0
FL 19 55 41
FL 19 63 0
FL 19 67 35
FL 19 68 1
FL 19 70 13
FL 19 71 0
FL 19 72 1
FL 19 73 142
FL 19 74 2
FL 19 77 53
FL 19 78 1
FL 20 1 0
FL 20 3 0
FL 20 5 0
FL 20 6 21
FL 20 7 0
FL 20 11 0
FL 20 12 3
FL 20 13 0
FL 20 14 1
FL 20 16 0
FL 20 19 6
FL 20 21 24
FL 20 25 0
FL 20 26 43
FL 20 27 41
FL 20 29 75
FL 20 30 5
FL 20 34 76
FL 20 37 32
FL 20 40 0
FL 20 41 0
FL 20 42 11
FL 20 47 153
FL 20 52 46
FL 20 54 0
FL 20 55 63
FL 20 63 0
FL 20 64 41
FL 20 67 63
FL 20 68 1
FL 20 70 679
FL 20 71 0
FL 20 72 2
FL 20 73 46
FL 20 74 3
FL 20 77 59
FL 21 27 44
FL 21 64 311
FL 21 70 449
FL 22 1 0
FL 22 3 0
FL 22 4 0
FL 22 5 0
FL 22 6 17
FL 22 7 0
FL 22 10 0
FL 22 12 2
FL 22 13 0
FL 22 18 62
FL 22 24 0
FL 22 26 72
FL 22 29 15
FL 22 30 2
FL 22 31 70
FL 22 33 9
FL 22 35 71
FL 22 36 0
FL 22 38 17
FL 22 39 7
FL 22 40 0
FL 22 41 0
FL 22 43 0
FL 22 46 29
FL 22 49 0
FL 22 51 0
FL 22 52 46
FL 22 53 9
FL 22 54 0
FL 22 57 0
FL 22 61 0
FL 22 63 0
FL 22 67 25
FL 22 68 1
FL 22 74 1
FL 22 77 10
FL 22 79 0
FL 24 1 0
FL 24 3 0
FL 24 4 0
FL 24 5 0
FL 24 6 21
FL 24 7 0
FL 24 12 2
FL 24 18 58
FL 24 22 10
FL 24 26 83
FL 24 30 3
FL 24 31 85
FL 24 33 10
FL 24 35 76
FL 24 36 0
FL 24 38 28
FL 24 39 8
FL 24 41 0
FL 24 43 0
FL 24 46 102
FL 24 49 0
FL 24 51 0
FL 24 52 55
FL 24 53 9
FL 24 54 0
FL 24 61 0
FL 24 67 33
FL 24 74 3
FL 24 79 0
FL 25 1 0
FL 25 3 0
FL 25 5 0
FL 25 6 23
FL 25 7 0
FL 25 11 0
FL 25 12 3
FL 25 13 0
FL 25 14 3
FL 25 16 0
FL 25 19 13
FL 25 20 14
FL 25 21 15
FL 25 26 27
FL 25 27 46
FL 25 29 124
FL 25 30 4
FL 25 32 48
FL 25 34 44
FL 25 37 59
FL 25 40 0
FL 25 41 0
FL 25 42 11
FL 25 47 139
FL 25 52 52
FL 25 54 0
FL 25 55 139
FL 25 63 0
FL 25 64 19
FL 25 65 0
FL 25 67 96
FL 25 68 1
FL 25 70 11
FL 25 71 0
FL 25 72 8
FL 25 73 48
FL 25 74 6
FL 25 77 54
FL 25 79 0
FL 26 47 136
FL 26 50 1
FL 27 20 2
FL 27 21 22
FL 27 34 645
FL 27 72 1952
FL 30 24 0
FL 30 35 209
FL 30 38 1924
FL 30 39 2293
FL 30 50 205
FL 31 35 68
FL 31 38 14
FL 31 39 7
FL 33 1 0
FL 33 3 0
FL 33 4 0
FL 33 5 0
FL 33 6 18
FL 33 7 0
FL 33 10 0
FL 33 12 8
FL 33 13 0
FL 33 18 55
FL 33 22 9
FL 33 24 0
FL 33 26 108
FL 33 29 25
FL 33 30 3
FL 33 31 97
FL 33 35 92
FL 33 36 0
FL 33 38 38
FL 33 39 11
FL 33 40 0
FL 33 41 0
FL 33 42 5
FL 33 43 0
FL 33 46 81
FL 33 49 0
FL 33 51 0
FL 33 52 53
FL 33 53 6
FL 33 54 0
FL 33 61 0
FL 33 63 0
FL 33 67 51
FL 33 68 5
FL 33 74 9
FL 33 77 86
FL 33 79 0
FL 34 12 5
FL 34 14 382
FL 34 27 186
FL 35 6 279
FL 35 12 966
FL 35 30 512
FL 35 31 41
FL 35 52 61
FL 36 1 0
FL 36 3 0
FL 36 4 0
FL 36 5 0
FL 36 6 22
FL 36 7 0
FL 36 12 3
FL 36 13 0
FL 36 18 41
FL 36 22 10
FL 36 24 0
FL 36 26 45
FL 36 30 3
FL 36 31 66
FL 36 33 10
FL 36 35 75
FL 36 38 21
FL 36 39 8
FL 36 40 0
FL 36 41 0
FL 36 42 11
FL 36 43 0
FL 36 46 62
FL 36 49 0
FL 36 51 0
FL 36 52 45
FL 36 53 9
FL 36 54 0
FL 36 61 0
FL 36 63 0
FL 36 67 14
FL 36 68 1
FL 36 74 4
FL 36 77 75
FL 36 79 0
FL 37 19 0
FL 37 20 1
FL 38 3 0
FL 38 6 32
FL 38 12 6
FL 38 30 548
FL 38 31 63
FL 38 52 48
FL 38 68 1217
FL 39 1 0
FL 39 3 0
FL 39 4 0
FL 39 5 0
FL 39 6 19
FL 39 7 0
FL 39 13 0
FL 39 18 157
FL 39 22 6
FL 39 24 0
FL 39 26 26
FL 39 30 2
FL 39 31 37
FL 39 33 9
FL 39 35 106
FL 39 36 0
FL 39 38 54
FL 39 41 0
FL 39 43 0
FL 39 46 31
FL 39 49 0
FL 39 51 0
FL 39 52 49
FL 39 53 9
FL 39 54 0
FL 39 61 0
FL 39 67 42
FL 39 74 1
FL 39 79 0
FL 40 1 0
FL 40 2 134
FL 40 3 0
FL 40 4 0
FL 40 5 0
FL 40 6 4
FL 40 7 0
FL 40 10 0
FL 40 11 0
FL 40 12 2
FL 40 13 0
FL 40 14 0
FL 40 15 0
FL 40 16 0
FL 40 18 78
FL 40 19 0
FL 40 20 1
FL 40 21 36
FL 40 22 0
FL 40 25 0
FL 40 26 26
FL 40 27 29
FL 40 29 40
FL 40 30 2
FL 40 31 74
FL 40 32 62
FL 40 33 8
FL 40 34 23
FL 40 36 0
FL 40 37 71
FL 40 41 0
FL 40 42 9
FL 40 43 0
FL 40 48 99
FL 40 50 1
FL 40 51 0
FL 40 52 23
FL 40 53 9
FL 40 54 0
FL 40 55 35
FL 40 57 0
FL 40 58 0
FL 40 60 0
FL 40 61 0
FL 40 63 0
FL 40 64 11
FL 40 65 0
FL 40 67 12
FL 40 68 1
FL 40 70 13
FL 40 71 0
FL 40 72 0
FL 40 74 0
FL 40 76 101
FL 40 77 49
FL 40 79 0
FL 41 1 0
FL 41 2 58
FL 41 3 0
FL 41 5 0
FL 41 6 6
FL 41 7 0
FL 41 10 0
FL 41 11 0
FL 41 12 2
FL 41 13 0
FL 41 14 0
FL 41 15 0
FL 41 16 0
FL 41 18 51
FL 41 19 0
FL 41 20 1
FL 41 21 93
FL 41 22 1
FL 41 24 0
FL 41 25 0
FL 41 26 38
FL 41 27 50
FL 41 29 91
FL 41 30 2
FL 41 31 26
FL 41 32 48
FL 41 33 9
FL 41 34 89
FL 41 36 0
FL 41 37 39
FL 41 39 8
FL 41 40 0
FL 41 42 9
FL 41 43 0
FL 41 46 180
FL 41 48 78
FL 41 49 0
FL 41 50 1
FL 41 51 0
FL 41 52 25
FL 41 53 9
FL 41 54 0
FL 41 57 0
FL 41 58 0
FL 41 60 0
FL 41 61 0
FL 41 62 1
FL 41 63 0
FL 41 64 43
FL 41 65 0
FL 41 68 1
FL 41 70 13
FL 41 71 0
FL 41 72 0
FL 41 74 0
FL 41 76 188
FL 41 77 86
FL 41 79 0
FL 42 12 2
FL 42 33 2392
FL 42 53 2307
FL 43 1 0
FL 43 3 0
FL 43 4 0
FL 43 5 0
FL 43 6 19
FL 43 7 0
FL 43 10 0
FL 43 12 2
FL 43 13 0
FL 43 18 127
FL 43 22 9
FL 43 24 0
FL 43 26 29
FL 43 29 69
FL 43 30 2
FL 43 31 59
FL 43 33 10
FL 43 35 74
FL 43 36 0
FL 43 38 37
FL 43 39 8
FL 43 40 0
FL 43 41 0
FL 43 46 131
FL 43 49 0
FL 43 51 0
FL 43 52 48
FL 43 53 9
FL 43 54 0
FL 43 61 0
FL 43 63 0
FL 43 67 32
FL 43 68 1
FL 43 74 2
FL 43 77 67
FL 43 79 0
FL 46 52 27
FL 47 26 66
FL 48 6 2034
FL 48 52 367
FL 49 1 0
FL 49 3 0
FL 49 4 0
FL 49 5 0
FL 49 6 23
FL 49 7 0
FL 49 13 0
FL 49 18 25
FL 49 22 10
FL 49 24 0
FL 49 26 74
FL 49 30 4
FL 49 33 10
FL 49 35 96
FL 49 36 0
FL 49 38 36
FL 49 39 9
FL 49 41 0
FL 49 42 10
FL 49 43 0
FL 49 51 0
FL 49 52 57
FL 49 53 10
FL 49 54 0
FL 49 67 45
FL 49 74 6
FL 49 77 85
FL 49 79 0
FL 50 2 92
FL 50 6 1259
FL 50 10 0
FL 50 12 2
FL 50 13 0
FL 50 14 0
FL 50 15 0
FL 50 16 0
FL 50 26 36
FL 50 27 52
FL 50 29 51
FL 50 30 1784
FL 50 31 31
FL 50 32 141
FL 50 37 106
FL 50 40 0
FL 50 41 0
FL 50 48 74
FL 50 52 481
FL 50 54 0
FL 50 57 0
FL 50 58 0
FL 50 60 0
FL 50 62 1
FL 50 63 0
FL 50 64 30
FL 50 65 0
FL 50 68 856
FL 50 70 31
FL 50 76 123
FL 51 1 0
FL 51 3 0
FL 51 4 0
FL 51 5 0
FL 51 6 23
FL 51 7 0
FL 51 10 0
FL 51 11 0
FL 51 12 3
FL 51 13 0
FL 51 14 0
FL 51 18 56
FL 51 22 10
FL 51 24 0
FL 51 26 53
FL 51 27 31
FL 51 29 16
FL 51 30 3
FL 51 31 35
FL 51 33 10
FL 51 35 87
FL 51 36 0
FL 51 37 79
FL 51 38 42
FL 51 39 8
FL 51 40 0
FL 51 41 0
FL 51 42 11
FL 51 43 0
FL 51 46 59
FL 51 49 0
FL 51 52 45
FL 51 53 9
FL 51 54 0
FL 51 57 0
FL 51 61 0
FL 51 63 0
FL 51 64 10
FL 51 65 0
FL 51 67 16
FL 51 68 1
FL 51 70 18
FL 51 74 5
FL 51 77 26
FL 51 79 0
FL 52 2 153
FL 52 35 910
FL 52 38 29
FL 52 39 7
FL 52 46 99
FL 52 48 88
FL 52 49 0
FL 52 50 199
FL 53 1 0
FL 53 3 0
FL 53 4 0
FL 53 5 0
FL 53 6 14
FL 53 7 0
FL 53 10 0
FL 53 12 2
FL 53 13 0
FL 53 18 83
FL 53 22 4
FL 53 24 0
FL 53 26 58
FL 53 29 64
FL 53 30 2
FL 53 31 34
FL 53 33 7
FL 53 35 69
FL 53 36 0
FL 53 38 9
FL 53 39 6
FL 53 40 0
FL 53 41 0
FL 53 42 4
FL 53 43 0
FL 53 46 85
FL 53 49 0
FL 53 51 0
FL 53 52 47
FL 53 54 0
FL 53 61 0
FL 53 63 0
FL 53 67 44
FL 53 68 1
FL 53 74 1
FL 53 77 71
FL 53 79 0
FL 54 1 0
FL 54 3 0
FL 54 4 0
FL 54 5 0
FL 54 6 17
FL 54 7 0
FL 54 10 0
FL 54 11 0
FL 54 12 2
FL 54 13 0
FL 54 14 0
FL 54 15 0
FL 54 16 0
FL 54 18 59
FL 54 19 0
FL 54 20 1
FL 54 21 48
FL 54 22 1
FL 54 24 0
FL 54 25 0
FL 54 26 31
FL 54 27 28
FL 54 29 86
FL 54 30 2
FL 54 31 40
FL 54 32 75
FL 54 33 9
FL 54 34 65
FL 54 35 78
FL 54 36 0
FL 54 37 113
FL 54 38 27
FL 54 39 8
FL 54 40 0
FL 54 41 0
FL 54 42 11
FL 54 43 0
FL 54 46 38
FL 54 49 0
FL 54 50 1
FL 54 51 0
FL 54 52 50
FL 54 53 9
FL 54 55 60
FL 54 57 0
FL 54 61 0
FL 54 63 0
FL 54 64 24
FL 54 65 0
FL 54 67 26
FL 54 68 1
FL 54 70 3
FL 54 71 0
FL 54 72 0
FL 54 74 1
FL 54 77 55
FL 54 79 0
FL 55 64 48
FL 55 70 31
FL 57 2 105
FL 57 5 0
FL 57 6 18
FL 57 10 0
FL 57 12 2
FL 57 13 0
FL 57 14 0
FL 57 15 0
FL 57 18 101
FL 57 22 2217
FL 57 26 30
FL 57 27 39
FL 57 30 2
FL 57 31 119
FL 57 32 72
FL 57 37 51
FL 57 40 0
FL 57 41 0
FL 57 48 36
FL 57 50 1
FL 57 51 0
FL 57 52 49
FL 57 54 0
FL 57 58 0
FL 57 60 0
FL 57 63 0
FL 57 64 35
FL 57 65 0
FL 57 68 1
FL 57 70 31
FL 58 2 42
FL 58 10 0
FL 58 12 2
FL 58 13 0
FL 58 14 4
FL 58 15 0
FL 58 16 0
FL 58 27 44
FL 58 29 132
FL 58 32 81
FL 58 37 121
FL 58 40 0
FL 58 41 0
FL 58 48 88
FL 58 50 7
FL 58 52 28
FL 58 57 0
FL 58 60 0
FL 58 62 1
FL 58 63 0
FL 58 64 42
FL 58 65 0
FL 58 68 8
FL 58 70 18
FL 58 71 0
FL 58 76 69
FL 58 78 0
FL 58 80 203
FL 60 2 119
FL 60 10 0
FL 60 12 2
FL 60 13 0
FL 60 14 8
FL 60 15 0
FL 60 16 0
FL 60 27 45
FL 60 29 26
FL 60 32 24
FL 60 37 91
FL 60 40 0
FL 60 41 0
FL 60 48 28
FL 60 50 9
FL 60 52 35
FL 60 57 0
FL 60 58 0
FL 60 62 1
FL 60 63 0
FL 60 64 31
FL 60 65 0
FL 60 68 10
FL 60 70 23
FL 60 76 225
FL 61 1 0
FL 61 3 0
FL 61 4 0
FL 61 5 0
FL 61 6 21
FL 61 7 0
FL 61 10 0
FL 61 11 0
FL 61 12 3
FL 61 13 0
FL 61 18 36
FL 61 22 9
FL 61 24 0
FL 61 26 42
FL 61 29 64
FL 61 30 2
FL 61 33 10
FL 61 35 83
FL 61 36 0
FL 61 38 47
FL 61 39 8
FL 61 40 0
FL 61 41 0
FL 61 42 10
FL 61 43 0
FL 61 51 0
FL 61 52 47
FL 61 53 9
FL 61 54 0
FL 61 63 0
FL 61 67 63
FL 61 68 1
FL 61 74 2
FL 61 77 31
FL 61 79 0
FL 62 2 17
FL 62 12 2
FL 62 13 0
FL 62 14 4
FL 62 15 0
FL 62 16 0
FL 62 27 49
FL 62 29 54
FL 62 32 49
FL 62 37 44
FL 62 41 0
FL 62 48 41
FL 62 50 4
FL 62 55 77
FL 62 58 0
FL 62 60 0
FL 62 63 0
FL 62 64 30
FL 62 65 0
FL 62 70 13
FL 62 71 0
FL 62 76 169
FL 62 78 0
FL 62 80 272
FL 63 1 0
FL 63 2 160
FL 63 3 0
FL 63 4 0
FL 63 5 0
FL 63 6 20
FL 63 7 0
FL 63 10 0
FL 63 11 0
FL 63 12 2
FL 63 13 0
FL 63 14 0
FL 63 15 0
FL 63 16 0
FL 63 18 71
FL 63 19 8
FL 63 20 11
FL 63 21 22
FL 63 22 10
FL 63 25 0
FL 63 26 44
FL 63 27 14
FL 63 29 33
FL 63 30 4
FL 63 31 55
FL 63 32 170
FL 63 33 11
FL 63 34 25
FL 63 36 0
FL 63 37 45
FL 63 40 0
FL 63 41 0
FL 63 42 11
FL 63 43 0
FL 63 48 61
FL 63 50 2
FL 63 51 0
FL 63 52 45
FL 63 53 10
FL 63 54 0
FL 63 55 128
FL 63 57 0
FL 63 58 0
FL 63 60 0
FL 63 61 0
FL 63 62 1
FL 63 64 43
FL 63 65 0
FL 63 67 174
FL 63 68 2
FL 63 70 5
FL 63 71 0
FL 63 72 5
FL 63 74 7
FL 63 76 131
FL 63 77 39
FL 63 79 0
FL 64 20 1751
FL 64 21 504
FL 64 55 179
FL 65 2 130
FL 65 5 0
FL 65 6 18
FL 65 10 0
FL 65 11 0
FL 65 12 2
FL 65 13 0
FL 65 14 0
FL 65 15 0
FL 65 16 0
FL 65 25 0
FL 65 26 50
FL 65 27 21
FL 65 29 81
FL 65 30 2
FL 65 31 34
FL 65 32 61
FL 65 37 58
FL 65 40 0
FL 65 41 0
FL 65 48 77
FL 65 50 4
FL 65 51 0
FL 65 52 51
FL 65 54 0
FL 65 57 0
FL 65 58 0
FL 65 60 0
FL 65 62 1
FL 65 63 0
FL 65 64 70
FL 65 68 1
FL 65 70 6
FL 65 71 0
FL 65 76 58
FL 65 77 48
FL 65 79 0
FL 67 1 0
FL 67 3 0
FL 67 4 0
FL 67 5 0
FL 67 7 0
FL 67 10 0
FL 67 11 0
FL 67 13 0
FL 67 18 76
FL 67 19 20
FL 67 21 112
FL 67 22 16
FL 67 24 0
FL 67 25 0
FL 67 26 78
FL 67 29 45
FL 67 30 5
FL 67 31 70
FL 67 33 34
FL 67 34 108
FL 67 35 199
FL 67 36 0
FL 67 39 23
FL 67 40 0
FL 67 42 18
FL 67 43 0
FL 67 46 83
FL 67 49 0
FL 67 52 57
FL 67 53 19
FL 67 54 0
FL 67 61 0
FL 67 63 0
FL 67 68 14
FL 67 72 21
FL 67 73 228
FL 67 74 34
FL 67 79 0
FL 68 1 0
FL 68 2 44
FL 68 3 0
FL 68 4 0
FL 68 5 0
FL 68 6 18
FL 68 7 0
FL 68 10 0
FL 68 11 0
FL 68 12 2
FL 68 13 0
FL 68 14 0
FL 68 15 0
FL 68 16 0
FL 68 18 103
FL 68 19 0
FL 68 20 8
FL 68 21 40
FL 68 22 7
FL 68 25 0
FL 68 26 23
FL 68 27 32
FL 68 29 61
FL 68 30 2
FL 68 31 63
FL 68 32 28
FL 68 33 10
FL 68 34 17
FL 68 36 0
FL 68 37 72
FL 68 38 552
FL 68 40 0
FL 68 41 0
FL 68 42 11
FL 68 43 0
FL 68 47 93
FL 68 50 554
FL 68 51 0
FL 68 52 47
FL 68 53 9
FL 68 54 0
FL 68 55 46
FL 68 57 2
FL 68 58 0
FL 68 60 0
FL 68 61 0
FL 68 63 0
FL 68 64 48
FL 68 65 0
FL 68 67 56
FL 68 70 13
FL 68 71 0
FL 68 72 1
FL 68 74 1
FL 68 77 32
FL 68 79 0
FL 70 19 0
FL 70 20 1402
FL 70 21 322
FL 70 55 115
FL 70 74 1530
FL 71 1 0
FL 71 2 64
FL 71 3 0
FL 71 4 0
FL 71 5 0
FL 71 6 19
FL 71 7 0
FL 71 11 0
FL 71 12 2
FL 71 13 0
FL 71 14 0
FL 71 15 0
FL 71 16 0
FL 71 19 0
FL 71 20 14
FL 71 21 58
FL 71 25 0
FL 71 26 71
FL 71 27 23
FL 71 29 72
FL 71 30 2
FL 71 32 77
FL 71 34 34
FL 71 37 196
FL 71 40 0
FL 71 41 0
FL 71 42 10
FL 71 47 32
FL 71 48 113
FL 71 52 50
FL 71 54 0
FL 71 55 58
FL 71 58 0
FL 71 62 1
FL 71 63 0
FL 71 64 44
FL 71 65 0
FL 71 67 60
FL 71 68 1
FL 71 70 15
FL 71 72 2
FL 71 73 118
FL 71 74 2
FL 71 76 177
FL 71 77 54
FL 71 78 0
FL 72 1 0
FL 72 3 0
FL 72 5 0
FL 72 6 23
FL 72 7 0
FL 72 11 0
FL 72 12 4
FL 72 13 0
FL 72 14 968
FL 72 16 0
FL 72 19 17
FL 72 20 15
FL 72 21 12
FL 72 25 0
FL 72 26 44
FL 72 27 44
FL 72 29 57
FL 72 30 4
FL 72 34 25
FL 72 40 0
FL 72 41 0
FL 72 42 13
FL 72 47 74
FL 72 52 55
FL 72 54 0
FL 72 55 51
FL 72 63 0
FL 72 67 76
FL 72 68 5
FL 72 71 0
FL 72 73 89
FL 72 74 10
FL 72 77 102
FL 73 1 0
FL 73 7 0
FL 73 11 0
FL 73 16 0
FL 73 19 27
FL 73 20 32
FL 73 21 181
FL 73 25 0
FL 73 34 258
FL 73 42 23
FL 73 47 170
FL 73 52 36
FL 73 55 156
FL 73 67 151
FL 73 71 0
FL 73 72 32
FL 73 77 99
FL 74 1 0
FL 74 3 0
FL 74 4 0
FL 74 5 0
FL 74 6 24
FL 74 7 0
FL 74 10 0
FL 74 11 0
FL 74 12 4
FL 74 13 0
FL 74 14 543
FL 74 16 0
FL 74 18 44
FL 74 19 12
FL 74 20 14
FL 74 21 77
FL 74 22 11
FL 74 24 0
FL 74 25 0
FL 74 26 33
FL 74 29 66
FL 74 30 4
FL 74 31 138
FL 74 33 11
FL 74 34 59
FL 74 35 83
FL 74 36 0
FL 74 38 54
FL 74 39 9
FL 74 40 0
FL 74 41 0
FL 74 42 11
FL 74 43 0
FL 74 46 57
FL 74 47 71
FL 74 49 0
FL 74 51 0
FL 74 52 41
FL 74 53 10
FL 74 54 0
FL 74 55 44
FL 74 61 0
FL 74 63 0
FL 74 67 51
FL 74 68 1
FL 74 70 440
FL 74 71 0
FL 74 72 9
FL 74 77 49
FL 74 79 0
FL 77 4 0
FL 77 15 0
FL 77 32 81
FL 77 46 84
FL 77 49 0
FL 77 73 97
FL 78 19 2530
FL 79 1 0
FL 79 3 0
FL 79 4 0
FL 79 6 19
FL 79 7 0
FL 79 10 0
FL 79 11 0
FL 79 12 2
FL 79 14 0
FL 79 15 0
FL 79 18 43
FL 79 22 7
FL 79 24 0
FL 79 25 0
FL 79 26 28
FL 79 29 27
FL 79 30 2
FL 79 31 98
FL 79 32 143
FL 79 33 10
FL 79 35 69
FL 79 36 0
FL 79 38 50
FL 79 39 8
FL 79 40 0
FL 79 41 0
FL 79 43 0
FL 79 46 130
FL 79 49 0
FL 79 51 0
FL 79 52 49
FL 79 53 9
FL 79 54 0
FL 79 61 0
FL 79 63 0
FL 79 64 34
FL 79 65 0
FL 79 67 36
FL 79 68 1
FL 79 70 14
FL 79 74 2
FL 79 77 74
FL 80 62 1027
FU 0 65 1993
FU 0 53 8
FU 0 60 1
FU 0 63 1991
FU 0 22 7
FU 0 16 1
FU 0 50 8
FU 0 10 1993
FU 0 43 2000
FU 0 5 2000
FU 0 79 1992
FU 0 1 2000
FU 0 19 17
FU 0 40 1989
FU 0 61 2000
FU 0 39 5
FU 0 24 2000
FU 0 14 3
FU 0 71 1988
FU 0 36 2000
FU 0 51 2000
FU 0 13 1990
FU 0 11 2000
FU 0 57 1
FU 0 54 1991
FU 0 20 17
FU 0 49 2000
FU 0 25 2000
FU 0 68 17
FU 0 62 1
FU 0 74 12
FU 0 58 1986
FU 0 4 2000
FU 0 3 2000
FU 0 6 10
FU 0 41 1
FU 0 72 14
FU 0 7 2000
FU 0 33 8
FU 0 2 116
FU 0 8 2000
FU 0 9 2000
FU 0 12 2
FU 0 17 2000
FU 0 18 73
FU 0 21 302
FU 0 23 2000
FU 0 26 83
FU 0 27 35
FU 0 28 2000
FU 0 29 53
FU 0 30 4
FU 0 31 84
FU 0 32 165
FU 0 34 187
FU 0 35 70
FU 0 37 42
FU 0 38 191
FU 0 42 1
FU 0 44 2000
FU 0 45 2000
FU 0 46 148
FU 0 47 114
FU 0 48 38
FU 0 52 11
FU 0 55 122
FU 0 56 2000
FU 0 59 2000
FU 0 64 27
FU 0 66 2000
FU 0 67 540
FU 0 69 2000
FU 0 70 35
FU 0 73 619
FU 0 75 2000
FU 0 76 155
FU 0 77 58
FU 0 78 2
FU 0 80 430
FU 1 3 0
FU 1 4 0
FU 1 5 0
FU 1 6 0
FU 1 7 0
FU 1 11 0
FU 1 12 0
FU 1 13 0
FU 1 16 0
FU 1 18 74
FU 1 19 0
FU 1 20 0
FU 1 21 43
FU 1 22 0
FU 1 24 0
FU 1 25 0
FU 1 26 51
FU 1 30 5
FU 1 31 117
FU 1 33 0
FU 1 34 61
FU 1 35 42
FU 1 36 0
FU 1 38 36
FU 1 39 0
FU 1 40 0
FU 1 41 0
FU 1 42 0
FU 1 43 0
FU 1 46 50
FU 1 47 129
FU 1 49 0
FU 1 51 0
FU 1 52 32
FU 1 53 0
FU 1 54 0
FU 1 55 97
FU 1 61 0
FU 1 63 0
FU 1 67 27
FU 1 68 0
FU 1 71 0
FU 1 72 0
FU 1 73 65
FU 1 74 0
FU 1 77 107
FU 1 79 0
FU 2 52 24
FU 3 1 0
FU 3 4 0
FU 3 5 0
FU 3 6 0
FU 3 7 0
FU 3 11 0
FU 3 12 0
FU 3 13 0
FU 3 16 0
FU 3 18 94
FU 3 19 0
FU 3 20 1
FU 3 21 62
FU 3 22 0
FU 3 24 0
FU 3 25 0
FU 3 26 64
FU 3 30 1
FU 3 31 34
FU 3 33 0
FU 3 34 60
FU 3 35 69
FU 3 36 0
FU 3 38 81
FU 3 39 0
FU 3 40 0
FU 3 41 0
FU 3 42 0
FU 3 43 0
FU 3 46 40
FU 3 47 46
FU 3 49 0
FU 3 51 0
FU 3 52 20
FU 3 53 0
FU 3 54 0
FU 3 55 57
FU 3 61 0
FU 3 63 0
FU 3 67 68
FU 3 68 0
FU 3 71 0
FU 3 72 0
FU 3 73 58
FU 3 74 0
FU 3 77 25
FU 3 79 0
FU 4 1 0
FU 4 3 0
FU 4 5 0
FU 4 6 0
FU 4 7 0
FU 4 11 0
FU 4 12 0
FU 4 13 0
FU 4 18 33
FU 4 22 0
FU 4 24 0
FU 4 26 35
FU 4 29 52
FU 4 30 1
FU 4 31 73
FU 4 33 0
FU 4 34 73
FU 4 35 55
FU 4 36 0
FU 4 38 42
FU 4 39 0
FU 4 40 0
FU 4 42 0
FU 4 43 0
FU 4 46 197
FU 4 49 0
FU 4 51 0
FU 4 52 17
FU 4 53 0
FU 4 54 0
FU 4 61 0
FU 4 63 0
FU 4 67 29
FU 4 68 0
FU 4 71 0
FU 4 74 0
FU 4 77 48
FU 4 79 0
FU 5 1 0
FU 5 3 0
FU 5 4 0
FU 5 6 0
FU 5 7 0
FU 5 10 0
FU 5 11 0
FU 5 12 0
FU 5 13 0
FU 5 14 0
FU 5 16 0
FU 5 18 55
FU 5 19 0
FU 5 20 0
FU 5 21 42
FU 5 22 0
FU 5 24 0
FU 5 25 0
FU 5 26 37
FU 5 27 51
FU 5 29 82
FU 5 30 7
FU 5 31 29
FU 5 33 0
FU 5 34 65
FU 5 35 1
FU 5 36 0
FU 5 37 94
FU 5 38 50
FU 5 39 0
FU 5 40 0
FU 5 41 0
FU 5 42 0
FU 5 43 0
FU 5 46 154
FU 5 47 162
FU 5 49 0
FU 5 51 0
FU 5 52 41
FU 5 53 0
FU 5 54 0
FU 5 55 48
FU 5 57 0
FU 5 61 0
FU 5 63 0
FU 5 64 42
FU 5 65 0
FU 5 67 38
FU 5 68 0
FU 5 70 5
FU 5 71 0
FU 5 72 0
FU 5 74 0
FU 6 1 0
FU 6 2 59
FU 6 3 0
FU 6 4 0
FU 6 5 0
FU 6 7 0
FU 6 10 0
FU 6 11 0
FU 6 12 0
FU 6 13 0
FU 6 14 4
FU 6 15 0
FU 6 18 128
FU 6 19 0
FU 6 20 0
FU 6 21 54
FU 6 22 0
FU 6 24 0
FU 6 25 0
FU 6 26 55
FU 6 27 21
FU 6 29 36
FU 6 30 1
FU 6 31 18
FU 6 32 109
FU 6 33 0
FU 6 34 60
FU 6 35 123
FU 6 36 0
FU 6 37 152
FU 6 38 32
FU 6 39 0
FU 6 40 0
FU 6 41 0
FU 6 42 0
FU 6 43 0
FU 6 46 37
FU 6 48 31
FU 6 49 0
FU 6 50 264
FU 6 51 0
FU 6 52 9
FU 6 53 0
FU 6 54 0
FU 6 55 93
FU 6 57 0
FU 6 61 0
FU 6 63 0
FU 6 64 35
FU 6 65 0
FU 6 67 32
FU 6 68 0
FU 6 70 8
FU 6 71 0
FU 6 72 0
FU 6 73 181
FU 6 74 0
FU 6 77 53
FU 6 79 0
FU 7 1 0
FU 7 3 0
FU 7 4 0
FU 7 5 0
FU 7 6 0
FU 7 11 0
FU 7 12 0
FU 7 13 0
FU 7 16 0
FU 7 18 108
FU 7 19 0
FU 7 20 4
FU 7 21 64
FU 7 22 0
FU 7 24 0
FU 7 25 0
FU 7 26 59
FU 7 30 2
FU 7 31 67
FU 7 33 0
FU 7 34 28
FU 7 35 35
FU 7 36 0
FU 7 38 46
FU 7 39 0
FU 7 40 0
FU 7 41 0
FU 7 42 0
FU 7 43 0
FU 7 46 49
FU 7 47 150
FU 7 49 0
FU 7 51 0
FU 7 52 0
FU 7 53 0
FU 7 54 0
FU 7 55 46
FU 7 61 0
FU 7 63 0
FU 7 67 46
FU 7 68 0
FU 7 71 0
FU 7 72 0
FU 7 73 164
FU 7 74 1
FU 7 77 48
FU 7 79 0
FU 10 2 181
FU 10 5 0
FU 10 6 0
FU 10 11 0
FU 10 12 0
FU 10 13 0
FU 10 14 0
FU 10 15 0
FU 10 18 37
FU 10 22 0
FU 10 26 61
FU 10 27 59
FU 10 29 58
FU 10 30 0
FU 10 31 49
FU 10 32 67
FU 10 33 0
FU 10 37 67
FU 10 40 0
FU 10 41 0
FU 10 43 0
FU 10 48 32
FU 10 50 0
FU 10 51 0
FU 10 52 27
FU 10 53 0
FU 10 54 0
FU 10 57 0
FU 10 58 0
FU 10 60 0
FU 10 61 0
FU 10 63 0
FU 10 64 20
FU 10 65 0
FU 10 67 43
FU 10 68 0
FU 10 70 28
FU 10 74 0
FU 10 77 42
FU 10 79 0
FU 11 1 0
FU 11 2 23
FU 11 3 0
FU 11 4 0
FU 11 5 0
FU 11 6 0
FU 11 7 0
FU 11 10 0
FU 11 12 0
FU 11 13 0
FU 11 14 0
FU 11 16 0
FU 11 19 0
FU 11 20 0
FU 11 21 47
FU 11 25 0
FU 11 26 68
FU 11 27 31
FU 11 29 124
FU 11 30 1
FU 11 32 120
FU 11 34 71
FU 11 37 98
FU 11 40 0
FU 11 41 0
FU 11 42 0
FU 11 47 255
FU 11 51 0
FU 11 52 33
FU 11 54 0
FU 11 55 88
FU 11 61 0
FU 11 63 0
FU 11 65 0
FU 11 67 46
FU 11 68 0
FU 11 70 11
FU 11 71 0
FU 11 72 0
FU 11 73 61
FU 11 74 0
FU 11 77 48
FU 11 79 0
FU 12 34 17
FU 12 35 51
FU 12 38 47
FU 12 42 1999
FU 12 72 0
FU 13 1 0
FU 13 2 91
FU 13 3 0
FU 13 4 0
FU 13 5 0
FU 13 6 0
FU 13 7 0
FU 13 10 0
FU 13 11 0
FU 13 12 0
FU 13 14 0
FU 13 15 0
FU 13 16 0
FU 13 18 82
FU 13 19 0
FU 13 20 0
FU 13 21 148
FU 13 22 0
FU 13 25 0
FU 13 26 34
FU 13 27 19
FU 13 29 37
FU 13 30 0
FU 13 31 37
FU 13 32 54
FU 13 33 0
FU 13 34 120
FU 13 36 0
FU 13 37 41
FU 13 39 0
FU 13 40 0
FU 13 41 0
FU 13 42 0
FU 13 43 0
FU 13 46 69
FU 13 48 36
FU 13 49 0
FU 13 50 0
FU 13 51 0
FU 13 52 0
FU 13 53 0
FU 13 54 0
FU 13 57 0
FU 13 58 0
FU 13 60 0
FU 13 61 0
FU 13 62 0
FU 13 63 0
FU 13 64 43
FU 13 65 0
FU 13 67 31
FU 13 68 0
FU 13 70 27
FU 13 71 0
FU 13 72 0
FU 13 74 0
FU 13 76 76
FU 13 77 42
FU 14 2 103
FU 14 5 0
FU 14 6 2
FU 14 10 0
FU 14 11 0
FU 14 12 0
FU 14 13 0
FU 14 15 0
FU 14 16 0
FU 14 19 0
FU 14 20 0
FU 14 21 51
FU 14 25 0
FU 14 26 64
FU 14 27 10
FU 14 29 46
FU 14 30 1
FU 14 31 76
FU 14 32 105
FU 14 34 83
FU 14 37 125
FU 14 40 0
FU 14 41 0
FU 14 48 84
FU 14 50 0
FU 14 51 0
FU 14 52 35
FU 14 54 0
FU 14 55 227
FU 14 57 0
FU 14 58 0
FU 14 60 0
FU 14 62 0
FU 14 63 0
FU 14 64 41
FU 14 65 0
FU 14 68 0
FU 14 70 19
FU 14 71 0
FU 14 72 946
FU 14 74 975
FU 14 76 178
FU 14 77 58
FU 14 79 0
FU 15 2 191
FU 15 6 55
FU 15 10 7
FU 15 12 1740
FU 15 13 10
FU 15 14 955
FU 15 16 1999
FU 15 26 79
FU 15 27 971
FU 15 29 73
FU 15 30 902
FU 15 31 105
FU 15 32 119
FU 15 37 66
FU 15 40 11
FU 15 41 1999
FU 15 48 970
FU 15 50 985
FU 15 52 118
FU 15 54 9
FU 15 57 1998
FU 15 58 14
FU 15 60 1999
FU 15 62 1018
FU 15 63 9
FU 15 64 952
FU 15 65 7
FU 15 68 771
FU 15 70 869
FU 15 71 12
FU 15 76 252
FU 15 77 191
FU 15 78 1998
FU 15 79 8
FU 15 80 1001
FU 15 0 2000
FU 16 1 0
FU 16 2 93
FU 16 3 0
FU 16 5 0
FU 16 7 0
FU 16 11 0
FU 16 12 0
FU 16 13 0
FU 16 14 0
FU 16 15 0
FU 16 19 0
FU 16 20 0
FU 16 21 75
FU 16 25 0
FU 16 26 84
FU 16 27 43
FU 16 29 60
FU 16 30 0
FU 16 32 98
FU 16 34 96
FU 16 37 25
FU 16 40 0
FU 16 41 0
FU 16 42 0
FU 16 47 99
FU 16 48 54
FU 16 50 0
FU 16 52 1
FU 16 54 0
FU 16 55 75
FU 16 58 0
FU 16 60 0
FU 16 62 0
FU 16 63 0
FU 16 64 40
FU 16 65 0
FU 16 67 77
FU 16 68 0
FU 16 70 25
FU 16 71 0
FU 16 72 0
FU 16 73 160
FU 16 74 0
FU 16 76 93
FU 16 77 31
FU 16 78 0
FU 16 80 130
FU 18 57 0
FU 19 1 0
FU 19 3 0
FU 19 5 0
FU 19 6 0
FU 19 7 0
FU 19 11 0
FU 19 12 0
FU 19 13 0
FU 19 14 0
FU 19 16 0
FU 19 20 0
FU 19 21 27
FU 19 25 0
FU 19 26 31
FU 19 27 21
FU 19 29 51
FU 19 30 3
FU 19 34 26
FU 19 37 101
FU 19 40 0
FU 19 41 0
FU 19 42 0
FU 19 47 196
FU 19 52 11
FU 19 54 0
FU 19 55 38
FU 19 63 0
FU 19 67 33
FU 19 68 0
FU 19 70 9
FU 19 71 0
FU 19 72 0
FU 19 73 136
FU 19 74 0
FU 19 77 55
FU 19 78 0
FU 20 1 0
FU 20 3 0
FU 20 5 0
FU 20 6 0
FU 20 7 0
FU 20 11 0
FU 20 12 0
FU 20 13 0
FU 20 14 0
FU 20 16 0
FU 20 19 0
FU 20 21 28
FU 20 25 0
FU 20 26 38
FU 20 27 40
FU 20 29 74
FU 20 30 2
FU 20 34 83
FU 20 37 43
FU 20 40 0
FU 20 41 0
FU 20 42 0
FU 20 47 145
FU 20 52 27
FU 20 54 0
FU 20 55 67
FU 20 63 0
FU 20 64 32
FU 20 67 54
FU 20 68 0
FU 20 70 204
FU 20 71 0
FU 20 72 0
FU 20 73 52
FU 20 74 0
FU 20 77 63
FU 21 27 33
FU 21 64 170
FU 21 70 157
FU 22 1 0
FU 22 3 0
FU 22 4 0
FU 22 5 0
FU 22 6 0
FU 22 7 0
FU 22 10 0
FU 22 12 0
FU 22 13 0
FU 22 18 48
FU 22 24 0
FU 22 26 76
FU 22 29 19
FU 22 30 0
FU 22 31 61
FU 22 33 0
FU 22 35 58
FU 22 36 0
FU 22 38 14
FU 22 39 0
FU 22 40 0
FU 22 41 0
FU 22 43 0
FU 22 46 34
FU 22 49 0
FU 22 51 0
FU 22 52 41
FU 22 53 0
FU 22 54 0
FU 22 57 0
FU 22 61 0
FU 22 63 0
FU 22 67 37
FU 22 68 0
FU 22 74 0
FU 22 77 16
FU 22 79 0
FU 24 1 0
FU 24 3 0
FU 24 4 0
FU 24 5 0
FU 24 6 0
FU 24 7 0
FU 24 12 0
FU 24 18 62
FU 24 22 0
FU 24 26 73
FU 24 30 0
FU 24 31 87
FU 24 33 0
FU 24 35 48
FU 24 36 0
FU 24 38 51
FU 24 39 0
FU 24 41 0
FU 24 43 0
FU 24 46 93
FU 24 49 0
FU 24 51 0
FU 24 52 122
FU 24 53 0
FU 24 54 0
FU 24 61 0
FU 24 67 30
FU 24 74 0
FU 24 79 0
FU 25 1 0
FU 25 3 0
FU 25 5 0
FU 25 6 0
FU 25 7 0
FU 25 11 0
FU 25 12 0
FU 25 13 0
FU 25 14 0
FU 25 16 0
FU 25 19 0
FU 25 20 0
FU 25 21 15
FU 25 26 22
FU 25 27 42
FU 25 29 119
FU 25 30 0
FU 25 32 48
FU 25 34 53
FU 25 37 54
FU 25 40 0
FU 25 41 0
FU 25 42 0
FU 25 47 137
FU 25 52 89
FU 25 54 0
FU 25 55 131
FU 25 63 0
FU 25 64 17
FU 25 65 0
FU 25 67 75
FU 25 68 0
FU 25 70 29
FU 25 71 0
FU 25 72 0
FU 25 73 56
FU 25 74 0
FU 25 77 49
FU 25 79 0
FU 26 47 129
FU 26 50 0
FU 27 20 0
FU 27 21 41
FU 27 34 301
FU 27 72 1034
FU 30 24 0
FU 30 35 97
FU 30 38 695
FU 30 39 1994
FU 30 50 257
FU 31 35 72
FU 31 38 23
FU 31 39 0
FU 33 1 0
FU 33 3 0
FU 33 4 0
FU 33 5 0
FU 33 6 5
FU 33 7 0
FU 33 10 0
FU 33 12 0
FU 33 13 0
FU 33 18 49
FU 33 22 0
FU 33 24 0
FU 33 26 101
FU 33 29 22
FU 33 30 0
FU 33 31 95
FU 33 35 59
FU 33 36 0
FU 33 38 56
FU 33 39 0
FU 33 40 0
FU 33 41 0
FU 33 42 0
FU 33 43 0
FU 33 46 85
FU 33 49 0
FU 33 51 0
FU 33 52 79
FU 33 53 0
FU 33 54 0
FU 33 61 0
FU 33 63 0
FU 33 67 35
FU 33 68 0
FU 33 74 0
FU 33 77 79
FU 33 79 0
FU 34 12 0
FU 34 14 364
FU 34 27 88
FU 35 6 107
FU 35 12 257
FU 35 30 160
FU 35 31 31
FU 35 52 16
FU 36 1 0
FU 36 3 0
FU 36 4 0
FU 36 5 0
FU 36 6 0
FU 36 7 0
FU 36 12 0
FU 36 13 0
FU 36 18 41
FU 36 22 0
FU 36 24 0
FU 36 26 41
FU 36 30 1
FU 36 31 64
FU 36 33 0
FU 36 35 74
FU 36 38 42
FU 36 39 0
FU 36 40 0
FU 36 41 0
FU 36 42 0
FU 36 43 0
FU 36 46 53
FU 36 49 0
FU 36 51 0
FU 36 52 20
FU 36 53 0
FU 36 54 0
FU 36 61 0
FU 36 63 0
FU 36 67 16
FU 36 68 0
FU 36 74 0
FU 36 77 70
FU 36 79 0
FU 37 19 0
FU 37 20 0
FU 38 3 0
FU 38 6 0
FU 38 12 0
FU 38 30 243
FU 38 31 66
FU 38 52 71
FU 38 68 671
FU 39 1 0
FU 39 3 0
FU 39 4 0
FU 39 5 0
FU 39 6 0
FU 39 7 0
FU 39 13 0
FU 39 18 163
FU 39 22 0
FU 39 24 0
FU 39 26 21
FU 39 30 0
FU 39 31 40
FU 39 33 0
FU 39 35 525
FU 39 36 0
FU 39 38 55
FU 39 41 0
FU 39 43 0
FU 39 46 37
FU 39 49 0
FU 39 51 0
FU 39 52 34
FU 39 53 0
FU 39 54 0
FU 39 61 0
FU 39 67 38
FU 39 74 0
FU 39 79 0
FU 40 1 0
FU 40 2 122
FU 40 3 0
FU 40 4 0
FU 40 5 0
FU 40 6 0
FU 40 7 0
FU 40 10 0
FU 40 11 0
FU 40 12 0
FU 40 13 0
FU 40 14 0
FU 40 15 0
FU 40 16 0
FU 40 18 80
FU 40 19 0
FU 40 20 0
FU 40 21 61
FU 40 22 0
FU 40 25 0
FU 40 26 25
FU 40 27 25
FU 40 29 36
FU 40 30 0
FU 40 31 72
FU 40 32 52
FU 40 33 0
FU 40 34 23
FU 40 36 0
FU 40 37 76
FU 40 41 0
FU 40 42 0
FU 40 43 0
FU 40 48 105
FU 40 50 0
FU 40 51 0
FU 40 52 0
FU 40 53 0
FU 40 54 0
FU 40 55 35
FU 40 57 0
FU 40 58 0
FU 40 60 0
FU 40 61 0
FU 40 63 0
FU 40 64 19
FU 40 65 0
FU 40 67 12
FU 40 68 0
FU 40 70 22
FU 40 71 0
FU 40 72 0
FU 40 74 0
FU 40 76 110
FU 40 77 42
FU 40 79 0
FU 41 1 0
FU 41 2 53
FU 41 3 0
FU 41 5 0
FU 41 6 0
FU 41 7 0
FU 41 10 0
FU 41 11 0
FU 41 12 0
FU 41 13 0
FU 41 14 0
FU 41 15 0
FU 41 16 0
FU 41 18 50
FU 41 19 0
FU 41 20 0
FU 41 21 93
FU 41 22 0
FU 41 24 0
FU 41 25 0
FU 41 26 41
FU 41 27 44
FU 41 29 93
FU 41 30 2
FU 41 31 28
FU 41 32 47
FU 41 33 0
FU 41 34 80
FU 41 36 0
FU 41 37 47
FU 41 39 0
FU 41 40 0
FU 41 42 0
FU 41 43 0
FU 41 46 175
FU 41 48 93
FU 41 49 0
FU 41 50 0
FU 41 51 0
FU 41 52 0
FU 41 53 0
FU 41 54 0
FU 41 57 0
FU 41 58 0
FU 41 60 0
FU 41 61 0
FU 41 62 0
FU 41 63 0
FU 41 64 33
FU 41 65 0
FU 41 68 0
FU 41 70 20
FU 41 71 0
FU 41 72 0
FU 41 74 0
FU 41 76 187
FU 41 77 83
FU 41 79 0
FU 42 12 0
FU 42 33 1989
FU 42 53 1992
FU 43 1 0
FU 43 3 0
FU 43 4 0
FU 43 5 0
FU 43 6 0
FU 43 7 0
FU 43 10 0
FU 43 12 0
FU 43 13 0
FU 43 18 122
FU 43 22 0
FU 43 24 0
FU 43 26 22
FU 43 29 70
FU 43 30 2
FU 43 31 67
FU 43 33 0
FU 43 35 38
FU 43 36 0
FU 43 38 47
FU 43 39 0
FU 43 40 0
FU 43 41 0
FU 43 46 130
FU 43 49 0
FU 43 51 0
FU 43 52 68
FU 43 53 0
FU 43 54 0
FU 43 61 0
FU 43 63 0
FU 43 67 26
FU 43 68 0
FU 43 74 0
FU 43 77 59
FU 43 79 0
FU 46 52 2
FU 47 26 66
FU 48 6 949
FU 48 52 75
FU 49 1 0
FU 49 3 0
FU 49 4 0
FU 49 5 0
FU 49 6 0
FU 49 7 0
FU 49 13 0
FU 49 18 24
FU 49 22 0
FU 49 24 0
FU 49 26 65
FU 49 30 1
FU 49 33 0
FU 49 35 97
FU 49 36 0
FU 49 38 33
FU 49 39 0
FU 49 41 0
FU 49 42 0
FU 49 43 0
FU 49 51 0
FU 49 52 124
FU 49 53 0
FU 49 54 0
FU 49 67 51
FU 49 74 0
FU 49 77 75
FU 49 79 0
FU 50 2 114
FU 50 6 869
FU 50 10 0
FU 50 12 0
FU 50 13 0
FU 50 14 0
FU 50 15 0
FU 50 16 0
FU 50 26 40
FU 50 27 58
FU 50 29 50
FU 50 30 655
FU 50 31 37
FU 50 32 144
FU 50 37 106
FU 50 40 0
FU 50 41 0
FU 50 48 72
FU 50 52 95
FU 50 54 0
FU 50 57 0
FU 50 58 0
FU 50 60 0
FU 50 62 0
FU 50 63 0
FU 50 64 32
FU 50 65 0
FU 50 68 541
FU 50 70 38
FU 50 76 121
FU 51 1 0
FU 51 3 0
FU 51 4 0
FU 51 5 0
FU 51 6 0
FU 51 7 0
FU 51 10 0
FU 51 11 0
FU 51 12 0
FU 51 13 0
FU 51 14 0
FU 51 18 49
FU 51 22 0
FU 51 24 0
FU 51 26 47
FU 51 27 40
FU 51 29 16
FU 51 30 0
FU 51 31 29
FU 51 33 0
FU 51 35 87
FU 51 36 0
FU 51 37 80
FU 51 38 28
FU 51 39 0
FU 51 40 0
FU 51 41 0
FU 51 42 0
FU 51 43 0
FU 51 46 51
FU 51 49 0
FU 51 52 24
FU 51 53 0
FU 51 54 0
FU 51 57 0
FU 51 61 0
FU 51 63 0
FU 51 64 8
FU 51 65 0
FU 51 67 20
FU 51 68 0
FU 51 70 32
FU 51 74 0
FU 51 77 32
FU 51 79 0
FU 52 2 144
FU 52 35 173
FU 52 38 27
FU 52 39 0
FU 52 46 96
FU 52 48 51
FU 52 49 0
FU 52 50 116
FU 53 1 0
FU 53 3 0
FU 53 4 0
FU 53 5 0
FU 53 6 0
FU 53 7 0
FU 53 10 0
FU 53 12 0
FU 53 13 0
FU 53 18 83
FU 53 22 0
FU 53 24 0
FU 53 26 58
FU 53 29 54
FU 53 30 1
FU 53 31 40
FU 53 33 0
FU 53 35 23
FU 53 36 0
FU 53 38 11
FU 53 39 0
FU 53 40 0
FU 53 41 0
FU 53 42 0
FU 53 43 0
FU 53 46 89
FU 53 49 0
FU 53 51 0
FU 53 52 21
FU 53 54 0
FU 53 61 0
FU 53 63 0
FU 53 67 67
FU 53 68 0
FU 53 74 0
FU 53 77 66
FU 53 79 0
FU 54 1 0
FU 54 3 0
FU 54 4 0
FU 54 5 0
FU 54 6 0
FU 54 7 0
FU 54 10 0
FU 54 11 0
FU 54 12 0
FU 54 13 0
FU 54 14 0
FU 54 15 0
FU 54 16 0
FU 54 18 62
FU 54 19 0
FU 54 20 0
FU 54 21 42
FU 54 22 0
FU 54 24 0
FU 54 25 0
FU 54 26 33
FU 54 27 29
FU 54 29 78
FU 54 30 0
FU 54 31 35
FU 54 32 76
FU 54 33 0
FU 54 34 59
FU 54 35 83
FU 54 36 0
FU 54 37 110
FU 54 38 19
FU 54 39 0
FU 54 40 0
FU 54 41 0
FU 54 42 0
FU 54 43 0
FU 54 46 49
FU 54 49 0
FU 54 50 0
FU 54 51 0
FU 54 52 148
FU 54 53 0
FU 54 55 54
FU 54 57 0
FU 54 61 0
FU 54 63 0
FU 54 64 21
FU 54 65 0
FU 54 67 21
FU 54 68 0
FU 54 70 5
FU 54 71 0
FU 54 72 0
FU 54 74 0
FU 54 77 54
FU 54 79 0
FU 55 64 42
FU 55 70 33
FU 57 2 117
FU 57 5 0
FU 57 6 0
FU 57 10 0
FU 57 12 0
FU 57 13 0
FU 57 14 0
FU 57 15 0
FU 57 18 98
FU 57 22 1993
FU 57 26 28
FU 57 27 55
FU 57 30 0
FU 57 31 107
FU 57 32 68
FU 57 37 44
FU 57 40 0
FU 57 41 0
FU 57 48 34
FU 57 50 0
FU 57 51 0
FU 57 52 52
FU 57 54 0
FU 57 58 0
FU 57 60 0
FU 57 63 0
FU 57 64 40
FU 57 65 0
FU 57 68 0
FU 57 70 44
FU 58 2 45
FU 58 10 0
FU 58 12 0
FU 58 13 0
FU 58 14 0
FU 58 15 0
FU 58 16 0
FU 58 27 44
FU 58 29 123
FU 58 32 77
FU 58 37 121
FU 58 40 0
FU 58 41 0
FU 58 48 87
FU 58 50 0
FU 58 52 1
FU 58 57 0
FU 58 60 0
FU 58 62 0
FU 58 63 0
FU 58 64 50
FU 58 65 0
FU 58 68 0
FU 58 70 29
FU 58 71 0
FU 58 76 74
FU 58 78 0
FU 58 80 210
FU 60 2 146
FU 60 10 0
FU 60 12 0
FU 60 13 0
FU 60 14 0
FU 60 15 0
FU 60 16 0
FU 60 27 41
FU 60 29 27
FU 60 32 30
FU 60 37 95
FU 60 40 0
FU 60 41 0
FU 60 48 29
FU 60 50 0
FU 60 52 0
FU 60 57 0
FU 60 58 0
FU 60 62 0
FU 60 63 0
FU 60 64 28
FU 60 65 0
FU 60 68 0
FU 60 70 60
FU 60 76 226
FU 61 1 0
FU 61 3 0
FU 61 4 0
FU 61 5 0
FU 61 6 0
FU 61 7 0
FU 61 10 0
FU 61 11 0
FU 61 12 1
FU 61 13 0
FU 61 18 42
FU 61 22 0
FU 61 24 0
FU 61 26 34
FU 61 29 70
FU 61 30 3
FU 61 33 0
FU 61 35 29
FU 61 36 0
FU 61 38 40
FU 61 39 0
FU 61 40 0
FU 61 41 0
FU 61 42 0
FU 61 43 0
FU 61 51 0
FU 61 52 63
FU 61 53 0
FU 61 54 0
FU 61 63 0
FU 61 67 55
FU 61 68 0
FU 61 74 0
FU 61 77 37
FU 61 79 0
FU 62 2 21
FU 62 12 0
FU 62 13 0
FU 62 14 0
FU 62 15 0
FU 62 16 0
FU 62 27 53
FU 62 29 57
FU 62 32 48
FU 62 37 34
FU 62 41 0
FU 62 48 42
FU 62 50 0
FU 62 55 76
FU 62 58 0
FU 62 60 0
FU 62 63 0
FU 62 64 34
FU 62 65 0
FU 62 70 20
FU 62 71 0
FU 62 76 167
FU 62 78 0
FU 62 80 229
FU 63 1 0
FU 63 2 153
FU 63 3 0
FU 63 4 0
FU 63 5 0
FU 63 6 0
FU 63 7 0
FU 63 10 0
FU 63 11 0
FU 63 12 0
FU 63 13 0
FU 63 14 0
FU 63 15 0
FU 63 16 0
FU 63 18 79
FU 63 19 0
FU 63 20 0
FU 63 21 17
FU 63 22 0
FU 63 25 0
FU 63 26 48
FU 63 27 22
FU 63 29 36
FU 63 30 0
FU 63 31 54
FU 63 32 163
FU 63 33 0
FU 63 34 29
FU 63 36 0
FU 63 37 40
FU 63 40 0
FU 63 41 0
FU 63 42 0
FU 63 43 0
FU 63 48 57
FU 63 50 0
FU 63 51 0
FU 63 52 50
FU 63 53 0
FU 63 54 0
FU 63 55 128
FU 63 57 0
FU 63 58 0
FU 63 60 0
FU 63 61 0
FU 63 62 0
FU 63 64 51
FU 63 65 0
FU 63 67 109
FU 63 68 0
FU 63 70 23
FU 63 71 0
FU 63 72 0
FU 63 74 0
FU 63 76 132
FU 63 77 41
FU 63 79 0
FU 64 20 1001
FU 64 21 210
FU 64 55 171
FU 65 2 127
FU 65 5 0
FU 65 6 0
FU 65 10 0
FU 65 11 0
FU 65 12 0
FU 65 13 0
FU 65 14 0
FU 65 15 0
FU 65 16 0
FU 65 25 0
FU 65 26 53
FU 65 27 27
FU 65 29 74
FU 65 30 1
FU 65 31 35
FU 65 32 70
FU 65 37 79
FU 65 40 0
FU 65 41 0
FU 65 48 81
FU 65 50 0
FU 65 51 0
FU 65 52 62
FU 65 54 0
FU 65 57 0
FU 65 58 0
FU 65 60 0
FU 65 62 0
FU 65 63 0
FU 65 64 65
FU 65 68 0
FU 65 70 27
FU 65 71 0
FU 65 76 56
FU 65 77 48
FU 65 79 0
FU 67 1 0
FU 67 3 0
FU 67 4 0
FU 67 5 0
FU 67 7 0
FU 67 10 0
FU 67 11 0
FU 67 13 0
FU 67 18 83
FU 67 19 0
FU 67 21 90
FU 67 22 0
FU 67 24 0
FU 67 25 0
FU 67 26 54
FU 67 29 46
FU 67 30 0
FU 67 31 66
FU 67 33 3
FU 67 34 74
FU 67 35 40
FU 67 36 0
FU 67 39 1
FU 67 40 0
FU 67 42 0
FU 67 43 0
FU 67 46 86
FU 67 49 0
FU 67 52 15
FU 67 53 0
FU 67 54 0
FU 67 61 0
FU 67 63 0
FU 67 68 0
FU 67 72 1
FU 67 73 155
FU 67 74 4
FU 67 79 0
FU 68 1 0
FU 68 2 42
FU 68 3 0
FU 68 4 0
FU 68 5 0
FU 68 6 0
FU 68 7 0
FU 68 10 0
FU 68 11 0
FU 68 12 0
FU 68 13 0
FU 68 14 0
FU 68 15 0
FU 68 16 0
FU 68 18 97
FU 68 19 0
FU 68 20 0
FU 68 21 43
FU 68 22 0
FU 68 25 0
FU 68 26 23
FU 68 27 34
FU 68 29 56
FU 68 30 0
FU 68 31 61
FU 68 32 40
FU 68 33 0
FU 68 34 25
FU 68 36 0
FU 68 37 71
FU 68 38 234
FU 68 40 0
FU 68 41 0
FU 68 42 0
FU 68 43 0
FU 68 47 102
FU 68 50 370
FU 68 51 0
FU 68 52 106
FU 68 53 0
FU 68 54 0
FU 68 55 49
FU 68 57 1
FU 68 58 0
FU 68 60 0
FU 68 61 0
FU 68 63 0
FU 68 64 56
FU 68 65 0
FU 68 67 63
FU 68 70 19
FU 68 71 0
FU 68 72 0
FU 68 74 0
FU 68 77 32
FU 68 79 0
FU 70 19 0
FU 70 20 966
FU 70 21 190
FU 70 55 107
FU 70 74 1008
FU 71 1 0
FU 71 2 59
FU 71 3 0
FU 71 4 0
FU 71 5 0
FU 71 6 0
FU 71 7 0
FU 71 11 0
FU 71 12 0
FU 71 13 0
FU 71 14 0
FU 71 15 0
FU 71 16 0
FU 71 19 0
FU 71 20 0
FU 71 21 57
FU 71 25 0
FU 71 26 71
FU 71 27 26
FU 71 29 70
FU 71 30 0
FU 71 32 75
FU 71 34 31
FU 71 37 189
FU 71 40 0
FU 71 41 0
FU 71 42 0
FU 71 47 33
FU 71 48 104
FU 71 52 62
FU 71 54 0
FU 71 55 60
FU 71 58 0
FU 71 62 0
FU 71 63 0
FU 71 64 57
FU 71 65 0
FU 71 67 56
FU 71 68 0
FU 71 70 34
FU 71 72 0
FU 71 73 124
FU 71 74 0
FU 71 76 173
FU 71 77 50
FU 71 78 0
FU 72 1 0
FU 72 3 0
FU 72 5 0
FU 72 6 3
FU 72 7 0
FU 72 11 0
FU 72 12 0
FU 72 13 0
FU 72 14 356
FU 72 16 0
FU 72 19 0
FU 72 20 10
FU 72 21 11
FU 72 25 0
FU 72 26 41
FU 72 27 38
FU 72 29 54
FU 72 30 0
FU 72 34 25
FU 72 40 0
FU 72 41 0
FU 72 42 0
FU 72 47 86
FU 72 52 54
FU 72 54 0
FU 72 55 55
FU 72 63 0
FU 72 67 55
FU 72 68 0
FU 72 71 0
FU 72 73 71
FU 72 74 0
FU 72 77 96
FU 73 1 0
FU 73 7 0
FU 73 11 0
FU 73 16 0
FU 73 19 1
FU 73 20 1
FU 73 21 112
FU 73 25 0
FU 73 34 208
FU 73 42 0
FU 73 47 154
FU 73 52 4
FU 73 55 134
FU 73 67 75
FU 73 71 0
FU 73 72 5
FU 73 77 77
FU 74 1 0
FU 74 3 0
FU 74 4 0
FU 74 5 0
FU 74 6 0
FU 74 7 0
FU 74 10 0
FU 74 11 0
FU 74 12 0
FU 74 13 0
FU 74 14 318
FU 74 16 0
FU 74 18 40
FU 74 19 0
FU 74 20 0
FU 74 21 75
FU 74 22 0
FU 74 24 0
FU 74 25 0
FU 74 26 37
FU 74 29 59
FU 74 30 1
FU 74 31 142
FU 74 33 0
FU 74 34 62
FU 74 35 12
FU 74 36 0
FU 74 38 49
FU 74 39 0
FU 74 40 0
FU 74 41 0
FU 74 42 0
FU 74 43 0
FU 74 46 64
FU 74 47 63
FU 74 49 0
FU 74 51 0
FU 74 52 26
FU 74 53 0
FU 74 54 0
FU 74 55 42
FU 74 61 0
FU 74 63 0
FU 74 67 60
FU 74 68 0
FU 74 70 144
FU 74 71 0
FU 74 72 0
FU 74 77 49
FU 74 79 0
FU 77 4 0
FU 77 15 0
FU 77 32 81
FU 77 46 91
FU 77 49 0
FU 77 73 98
FU 78 19 1982
FU 79 1 0
FU 79 3 0
FU 79 4 0
FU 79 6 0
FU 79 7 0
FU 79 10 0
FU 79 11 0
FU 79 12 0
FU 79 14 0
FU 79 15 0
FU 79 18 44
FU 79 22 0
FU 79 24 0
FU 79 25 0
FU 79 26 37
FU 79 29 25
FU 79 30 0
FU 79 31 94
FU 79 32 144
FU 79 33 0
FU 79 35 39
FU 79 36 0
FU 79 38 51
FU 79 39 0
FU 79 40 0
FU 79 41 0
FU 79 43 0
FU 79 46 123
FU 79 49 0
FU 79 51 0
FU 79 52 70
FU 79 53 0
FU 79 54 0
FU 79 61 0
FU 79 63 0
FU 79 64 45
FU 79 65 0
FU 79 67 35
FU 79 68 0
FU 79 70 24
FU 79 74 0
FU 79 77 76
FU 80 62 981
