Nodes: 51
Arcs: 1248
Terminals_rem: 0
Nodes_rem: 6
Arcs_rem: 462
First LB: 6
LB: 6
Iter. LB: 0
First UB: 17
UB: 13
Iter. UB: 46
gap: 53.8462
BM. Time: 0
Runtime: 240
FL 0 30 0
FL 0 36 11
FL 0 50 18
FL 0 24 6
FL 0 49 9
FL 0 1 16
FL 0 43 2697
FL 0 31 40
FL 0 7 22
FL 0 2 38
FL 0 10 51
FL 0 8 15
FL 0 16 19
FL 0 40 3446
FL 0 5 15
FL 0 18 9
FL 0 34 19
FL 0 48 27
FL 0 20 16
FL 0 13 35
FL 0 25 2323
FL 0 12 22
FL 0 27 57
FL 0 3 18
FL 0 19 2440
FL 0 33 11
FL 0 37 2691
FL 0 23 2890
FL 0 4 175
FL 0 6 91
FL 0 9 45
FL 0 11 125
FL 0 14 244
FL 0 15 2000
FL 0 17 116
FL 0 21 158
FL 0 22 160
FL 0 26 105
FL 0 28 2000
FL 0 29 2000
FL 0 32 2000
FL 0 38 298
FL 0 39 160
FL 0 41 168
FL 0 42 137
FL 0 44 108
FL 0 45 2000
FL 0 46 73
FL 0 47 2000
FL 1 3 33
FL 1 4 194
FL 1 5 19
FL 1 6 77
FL 1 7 20
FL 1 8 41
FL 1 9 155
FL 1 11 103
FL 1 12 78
FL 1 13 91
FL 1 16 22
FL 1 17 145
FL 1 18 10
FL 1 19 21
FL 1 20 26
FL 1 21 193
FL 1 22 192
FL 1 23 72
FL 1 24 14
FL 1 25 31
FL 1 26 46
FL 1 30 0
FL 1 33 11
FL 1 34 44
FL 1 35 0
FL 1 36 13
FL 1 39 327
FL 1 40 95
FL 1 41 164
FL 1 42 1193
FL 1 43 18
FL 1 46 108
FL 1 49 12
FL 2 5 7
FL 2 6 99
FL 2 8 12
FL 2 10 13
FL 2 11 65
FL 2 12 5
FL 2 13 15
FL 2 14 96
FL 2 16 12
FL 2 17 58
FL 2 23 0
FL 2 27 13
FL 2 30 0
FL 2 31 9
FL 2 37 0
FL 2 40 0
FL 2 44 107
FL 2 48 1
FL 2 50 5
FL 3 1 18
FL 3 4 101
FL 3 5 7
FL 3 6 179
FL 3 7 548
FL 3 8 13
FL 3 9 55
FL 3 11 48
FL 3 12 16
FL 3 17 125
FL 3 18 4
FL 3 19 4
FL 3 20 6
FL 3 21 97
FL 3 22 69
FL 3 24 4
FL 3 25 5
FL 3 26 70
FL 3 30 0
FL 3 33 4
FL 3 34 2522
FL 3 35 0
FL 3 36 6
FL 3 39 45
FL 3 40 21
FL 3 41 52
FL 3 42 74
FL 3 43 3
FL 3 46 61
FL 3 49 469
FL 4 9 48
FL 4 10 26
FL 4 11 89
FL 4 18 6
FL 4 21 186
FL 4 22 87
FL 4 24 3
FL 4 26 40
FL 4 30 0
FL 4 35 0
FL 4 39 84
FL 4 40 21
FL 4 41 56
FL 4 42 66
FL 4 46 98
FL 5 1 6
FL 5 2 4
FL 5 3 6
FL 5 4 69
FL 5 6 79
FL 5 7 10
FL 5 8 4
FL 5 9 78
FL 5 10 5
FL 5 12 1
FL 5 13 6
FL 5 14 196
FL 5 17 65
FL 5 18 3
FL 5 22 58
FL 5 23 0
FL 5 24 1
FL 5 26 100
FL 5 27 8
FL 5 30 0
FL 5 31 7
FL 5 33 2
FL 5 35 0
FL 5 36 1
FL 5 37 0
FL 5 40 0
FL 5 41 42
FL 5 43 2
FL 5 44 129
FL 5 50 2
FL 6 30 0
FL 7 1 5
FL 7 3 8
FL 7 4 75
FL 7 5 7
FL 7 6 148
FL 7 8 4
FL 7 9 48
FL 7 11 106
FL 7 12 3
FL 7 13 9
FL 7 16 2674
FL 7 17 65
FL 7 18 5
FL 7 19 0
FL 7 20 6
FL 7 21 114
FL 7 22 112
FL 7 24 3
FL 7 25 0
FL 7 26 65
FL 7 30 0
FL 7 33 4
FL 7 34 6
FL 7 35 0
FL 7 36 3
FL 7 39 23
FL 7 40 0
FL 7 41 46
FL 7 42 27
FL 7 43 0
FL 7 46 104
FL 7 49 5
FL 8 1 13
FL 8 2 8
FL 8 3 18
FL 8 4 128
FL 8 5 12
FL 8 6 154
FL 8 7 13
FL 8 9 44
FL 8 10 21
FL 8 11 126
FL 8 12 12
FL 8 13 36
FL 8 14 110
FL 8 16 25
FL 8 17 66
FL 8 18 5
FL 8 19 3
FL 8 20 2488
FL 8 21 110
FL 8 22 95
FL 8 23 28
FL 8 24 4
FL 8 25 9
FL 8 26 82
FL 8 27 19
FL 8 30 0
FL 8 31 27
FL 8 33 4
FL 8 34 11
FL 8 35 0
FL 8 36 6
FL 8 37 15
FL 8 40 15
FL 8 41 45
FL 8 42 48
FL 8 43 5
FL 8 44 144
FL 8 46 114
FL 8 49 619
FL 8 50 49
FL 9 10 38
FL 9 41 119
FL 9 42 288
FL 10 2 6
FL 10 4 67
FL 10 5 7
FL 10 6 141
FL 10 8 12
FL 10 9 46
FL 10 11 80
FL 10 12 8
FL 10 13 16
FL 10 14 147
FL 10 17 75
FL 10 18 6
FL 10 22 92
FL 10 23 2
FL 10 26 85
FL 10 27 12
FL 10 30 0
FL 10 31 10
FL 10 33 4
FL 10 37 1
FL 10 40 2
FL 10 41 50
FL 10 43 2
FL 10 44 127
FL 10 50 4
FL 12 1 11
FL 12 2 12
FL 12 3 14
FL 12 4 114
FL 12 5 11
FL 12 6 65
FL 12 7 15
FL 12 8 14
FL 12 9 84
FL 12 10 12
FL 12 11 73
FL 12 13 13
FL 12 14 91
FL 12 16 15
FL 12 17 119
FL 12 18 7
FL 12 19 0
FL 12 20 12
FL 12 22 71
FL 12 23 0
FL 12 25 0
FL 12 26 63
FL 12 27 13
FL 12 30 0
FL 12 31 12
FL 12 33 10
FL 12 34 11
FL 12 37 0
FL 12 40 0
FL 12 41 100
FL 12 42 57
FL 12 43 1
FL 12 44 69
FL 12 48 11
FL 12 50 11
FL 13 1 7
FL 13 2 4
FL 13 4 93
FL 13 5 6
FL 13 6 85
FL 13 7 10
FL 13 8 9
FL 13 9 101
FL 13 10 8
FL 13 11 85
FL 13 12 4
FL 13 14 68
FL 13 16 9
FL 13 17 134
FL 13 18 3
FL 13 19 0
FL 13 20 6
FL 13 21 93
FL 13 22 89
FL 13 23 0
FL 13 25 0
FL 13 26 110
FL 13 27 9
FL 13 30 0
FL 13 31 8
FL 13 33 3
FL 13 34 6
FL 13 37 0
FL 13 39 51
FL 13 40 0
FL 13 41 89
FL 13 42 20
FL 13 43 1
FL 13 44 78
FL 13 46 17
FL 13 48 1
FL 13 49 5
FL 13 50 2
FL 14 2 16
FL 14 10 16
FL 14 30 0
FL 16 1 608
FL 16 2 4
FL 16 7 627
FL 16 8 11
FL 16 11 137
FL 16 12 5
FL 16 13 9
FL 16 14 135
FL 16 17 117
FL 16 19 1
FL 16 20 4
FL 16 21 158
FL 16 23 1
FL 16 25 0
FL 16 27 8
FL 16 34 6
FL 16 37 1
FL 16 40 0
FL 16 41 40
FL 16 42 1872
FL 16 48 2
FL 16 50 4
FL 17 16 14
FL 18 1 9
FL 18 3 12
FL 18 4 53
FL 18 5 9
FL 18 7 12
FL 18 8 13
FL 18 9 109
FL 18 10 10
FL 18 12 11
FL 18 13 13
FL 18 23 3
FL 18 26 99
FL 18 30 0
FL 18 31 10
FL 18 35 0
FL 18 36 7
FL 18 38 335
FL 18 39 91
FL 18 40 2
FL 18 41 105
FL 18 44 103
FL 18 46 107
FL 18 49 7
FL 19 1 12
FL 19 3 15
FL 19 7 14
FL 19 8 13
FL 19 11 145
FL 19 12 12
FL 19 13 14
FL 19 16 13
FL 19 20 12
FL 19 21 79
FL 19 23 0
FL 19 34 10
FL 19 40 0
FL 19 41 85
FL 19 42 51
FL 20 1 8
FL 20 3 12
FL 20 6 114
FL 20 7 13
FL 20 8 8
FL 20 11 186
FL 20 12 6
FL 20 13 9
FL 20 16 12
FL 20 17 99
FL 20 19 0
FL 20 21 70
FL 20 23 0
FL 20 25 0
FL 20 34 6
FL 20 40 0
FL 20 41 51
FL 20 42 19
FL 21 8 12
FL 21 25 0
FL 21 34 11
FL 21 42 50
FL 22 4 35
FL 22 10 9
FL 22 26 91
FL 22 30 0
FL 22 35 0
FL 22 36 6
FL 22 39 45
FL 22 40 0
FL 22 41 50
FL 23 1 10
FL 23 2 11
FL 23 4 68
FL 23 5 9
FL 23 6 44
FL 23 8 14
FL 23 9 36
FL 23 10 11
FL 23 11 104
FL 23 12 11
FL 23 13 14
FL 23 14 116
FL 23 16 12
FL 23 17 52
FL 23 18 7
FL 23 19 1
FL 23 20 10
FL 23 21 57
FL 23 22 100
FL 23 25 0
FL 23 26 65
FL 23 27 15
FL 23 30 0
FL 23 31 11
FL 23 33 10
FL 23 34 8
FL 23 37 0
FL 23 40 0
FL 23 41 32
FL 23 42 41
FL 23 43 1
FL 23 44 115
FL 23 48 10
FL 23 50 11
FL 24 1 8
FL 24 3 11
FL 24 4 29
FL 24 5 9
FL 24 7 12
FL 24 8 13
FL 24 9 132
FL 24 26 61
FL 24 30 0
FL 24 35 0
FL 24 36 7
FL 24 38 129
FL 24 39 34
FL 24 41 30
FL 24 46 78
FL 24 49 6
FL 25 1 12
FL 25 3 15
FL 25 7 14
FL 25 8 14
FL 25 11 77
FL 25 12 12
FL 25 13 14
FL 25 16 14
FL 25 20 8
FL 25 21 123
FL 25 23 0
FL 25 34 8
FL 25 40 0
FL 25 41 31
FL 25 42 40
FL 27 2 1040
FL 27 5 6
FL 27 6 85
FL 27 8 10
FL 27 10 1084
FL 27 12 3
FL 27 13 11
FL 27 14 66
FL 27 16 2824
FL 27 23 0
FL 27 26 59
FL 27 30 0
FL 27 31 7
FL 27 37 0
FL 27 40 0
FL 27 41 68
FL 27 44 156
FL 27 48 2153
FL 27 50 2168
FL 30 1 527
FL 30 2 1331
FL 30 3 6165
FL 30 4 57
FL 30 5 2645
FL 30 6 95
FL 30 7 4220
FL 30 8 2305
FL 30 9 94
FL 30 10 1630
FL 30 12 1143
FL 30 13 1541
FL 30 14 250
FL 30 17 60
FL 30 18 459
FL 30 22 59
FL 30 23 0
FL 30 24 426
FL 30 26 86
FL 30 27 11496
FL 30 31 8
FL 30 33 2099
FL 30 35 0
FL 30 36 1943
FL 30 37 0
FL 30 39 3450
FL 30 40 0
FL 30 41 48
FL 30 43 0
FL 30 44 122
FL 31 2 4
FL 31 5 4
FL 31 6 61
FL 31 8 9
FL 31 9 50
FL 31 10 8
FL 31 12 5
FL 31 13 9
FL 31 14 76
FL 31 17 156
FL 31 18 5
FL 31 22 104
FL 31 23 0
FL 31 26 58
FL 31 27 10
FL 31 30 0
FL 31 33 3
FL 31 37 0
FL 31 40 0
FL 31 41 34
FL 31 43 2
FL 31 44 146
FL 31 50 2
FL 33 1 3
FL 33 3 3
FL 33 4 46
FL 33 5 2
FL 33 7 6
FL 33 8 8
FL 33 9 77
FL 33 10 5
FL 33 12 2
FL 33 13 7
FL 33 23 0
FL 33 26 37
FL 33 30 0
FL 33 31 2547
FL 33 35 0
FL 33 36 5
FL 33 38 238
FL 33 39 21
FL 33 40 0
FL 33 41 59
FL 33 44 201
FL 33 46 91
FL 33 49 3
FL 34 1 7
FL 34 3 18
FL 34 6 90
FL 34 7 13
FL 34 8 11
FL 34 11 93
FL 34 12 6
FL 34 13 8
FL 34 16 10
FL 34 17 147
FL 34 19 2
FL 34 20 6
FL 34 21 140
FL 34 23 2
FL 34 25 0
FL 34 40 0
FL 34 41 114
FL 34 42 32
FL 35 1 4267
FL 35 3 229
FL 35 4 1099
FL 35 5 62
FL 35 7 59
FL 35 8 540
FL 35 9 695
FL 35 17 135
FL 35 18 1475
FL 35 22 336
FL 35 24 1194
FL 35 26 73
FL 35 30 44258
FL 35 33 3172
FL 35 36 1546
FL 35 38 211
FL 35 39 958
FL 35 41 557
FL 35 43 60
FL 35 46 2084
FL 35 49 3866
FL 35 0 31124
FL 36 1 2
FL 36 3 9
FL 36 4 62
FL 36 5 7
FL 36 6 196
FL 36 7 10
FL 36 8 5
FL 36 9 51
FL 36 17 51
FL 36 18 488
FL 36 22 126
FL 36 24 486
FL 36 26 53
FL 36 30 1
FL 36 33 1
FL 36 35 0
FL 36 38 286
FL 36 39 39
FL 36 41 49
FL 36 42 33
FL 36 43 0
FL 36 46 85
FL 36 49 1
FL 37 2 13
FL 37 5 13
FL 37 8 15
FL 37 10 17
FL 37 11 113
FL 37 12 14
FL 37 13 20
FL 37 14 92
FL 37 16 16
FL 37 23 0
FL 37 26 115
FL 37 27 23
FL 37 30 0
FL 37 31 16
FL 37 40 0
FL 37 41 96
FL 37 44 115
FL 37 48 14
FL 37 50 19
FL 39 4 26
FL 39 9 56
FL 39 13 1207
FL 39 18 612
FL 39 22 68
FL 39 24 411
FL 39 26 89
FL 39 30 0
FL 39 33 6
FL 39 36 474
FL 39 41 50
FL 39 46 447
FL 40 1 11
FL 40 2 11
FL 40 3 19
FL 40 4 173
FL 40 5 11
FL 40 6 87
FL 40 7 15
FL 40 8 13
FL 40 9 81
FL 40 10 14
FL 40 11 245
FL 40 12 12
FL 40 13 16
FL 40 14 76
FL 40 16 12
FL 40 17 138
FL 40 18 7
FL 40 19 3
FL 40 20 13
FL 40 21 185
FL 40 22 181
FL 40 23 3
FL 40 25 1
FL 40 26 55
FL 40 27 13
FL 40 30 0
FL 40 31 15
FL 40 33 10
FL 40 34 12
FL 40 37 2
FL 40 41 37
FL 40 42 35
FL 40 43 2
FL 40 44 72
FL 40 48 11
FL 40 50 15
FL 41 1 0
FL 41 4 28
FL 41 5 1
FL 41 9 123
FL 41 10 2
FL 41 12 0
FL 41 13 4
FL 41 16 4
FL 41 18 2
FL 41 21 117
FL 41 22 126
FL 41 24 2
FL 41 25 0
FL 41 26 110
FL 41 27 6
FL 41 33 2
FL 41 34 3
FL 41 35 0
FL 41 36 1
FL 41 39 16
FL 41 40 0
FL 41 42 11
FL 42 8 21
FL 42 9 117
FL 42 12 1697
FL 42 13 38
FL 42 16 17
FL 42 21 193
FL 42 25 13
FL 42 34 16
FL 43 1 4
FL 43 3 10
FL 43 4 29
FL 43 5 7
FL 43 7 11
FL 43 8 4
FL 43 9 78
FL 43 10 9
FL 43 12 3
FL 43 13 14
FL 43 23 0
FL 43 26 54
FL 43 30 0
FL 43 31 8
FL 43 35 0
FL 43 36 5
FL 43 38 272
FL 43 39 63
FL 43 40 0
FL 43 41 32
FL 43 44 123
FL 43 46 63
FL 43 49 5
FL 46 8 1643
FL 48 2 8
FL 48 12 11
FL 48 13 16
FL 48 14 163
FL 48 16 13
FL 48 23 1
FL 48 27 16
FL 48 37 0
FL 48 40 1
FL 48 50 9
FL 49 1 4
FL 49 3 11
FL 49 4 89
FL 49 6 110
FL 49 7 11
FL 49 8 1911
FL 49 9 42
FL 49 13 14
FL 49 17 91
FL 49 18 7
FL 49 22 111
FL 49 24 5
FL 49 26 129
FL 49 33 5
FL 49 35 0
FL 49 36 7
FL 49 38 231
FL 49 39 39
FL 49 41 59
FL 49 42 18
FL 49 43 0
FL 49 46 113
FL 50 2 7
FL 50 5 8
FL 50 8 14
FL 50 10 13
FL 50 12 9
FL 50 13 15
FL 50 14 106
FL 50 16 13
FL 50 23 4
FL 50 27 22
FL 50 31 11
FL 50 37 1
FL 50 40 3
FL 50 44 85
FL 50 48 8
FU 0 30 1
FU 0 36 5
FU 0 50 3
FU 0 24 1
FU 0 49 1
FU 0 1 6
FU 0 43 1995
FU 0 31 7
FU 0 7 7
FU 0 2 9
FU 0 10 10
FU 0 8 2
FU 0 16 1
FU 0 40 1995
FU 0 5 2
FU 0 18 1
FU 0 34 1
FU 0 48 3
FU 0 20 1
FU 0 13 6
FU 0 25 1995
FU 0 12 5
FU 0 27 2
FU 0 3 2
FU 0 19 1998
FU 0 33 1
FU 0 37 1997
FU 0 23 1983
FU 0 4 122
FU 0 6 105
FU 0 9 33
FU 0 11 129
FU 0 14 221
FU 0 15 2000
FU 0 17 120
FU 0 21 168
FU 0 22 135
FU 0 26 115
FU 0 28 2000
FU 0 29 2000
FU 0 32 2000
FU 0 38 299
FU 0 39 104
FU 0 41 132
FU 0 42 100
FU 0 44 107
FU 0 45 2000
FU 0 46 108
FU 0 47 2000
FU 1 3 2
FU 1 4 136
FU 1 5 0
FU 1 6 82
FU 1 7 3
FU 1 8 1
FU 1 9 140
FU 1 11 112
FU 1 12 18
FU 1 13 14
FU 1 16 2
FU 1 17 148
FU 1 18 6
FU 1 19 1
FU 1 20 3
FU 1 21 147
FU 1 22 178
FU 1 23 11
FU 1 24 0
FU 1 25 3
FU 1 26 44
FU 1 30 0
FU 1 33 0
FU 1 34 1
FU 1 35 0
FU 1 36 0
FU 1 39 128
FU 1 40 4
FU 1 41 85
FU 1 42 339
FU 1 43 1
FU 1 46 112
FU 1 49 3
FU 2 5 0
FU 2 6 99
FU 2 8 0
FU 2 10 0
FU 2 11 64
FU 2 12 0
FU 2 13 1
FU 2 14 97
FU 2 16 1
FU 2 17 56
FU 2 23 0
FU 2 27 0
FU 2 30 0
FU 2 31 0
FU 2 37 0
FU 2 40 0
FU 2 44 112
FU 2 48 0
FU 2 50 0
FU 3 1 3
FU 3 4 87
FU 3 5 0
FU 3 6 187
FU 3 7 519
FU 3 8 0
FU 3 9 59
FU 3 11 48
FU 3 12 5
FU 3 17 125
FU 3 18 0
FU 3 19 1
FU 3 20 0
FU 3 21 97
FU 3 22 61
FU 3 24 0
FU 3 25 2
FU 3 26 76
FU 3 30 0
FU 3 33 0
FU 3 34 1998
FU 3 35 0
FU 3 36 2
FU 3 39 81
FU 3 40 1
FU 3 41 41
FU 3 42 70
FU 3 43 0
FU 3 46 57
FU 3 49 474
FU 4 9 45
FU 4 10 3
FU 4 11 83
FU 4 18 0
FU 4 21 173
FU 4 22 67
FU 4 24 0
FU 4 26 44
FU 4 30 0
FU 4 35 0
FU 4 39 52
FU 4 40 0
FU 4 41 38
FU 4 42 51
FU 4 46 85
FU 5 1 0
FU 5 2 0
FU 5 3 0
FU 5 4 62
FU 5 6 88
FU 5 7 0
FU 5 8 0
FU 5 9 74
FU 5 10 0
FU 5 12 0
FU 5 13 0
FU 5 14 191
FU 5 17 73
FU 5 18 0
FU 5 22 53
FU 5 23 0
FU 5 24 0
FU 5 26 104
FU 5 27 0
FU 5 30 0
FU 5 31 0
FU 5 33 0
FU 5 35 0
FU 5 36 0
FU 5 37 0
FU 5 40 0
FU 5 41 38
FU 5 43 0
FU 5 44 129
FU 5 50 0
FU 6 30 0
FU 7 1 0
FU 7 3 0
FU 7 4 68
FU 7 5 0
FU 7 6 144
FU 7 8 0
FU 7 9 36
FU 7 11 100
FU 7 12 0
FU 7 13 0
FU 7 16 930
FU 7 17 65
FU 7 18 0
FU 7 19 0
FU 7 20 0
FU 7 21 107
FU 7 22 95
FU 7 24 0
FU 7 25 0
FU 7 26 61
FU 7 30 0
FU 7 33 0
FU 7 34 0
FU 7 35 0
FU 7 36 0
FU 7 39 10
FU 7 40 0
FU 7 41 51
FU 7 42 37
FU 7 43 0
FU 7 46 101
FU 7 49 0
FU 8 1 1
FU 8 2 1
FU 8 3 0
FU 8 4 116
FU 8 5 0
FU 8 6 156
FU 8 7 1
FU 8 9 40
FU 8 10 2
FU 8 11 125
FU 8 12 2
FU 8 13 8
FU 8 14 110
FU 8 16 5
FU 8 17 63
FU 8 18 0
FU 8 19 0
FU 8 20 1996
FU 8 21 110
FU 8 22 106
FU 8 23 5
FU 8 24 0
FU 8 25 0
FU 8 26 84
FU 8 27 0
FU 8 30 0
FU 8 31 3
FU 8 33 0
FU 8 34 0
FU 8 35 0
FU 8 36 0
FU 8 37 3
FU 8 40 0
FU 8 41 56
FU 8 42 32
FU 8 43 0
FU 8 44 140
FU 8 46 117
FU 8 49 531
FU 8 50 7
FU 9 10 6
FU 9 41 82
FU 9 42 104
FU 10 2 1
FU 10 4 61
FU 10 5 0
FU 10 6 140
FU 10 8 0
FU 10 9 50
FU 10 11 82
FU 10 12 0
FU 10 13 1
FU 10 14 145
FU 10 17 75
FU 10 18 0
FU 10 22 100
FU 10 23 1
FU 10 26 95
FU 10 27 0
FU 10 30 0
FU 10 31 0
FU 10 33 0
FU 10 37 0
FU 10 40 0
FU 10 41 47
FU 10 43 0
FU 10 44 130
FU 10 50 0
FU 12 1 0
FU 12 2 0
FU 12 3 0
FU 12 4 105
FU 12 5 0
FU 12 6 58
FU 12 7 0
FU 12 8 0
FU 12 9 102
FU 12 10 0
FU 12 11 73
FU 12 13 0
FU 12 14 89
FU 12 16 0
FU 12 17 114
FU 12 18 0
FU 12 19 0
FU 12 20 0
FU 12 22 64
FU 12 23 0
FU 12 25 0
FU 12 26 62
FU 12 27 0
FU 12 30 0
FU 12 31 0
FU 12 33 0
FU 12 34 0
FU 12 37 0
FU 12 40 0
FU 12 41 73
FU 12 42 43
FU 12 43 0
FU 12 44 54
FU 12 48 0
FU 12 50 0
FU 13 1 0
FU 13 2 0
FU 13 4 75
FU 13 5 0
FU 13 6 77
FU 13 7 0
FU 13 8 0
FU 13 9 101
FU 13 10 0
FU 13 11 86
FU 13 12 0
FU 13 14 67
FU 13 16 0
FU 13 17 130
FU 13 18 0
FU 13 19 0
FU 13 20 0
FU 13 21 85
FU 13 22 97
FU 13 23 0
FU 13 25 0
FU 13 26 112
FU 13 27 0
FU 13 30 0
FU 13 31 0
FU 13 33 0
FU 13 34 0
FU 13 37 0
FU 13 39 29
FU 13 40 0
FU 13 41 97
FU 13 42 10
FU 13 43 0
FU 13 44 79
FU 13 46 44
FU 13 48 0
FU 13 49 0
FU 13 50 0
FU 14 2 1
FU 14 10 2
FU 14 30 0
FU 16 1 561
FU 16 2 0
FU 16 7 449
FU 16 8 0
FU 16 11 133
FU 16 12 0
FU 16 13 0
FU 16 14 134
FU 16 17 127
FU 16 19 0
FU 16 20 0
FU 16 21 155
FU 16 23 0
FU 16 25 0
FU 16 27 0
FU 16 34 0
FU 16 37 0
FU 16 40 0
FU 16 41 39
FU 16 42 865
FU 16 48 0
FU 16 50 0
FU 17 16 6
FU 18 1 0
FU 18 3 0
FU 18 4 47
FU 18 5 0
FU 18 7 0
FU 18 8 0
FU 18 9 124
FU 18 10 0
FU 18 12 0
FU 18 13 0
FU 18 23 0
FU 18 26 109
FU 18 30 0
FU 18 31 0
FU 18 35 0
FU 18 36 0
FU 18 38 334
FU 18 39 49
FU 18 40 0
FU 18 41 94
FU 18 44 100
FU 18 46 98
FU 18 49 0
FU 19 1 0
FU 19 3 0
FU 19 7 0
FU 19 8 0
FU 19 11 140
FU 19 12 0
FU 19 13 0
FU 19 16 0
FU 19 20 0
FU 19 21 71
FU 19 23 0
FU 19 34 0
FU 19 40 0
FU 19 41 71
FU 19 42 38
FU 20 1 0
FU 20 3 0
FU 20 6 115
FU 20 7 0
FU 20 8 0
FU 20 11 187
FU 20 12 0
FU 20 13 0
FU 20 16 0
FU 20 17 101
FU 20 19 0
FU 20 21 62
FU 20 23 0
FU 20 25 0
FU 20 34 0
FU 20 40 0
FU 20 41 45
FU 20 42 9
FU 21 8 0
FU 21 25 0
FU 21 34 0
FU 21 42 41
FU 22 4 42
FU 22 10 0
FU 22 26 92
FU 22 30 0
FU 22 35 0
FU 22 36 0
FU 22 39 45
FU 22 40 0
FU 22 41 37
FU 23 1 0
FU 23 2 0
FU 23 4 67
FU 23 5 0
FU 23 6 43
FU 23 8 0
FU 23 9 42
FU 23 10 0
FU 23 11 101
FU 23 12 0
FU 23 13 0
FU 23 14 110
FU 23 16 2
FU 23 17 48
FU 23 18 0
FU 23 19 0
FU 23 20 0
FU 23 21 57
FU 23 22 97
FU 23 25 0
FU 23 26 62
FU 23 27 0
FU 23 30 0
FU 23 31 0
FU 23 33 0
FU 23 34 0
FU 23 37 0
FU 23 40 0
FU 23 41 26
FU 23 42 36
FU 23 43 0
FU 23 44 120
FU 23 48 0
FU 23 50 0
FU 24 1 0
FU 24 3 0
FU 24 4 43
FU 24 5 0
FU 24 7 0
FU 24 8 0
FU 24 9 128
FU 24 26 55
FU 24 30 0
FU 24 35 0
FU 24 36 0
FU 24 38 139
FU 24 39 37
FU 24 41 23
FU 24 46 76
FU 24 49 0
FU 25 1 0
FU 25 3 0
FU 25 7 4
FU 25 8 0
FU 25 11 73
FU 25 12 0
FU 25 13 0
FU 25 16 0
FU 25 20 0
FU 25 21 122
FU 25 23 0
FU 25 34 0
FU 25 40 0
FU 25 41 27
FU 25 42 29
FU 27 2 986
FU 27 5 0
FU 27 6 82
FU 27 8 0
FU 27 10 988
FU 27 12 0
FU 27 13 0
FU 27 14 60
FU 27 16 1044
FU 27 23 0
FU 27 26 55
FU 27 30 0
FU 27 31 0
FU 27 37 0
FU 27 40 0
FU 27 41 59
FU 27 44 159
FU 27 48 1996
FU 27 50 1989
FU 30 1 437
FU 30 2 1001
FU 30 3 1967
FU 30 4 68
FU 30 5 1990
FU 30 6 93
FU 30 7 1001
FU 30 8 701
FU 30 9 91
FU 30 10 985
FU 30 12 1040
FU 30 13 1037
FU 30 14 255
FU 30 17 65
FU 30 18 408
FU 30 22 56
FU 30 23 0
FU 30 24 408
FU 30 26 84
FU 30 27 1998
FU 30 31 0
FU 30 33 1043
FU 30 35 0
FU 30 36 865
FU 30 37 0
FU 30 39 944
FU 30 40 0
FU 30 41 38
FU 30 43 0
FU 30 44 120
FU 31 2 0
FU 31 5 0
FU 31 6 54
FU 31 8 0
FU 31 9 46
FU 31 10 0
FU 31 12 0
FU 31 13 0
FU 31 14 81
FU 31 17 157
FU 31 18 0
FU 31 22 106
FU 31 23 0
FU 31 26 56
FU 31 27 0
FU 31 30 0
FU 31 33 0
FU 31 37 0
FU 31 40 0
FU 31 41 28
FU 31 43 0
FU 31 44 138
FU 31 50 0
FU 33 1 0
FU 33 3 0
FU 33 4 40
FU 33 5 0
FU 33 7 0
FU 33 8 0
FU 33 9 65
FU 33 10 0
FU 33 12 0
FU 33 13 0
FU 33 23 0
FU 33 26 34
FU 33 30 0
FU 33 31 1988
FU 33 35 0
FU 33 36 0
FU 33 38 234
FU 33 39 40
FU 33 40 0
FU 33 41 57
FU 33 44 214
FU 33 46 82
FU 33 49 0
FU 34 1 0
FU 34 3 0
FU 34 6 90
FU 34 7 7
FU 34 8 0
FU 34 11 106
FU 34 12 0
FU 34 13 0
FU 34 16 0
FU 34 17 152
FU 34 19 0
FU 34 20 0
FU 34 21 133
FU 34 23 0
FU 34 25 0
FU 34 40 0
FU 34 41 124
FU 34 42 46
FU 35 1 992
FU 35 3 29
FU 35 4 457
FU 35 5 8
FU 35 7 9
FU 35 8 70
FU 35 9 305
FU 35 17 112
FU 35 18 689
FU 35 22 207
FU 35 24 735
FU 35 26 76
FU 35 30 1999
FU 35 33 956
FU 35 36 752
FU 35 38 209
FU 35 39 296
FU 35 41 273
FU 35 43 4
FU 35 46 654
FU 35 49 991
FU 35 0 2000
FU 36 1 0
FU 36 3 0
FU 36 4 66
FU 36 5 0
FU 36 6 191
FU 36 7 0
FU 36 8 0
FU 36 9 39
FU 36 17 45
FU 36 18 437
FU 36 22 120
FU 36 24 472
FU 36 26 41
FU 36 30 0
FU 36 33 0
FU 36 35 0
FU 36 38 285
FU 36 39 68
FU 36 41 42
FU 36 42 44
FU 36 43 0
FU 36 46 73
FU 36 49 0
FU 37 2 1
FU 37 5 0
FU 37 8 8
FU 37 10 1
FU 37 11 106
FU 37 12 2
FU 37 13 2
FU 37 14 88
FU 37 16 6
FU 37 23 0
FU 37 26 114
FU 37 27 0
FU 37 30 0
FU 37 31 0
FU 37 40 0
FU 37 41 91
FU 37 44 102
FU 37 48 0
FU 37 50 1
FU 39 4 34
FU 39 9 69
FU 39 13 926
FU 39 18 459
FU 39 22 59
FU 39 24 384
FU 39 26 84
FU 39 30 0
FU 39 33 0
FU 39 36 376
FU 39 41 63
FU 39 46 225
FU 40 1 0
FU 40 2 0
FU 40 3 0
FU 40 4 146
FU 40 5 0
FU 40 6 82
FU 40 7 0
FU 40 8 2
FU 40 9 74
FU 40 10 2
FU 40 11 252
FU 40 12 0
FU 40 13 0
FU 40 14 82
FU 40 16 0
FU 40 17 134
FU 40 18 0
FU 40 19 0
FU 40 20 0
FU 40 21 193
FU 40 22 162
FU 40 23 0
FU 40 25 0
FU 40 26 51
FU 40 27 0
FU 40 30 0
FU 40 31 1
FU 40 33 0
FU 40 34 0
FU 40 37 0
FU 40 41 25
FU 40 42 16
FU 40 43 0
FU 40 44 72
FU 40 48 0
FU 40 50 0
FU 41 1 0
FU 41 4 38
FU 41 5 0
FU 41 9 116
FU 41 10 0
FU 41 12 0
FU 41 13 0
FU 41 16 0
FU 41 18 0
FU 41 21 117
FU 41 22 127
FU 41 24 0
FU 41 25 0
FU 41 26 109
FU 41 27 0
FU 41 33 0
FU 41 34 0
FU 41 35 0
FU 41 36 0
FU 41 39 27
FU 41 40 0
FU 41 42 33
FU 42 8 0
FU 42 9 92
FU 42 12 928
FU 42 13 2
FU 42 16 1
FU 42 21 203
FU 42 25 0
FU 42 34 0
FU 43 1 0
FU 43 3 0
FU 43 4 28
FU 43 5 0
FU 43 7 0
FU 43 8 0
FU 43 9 86
FU 43 10 0
FU 43 12 0
FU 43 13 0
FU 43 23 0
FU 43 26 50
FU 43 30 0
FU 43 31 0
FU 43 35 0
FU 43 36 0
FU 43 38 269
FU 43 39 61
FU 43 40 0
FU 43 41 42
FU 43 44 134
FU 43 46 60
FU 43 49 0
FU 46 8 547
FU 48 2 0
FU 48 12 0
FU 48 13 2
FU 48 14 171
FU 48 16 1
FU 48 23 0
FU 48 27 0
FU 48 37 0
FU 48 40 0
FU 48 50 0
FU 49 1 0
FU 49 3 0
FU 49 4 92
FU 49 6 114
FU 49 7 0
FU 49 8 669
FU 49 9 43
FU 49 13 0
FU 49 17 90
FU 49 18 0
FU 49 22 110
FU 49 24 0
FU 49 26 131
FU 49 33 0
FU 49 35 0
FU 49 36 0
FU 49 38 231
FU 49 39 29
FU 49 41 56
FU 49 42 57
FU 49 43 0
FU 49 46 108
FU 50 2 0
FU 50 5 0
FU 50 8 0
FU 50 10 1
FU 50 12 0
FU 50 13 1
FU 50 14 99
FU 50 16 1
FU 50 23 0
FU 50 27 0
FU 50 31 1
FU 50 37 0
FU 50 40 0
FU 50 44 90
FU 50 48 1
