Nodes: 41
Arcs: 538
Terminals_rem: 3
Nodes_rem: 5
Arcs_rem: 130
First LB: 4
LB: 4
Iter. LB: 0
First UB: 13
UB: 6
Iter. UB: 80
gap: 33.3333
BM. Time: 0
Runtime: 112
FL 0 34 10
FL 0 7 19
FL 0 37 8
FL 0 13 1
FL 0 33 24
FL 0 15 0
FL 0 3 0
FL 0 27 21
FL 0 24 18
FL 0 10 11
FL 0 31 4
FL 0 40 2000
FL 0 36 13
FL 0 1 2000
FL 0 6 17
FL 0 32 10
FL 0 38 2000
FL 0 2 18
FL 0 30 29
FL 0 11 3
FL 0 22 2820
FL 0 5 8
FL 0 8 452
FL 0 9 780
FL 0 12 19
FL 0 14 2000
FL 0 16 144
FL 0 17 2000
FL 0 18 171
FL 0 19 45
FL 0 20 41
FL 0 21 308
FL 0 23 577
FL 0 25 97
FL 0 26 150
FL 0 28 82
FL 0 29 1
FL 0 35 808
FL 0 39 609
FL 2 5 4
FL 2 6 2
FL 2 7 3
FL 2 9 68
FL 2 18 15
FL 2 19 3
FL 2 20 4
FL 2 22 1
FL 2 23 112
FL 2 24 0
FL 2 30 5
FL 2 39 98
FL 3 4 0
FL 3 5 5029
FL 3 11 560
FL 3 13 11062
FL 3 15 279
FL 3 16 263
FL 3 25 2190
FL 3 26 136
FL 3 28 147
FL 3 31 209
FL 4 3 21874
FL 4 11 884
FL 4 15 683
FL 4 16 1640
FL 4 25 1310
FL 4 26 2841
FL 4 28 2544
FL 4 29 28204
FL 4 31 702
FL 4 0 17318
FL 5 2 1043
FL 5 3 0
FL 5 8 1955
FL 5 9 98
FL 5 10 2411
FL 5 13 1
FL 5 15 206
FL 5 16 33
FL 5 18 23
FL 5 22 1
FL 5 26 50
FL 5 28 26
FL 5 31 86
FL 5 33 117
FL 5 36 870
FL 6 2 3
FL 6 7 1
FL 6 9 69
FL 6 18 12
FL 6 19 3
FL 6 20 2
FL 6 22 1
FL 6 23 118
FL 6 30 3
FL 6 34 3
FL 6 37 3
FL 6 39 159
FL 7 2 3
FL 7 6 1
FL 7 8 68
FL 7 9 37
FL 7 10 3
FL 7 18 8
FL 7 19 4
FL 7 22 0
FL 7 23 95
FL 7 24 0
FL 7 30 4
FL 7 34 3
FL 7 36 2
FL 7 37 2
FL 7 39 115
FL 8 5 4
FL 8 7 3
FL 8 9 169
FL 8 10 2
FL 8 13 0
FL 8 21 391
FL 8 22 0
FL 8 30 1192
FL 8 32 1
FL 8 37 1
FL 9 2 3
FL 9 5 3
FL 9 6 3
FL 9 7 4
FL 9 8 133
FL 9 10 2
FL 9 13 0
FL 9 15 0
FL 9 18 14
FL 9 19 5
FL 9 20 5
FL 9 22 0
FL 9 23 209
FL 9 27 4
FL 9 30 4
FL 9 32 0
FL 9 33 4
FL 9 34 3
FL 9 35 172
FL 9 37 4
FL 9 39 69
FL 10 5 2
FL 10 7 1
FL 10 8 62
FL 10 9 70
FL 10 12 0
FL 10 13 0
FL 10 20 3
FL 10 21 313
FL 10 22 0
FL 10 24 0
FL 10 30 3
FL 10 32 0
FL 10 36 2
FL 10 37 2
FL 11 3 0
FL 11 4 0
FL 11 15 4
FL 11 16 92
FL 11 26 139
FL 11 28 33
FL 11 31 105
FL 12 13 0
FL 12 21 322
FL 12 32 2523
FL 13 3 0
FL 13 5 11
FL 13 8 352
FL 13 9 162
FL 13 10 8
FL 13 12 4826
FL 13 15 148
FL 13 22 2
FL 13 24 2674
FL 13 26 108
FL 13 31 109
FL 13 33 658
FL 13 36 9
FL 15 3 0
FL 15 4 0
FL 15 5 3
FL 15 9 118
FL 15 11 0
FL 15 13 0
FL 15 16 20
FL 15 18 4
FL 15 22 1
FL 15 25 17
FL 15 26 50
FL 15 27 152
FL 15 28 83
FL 15 29 0
FL 15 31 2
FL 15 33 0
FL 15 35 129
FL 15 36 2
FL 16 3 0
FL 16 4 0
FL 16 5 3068
FL 16 15 154
FL 16 18 1
FL 16 25 73
FL 16 26 67
FL 16 27 188
FL 16 28 92
FL 16 29 0
FL 16 31 133
FL 16 33 283
FL 16 35 93
FL 18 2 1214
FL 18 5 6
FL 18 6 2325
FL 18 7 2287
FL 18 9 90
FL 18 15 57
FL 18 16 49
FL 18 19 4548
FL 18 20 4409
FL 18 23 261
FL 18 25 45
FL 18 26 36
FL 18 27 173
FL 18 29 0
FL 18 30 1250
FL 18 33 131
FL 18 35 243
FL 18 39 198
FL 19 2 3
FL 19 6 2
FL 19 7 2
FL 19 9 60
FL 19 18 13
FL 19 20 3
FL 19 23 223
FL 19 30 4
FL 19 34 2260
FL 19 39 69
FL 20 2 2
FL 20 6 3
FL 20 10 3
FL 20 18 12
FL 20 19 6
FL 20 22 0
FL 20 23 138
FL 20 24 0
FL 20 30 4
FL 20 37 2165
FL 20 39 165
FL 22 2 6
FL 22 5 4
FL 22 6 3
FL 22 7 5
FL 22 8 158
FL 22 9 103
FL 22 10 3
FL 22 13 0
FL 22 15 0
FL 22 18 17
FL 22 19 5
FL 22 20 6
FL 22 23 241
FL 22 24 0
FL 22 28 54
FL 22 30 5
FL 22 36 4
FL 22 39 217
FL 23 2 6
FL 23 6 7
FL 23 7 4
FL 23 18 50
FL 23 19 7
FL 23 20 6
FL 23 22 1
FL 23 30 5
FL 23 34 3
FL 23 39 371
FL 24 2 3
FL 24 7 2
FL 24 8 56
FL 24 9 95
FL 24 10 3
FL 24 12 0
FL 24 13 0
FL 24 20 3
FL 24 21 385
FL 24 22 1
FL 24 30 4
FL 24 32 1
FL 24 34 3
FL 24 36 2
FL 24 37 2
FL 24 39 132
FL 25 3 1
FL 25 4 0
FL 25 15 81
FL 25 16 32
FL 25 18 1
FL 25 26 71
FL 25 27 260
FL 25 28 67
FL 25 29 0
FL 25 31 1439
FL 25 33 190
FL 25 35 218
FL 26 3 0
FL 26 4 0
FL 26 5 761
FL 26 11 268
FL 26 15 136
FL 26 16 94
FL 26 18 32
FL 26 25 62
FL 26 27 387
FL 26 28 124
FL 26 29 0
FL 26 31 150
FL 26 33 165
FL 27 9 43
FL 27 15 120
FL 27 16 40
FL 27 18 10
FL 27 25 83
FL 27 26 78
FL 27 28 33
FL 27 29 0
FL 27 33 123
FL 27 35 183
FL 28 3 0
FL 28 4 0
FL 28 5 6
FL 28 11 372
FL 28 15 92
FL 28 16 53
FL 28 25 55
FL 28 26 69
FL 28 27 207
FL 28 29 0
FL 28 31 250
FL 28 33 180
FL 28 36 787
FL 29 4 0
FL 29 15 286
FL 29 16 3550
FL 29 18 18835
FL 29 25 173
FL 29 26 244
FL 29 27 676
FL 29 28 598
FL 29 33 584
FL 29 35 1259
FL 30 2 3
FL 30 6 3
FL 30 7 3
FL 30 8 130
FL 30 9 51
FL 30 10 3
FL 30 18 16
FL 30 19 4
FL 30 20 4
FL 30 22 1
FL 30 23 161
FL 30 24 0
FL 30 34 3
FL 30 37 3
FL 30 39 138
FL 31 3 0
FL 31 4 0
FL 31 5 4
FL 31 11 286
FL 31 13 2
FL 31 15 94
FL 31 16 25
FL 31 25 49
FL 31 26 79
FL 31 28 45
FL 31 36 606
FL 32 8 202
FL 32 9 46
FL 32 10 3
FL 32 12 0
FL 32 21 281
FL 32 24 0
FL 32 37 4
FL 33 5 3
FL 33 9 60
FL 33 13 1
FL 33 15 62
FL 33 16 27
FL 33 18 10
FL 33 25 111
FL 33 26 61
FL 33 27 211
FL 33 28 50
FL 33 29 0
FL 33 35 130
FL 34 6 1
FL 34 7 1
FL 34 9 40
FL 34 19 2
FL 34 23 143
FL 34 24 0
FL 34 30 1
FL 34 37 2
FL 34 39 101
FL 35 9 146
FL 35 15 177
FL 35 16 90
FL 35 18 26
FL 35 25 95
FL 35 27 434
FL 35 29 0
FL 35 33 267
FL 36 5 4
FL 36 7 4
FL 36 8 127
FL 36 9 62
FL 36 10 3
FL 36 12 0
FL 36 13 0
FL 36 15 2
FL 36 22 1
FL 36 24 0
FL 36 28 93
FL 36 31 1
FL 37 6 2
FL 37 7 1
FL 37 8 68
FL 37 9 114
FL 37 10 3
FL 37 20 1
FL 37 24 0
FL 37 30 3
FL 37 32 1
FL 37 34 3
FL 39 2 8
FL 39 6 8
FL 39 7 5
FL 39 9 160
FL 39 18 52
FL 39 19 7
FL 39 20 11
FL 39 22 1
FL 39 23 182
FL 39 24 0
FL 39 30 7
FU 0 34 1
FU 0 7 1
FU 0 37 1
FU 0 13 1
FU 0 33 10
FU 0 15 1
FU 0 3 1
FU 0 27 7
FU 0 24 1
FU 0 10 1
FU 0 31 1
FU 0 40 2000
FU 0 36 3
FU 0 1 2000
FU 0 6 2
FU 0 32 2
FU 0 38 2000
FU 0 2 4
FU 0 30 6
FU 0 11 1
FU 0 22 2000
FU 0 5 2
FU 0 8 177
FU 0 9 351
FU 0 12 8
FU 0 14 2000
FU 0 16 97
FU 0 17 2000
FU 0 18 1
FU 0 19 3
FU 0 20 2
FU 0 21 307
FU 0 23 335
FU 0 25 95
FU 0 26 144
FU 0 28 92
FU 0 29 1
FU 0 35 416
FU 0 39 372
FU 2 5 14
FU 2 6 0
FU 2 7 0
FU 2 9 63
FU 2 18 0
FU 2 19 0
FU 2 20 0
FU 2 22 0
FU 2 23 106
FU 2 24 0
FU 2 30 0
FU 2 39 99
FU 3 4 0
FU 3 5 877
FU 3 11 489
FU 3 13 1998
FU 3 15 196
FU 3 16 119
FU 3 25 669
FU 3 26 108
FU 3 28 141
FU 3 31 215
FU 4 3 1999
FU 4 11 602
FU 4 15 306
FU 4 16 446
FU 4 25 461
FU 4 26 824
FU 4 28 761
FU 4 29 1999
FU 4 31 324
FU 4 0 2000
FU 5 2 993
FU 5 3 0
FU 5 8 894
FU 5 9 92
FU 5 10 1999
FU 5 13 0
FU 5 15 185
FU 5 16 52
FU 5 18 0
FU 5 22 0
FU 5 26 52
FU 5 28 27
FU 5 31 98
FU 5 33 121
FU 5 36 783
FU 6 2 0
FU 6 7 0
FU 6 9 77
FU 6 18 0
FU 6 19 0
FU 6 20 0
FU 6 22 0
FU 6 23 101
FU 6 30 0
FU 6 34 0
FU 6 37 0
FU 6 39 128
FU 7 2 0
FU 7 6 0
FU 7 8 110
FU 7 9 49
FU 7 10 0
FU 7 18 0
FU 7 19 0
FU 7 22 0
FU 7 23 83
FU 7 24 0
FU 7 30 0
FU 7 34 0
FU 7 36 0
FU 7 37 0
FU 7 39 111
FU 8 5 0
FU 8 7 0
FU 8 9 164
FU 8 10 0
FU 8 13 0
FU 8 21 391
FU 8 22 0
FU 8 30 940
FU 8 32 0
FU 8 37 0
FU 9 2 0
FU 9 5 7
FU 9 6 0
FU 9 7 0
FU 9 8 96
FU 9 10 0
FU 9 13 0
FU 9 15 0
FU 9 18 0
FU 9 19 0
FU 9 20 0
FU 9 22 0
FU 9 23 188
FU 9 27 0
FU 9 30 0
FU 9 32 0
FU 9 33 0
FU 9 34 0
FU 9 35 162
FU 9 37 0
FU 9 39 65
FU 10 5 0
FU 10 7 0
FU 10 8 59
FU 10 9 63
FU 10 12 0
FU 10 13 0
FU 10 20 0
FU 10 21 312
FU 10 22 0
FU 10 24 0
FU 10 30 0
FU 10 32 0
FU 10 36 0
FU 10 37 0
FU 11 3 0
FU 11 4 0
FU 11 15 0
FU 11 16 80
FU 11 26 129
FU 11 28 49
FU 11 31 94
FU 12 13 0
FU 12 21 324
FU 12 32 1998
FU 13 3 0
FU 13 5 2
FU 13 8 186
FU 13 9 81
FU 13 10 0
FU 13 12 1992
FU 13 15 128
FU 13 22 0
FU 13 24 1999
FU 13 26 109
FU 13 31 108
FU 13 33 359
FU 13 36 2
FU 15 3 0
FU 15 4 0
FU 15 5 0
FU 15 9 81
FU 15 11 0
FU 15 13 0
FU 15 16 32
FU 15 18 0
FU 15 22 0
FU 15 25 19
FU 15 26 51
FU 15 27 149
FU 15 28 91
FU 15 29 0
FU 15 31 0
FU 15 33 0
FU 15 35 132
FU 15 36 0
FU 16 3 0
FU 16 4 0
FU 16 5 627
FU 16 15 155
FU 16 18 0
FU 16 25 80
FU 16 26 63
FU 16 27 221
FU 16 28 100
FU 16 29 0
FU 16 31 120
FU 16 33 297
FU 16 35 97
FU 18 2 1003
FU 18 5 61
FU 18 6 1998
FU 18 7 1999
FU 18 9 98
FU 18 15 56
FU 18 16 74
FU 18 19 1996
FU 18 20 1997
FU 18 23 212
FU 18 25 61
FU 18 26 39
FU 18 27 148
FU 18 29 0
FU 18 30 1053
FU 18 33 116
FU 18 35 221
FU 18 39 152
FU 19 2 0
FU 19 6 0
FU 19 7 0
FU 19 9 50
FU 19 18 0
FU 19 20 0
FU 19 23 196
FU 19 30 0
FU 19 34 1999
FU 19 39 61
FU 20 2 0
FU 20 6 0
FU 20 10 0
FU 20 18 0
FU 20 19 0
FU 20 22 0
FU 20 23 128
FU 20 24 0
FU 20 30 0
FU 20 37 1999
FU 20 39 167
FU 22 2 0
FU 22 5 0
FU 22 6 0
FU 22 7 0
FU 22 8 84
FU 22 9 87
FU 22 10 0
FU 22 13 0
FU 22 15 0
FU 22 18 0
FU 22 19 0
FU 22 20 0
FU 22 23 199
FU 22 24 0
FU 22 28 66
FU 22 30 0
FU 22 36 0
FU 22 39 184
FU 23 2 0
FU 23 6 0
FU 23 7 0
FU 23 18 0
FU 23 19 0
FU 23 20 0
FU 23 22 0
FU 23 30 0
FU 23 34 0
FU 23 39 323
FU 24 2 0
FU 24 7 0
FU 24 8 56
FU 24 9 88
FU 24 10 0
FU 24 12 0
FU 24 13 0
FU 24 20 0
FU 24 21 384
FU 24 22 0
FU 24 30 0
FU 24 32 0
FU 24 34 0
FU 24 36 0
FU 24 37 0
FU 24 39 116
FU 25 3 0
FU 25 4 0
FU 25 15 62
FU 25 16 23
FU 25 18 0
FU 25 26 65
FU 25 27 245
FU 25 28 68
FU 25 29 0
FU 25 31 659
FU 25 33 192
FU 25 35 162
FU 26 3 0
FU 26 4 0
FU 26 5 391
FU 26 11 283
FU 26 15 122
FU 26 16 113
FU 26 18 0
FU 26 25 97
FU 26 27 240
FU 26 28 109
FU 26 29 0
FU 26 31 134
FU 26 33 123
FU 27 9 45
FU 27 15 131
FU 27 16 26
FU 27 18 0
FU 27 25 70
FU 27 26 68
FU 27 28 50
FU 27 29 0
FU 27 33 93
FU 27 35 148
FU 28 3 0
FU 28 4 0
FU 28 5 0
FU 28 11 358
FU 28 15 97
FU 28 16 25
FU 28 25 72
FU 28 26 65
FU 28 27 145
FU 28 29 0
FU 28 31 247
FU 28 33 153
FU 28 36 664
FU 29 4 0
FU 29 15 245
FU 29 16 750
FU 29 18 1999
FU 29 25 126
FU 29 26 134
FU 29 27 404
FU 29 28 270
FU 29 33 306
FU 29 35 545
FU 30 2 0
FU 30 6 0
FU 30 7 0
FU 30 8 83
FU 30 9 40
FU 30 10 0
FU 30 18 0
FU 30 19 0
FU 30 20 0
FU 30 22 0
FU 30 23 156
FU 30 24 0
FU 30 34 0
FU 30 37 0
FU 30 39 130
FU 31 3 0
FU 31 4 0
FU 31 5 1
FU 31 11 267
FU 31 13 1
FU 31 15 77
FU 31 16 84
FU 31 25 67
FU 31 26 93
FU 31 28 36
FU 31 36 548
FU 32 8 115
FU 32 9 49
FU 32 10 0
FU 32 12 0
FU 32 21 282
FU 32 24 0
FU 32 37 0
FU 33 5 18
FU 33 9 60
FU 33 13 0
FU 33 15 66
FU 33 16 24
FU 33 18 0
FU 33 25 99
FU 33 26 56
FU 33 27 176
FU 33 28 59
FU 33 29 0
FU 33 35 117
FU 34 6 0
FU 34 7 0
FU 34 9 33
FU 34 19 0
FU 34 23 137
FU 34 24 0
FU 34 30 0
FU 34 37 0
FU 34 39 92
FU 35 9 118
FU 35 15 173
FU 35 16 55
FU 35 18 0
FU 35 25 84
FU 35 27 265
FU 35 29 0
FU 35 33 230
FU 36 5 0
FU 36 7 0
FU 36 8 95
FU 36 9 58
FU 36 10 0
FU 36 12 0
FU 36 13 0
FU 36 15 0
FU 36 22 0
FU 36 24 0
FU 36 28 81
FU 36 31 0
FU 37 6 0
FU 37 7 0
FU 37 8 45
FU 37 9 108
FU 37 10 0
FU 37 20 0
FU 37 24 0
FU 37 30 0
FU 37 32 0
FU 37 34 0
FU 39 2 0
FU 39 6 0
FU 39 7 0
FU 39 9 145
FU 39 18 0
FU 39 19 1
FU 39 20 1
FU 39 22 0
FU 39 23 159
FU 39 24 0
FU 39 30 1
