Nodes: 51
Arcs: 596
Terminals_rem: 1
Nodes_rem: 4
Arcs_rem: 122
First LB: 1
LB: 1
Iter. LB: 0
First UB: 23
UB: 10
Iter. UB: 254
gap: 90
BM. Time: 0
Runtime: 230
FL 0 1 24
FL 0 6 13
FL 0 32 11
FL 0 9 14
FL 0 19 5
FL 0 5 9
FL 0 8 6
FL 0 40 36
FL 0 14 21
FL 0 36 53
FL 0 4 17
FL 0 33 5
FL 0 12 26
FL 0 16 28
FL 0 27 4
FL 0 44 1
FL 0 10 34
FL 0 2 60
FL 0 21 8
FL 0 25 65
FL 0 30 0
FL 0 39 30
FL 0 3 32
FL 0 38 18
FL 0 43 28
FL 0 41 2000
FL 0 34 39
FL 0 7 70
FL 0 11 177
FL 0 13 1
FL 0 15 1149
FL 0 17 729
FL 0 18 303
FL 0 20 374
FL 0 22 1132
FL 0 23 285
FL 0 24 491
FL 0 28 604
FL 0 29 487
FL 0 31 157
FL 0 35 2000
FL 0 37 1511
FL 0 42 457
FL 0 45 429
FL 0 46 13
FL 0 47 2000
FL 0 48 2000
FL 0 49 477
FL 0 50 261
FL 1 2 9
FL 1 5 4
FL 1 6 9
FL 1 10 5
FL 1 11 81
FL 1 12 4
FL 1 13 0
FL 1 14 3
FL 1 15 30
FL 1 17 80
FL 1 23 223
FL 1 25 10
FL 1 28 14
FL 1 31 136
FL 1 37 19
FL 1 40 237
FL 1 43 9
FL 1 45 192
FL 1 49 25
FL 2 1 4
FL 2 5 1
FL 2 10 3
FL 2 11 107
FL 2 12 2
FL 2 14 3
FL 2 15 44
FL 2 17 105
FL 2 25 21
FL 2 28 20
FL 2 31 172
FL 2 37 7
FL 2 43 16
FL 2 45 195
FL 3 7 1
FL 3 9 2
FL 3 16 10
FL 3 18 227
FL 3 20 389
FL 3 32 4
FL 3 38 2
FL 3 42 588
FL 3 50 213
FL 4 5 338
FL 4 6 147
FL 4 8 14
FL 4 10 220
FL 4 12 48
FL 4 15 9
FL 4 17 99
FL 4 25 10494
FL 4 28 6
FL 4 31 107
FL 4 43 380
FL 4 45 226
FL 4 49 38
FL 5 1 177
FL 5 2 646
FL 5 4 12
FL 5 6 162
FL 5 10 71
FL 5 11 105
FL 5 12 146
FL 5 13 0
FL 5 14 80
FL 5 17 67
FL 5 31 148
FL 5 37 14
FL 5 43 181
FL 5 45 117
FL 5 49 33
FL 6 1 534
FL 6 4 148
FL 6 5 934
FL 6 8 203
FL 6 10 1081
FL 6 11 235
FL 6 12 672
FL 6 13 1
FL 6 14 1703
FL 6 17 393
FL 6 24 463
FL 6 26 0
FL 6 29 465
FL 6 30 378
FL 6 31 130
FL 6 37 648
FL 6 43 994
FL 6 44 476
FL 6 49 1400
FL 7 3 3392
FL 7 38 2904
FL 8 4 11925
FL 8 6 551
FL 8 11 287
FL 8 13 7
FL 8 24 709
FL 8 26 0
FL 8 29 667
FL 8 30 870
FL 8 44 829
FL 8 49 8316
FL 9 3 2
FL 9 7 3
FL 9 16 3
FL 9 18 367
FL 9 25 4
FL 9 38 3
FL 9 50 333
FL 10 1 168
FL 10 2 633
FL 10 4 14
FL 10 5 143
FL 10 6 179
FL 10 11 97
FL 10 12 30
FL 10 13 0
FL 10 14 108
FL 10 15 76
FL 10 17 133
FL 10 23 246
FL 10 25 16
FL 10 28 19
FL 10 31 143
FL 10 37 34
FL 10 43 208
FL 10 45 85
FL 10 49 37
FL 11 1 70
FL 11 2 105
FL 11 5 36
FL 11 6 49
FL 11 8 46
FL 11 10 43
FL 11 12 27
FL 11 13 0
FL 11 15 357
FL 11 17 49
FL 11 22 700
FL 11 28 17
FL 11 29 232
FL 11 31 88
FL 11 34 37
FL 11 36 1213
FL 11 37 16
FL 11 40 227
FL 11 43 150
FL 11 44 143
FL 11 49 31
FL 12 1 140
FL 12 2 3
FL 12 4 6
FL 12 5 92
FL 12 6 178
FL 12 10 2
FL 12 11 192
FL 12 13 0
FL 12 14 0
FL 12 15 48
FL 12 17 42
FL 12 25 8
FL 12 28 17
FL 12 31 152
FL 12 37 7
FL 12 43 213
FL 12 45 223
FL 12 49 29
FL 13 1 288
FL 13 5 1364
FL 13 6 151
FL 13 8 344
FL 13 10 1078
FL 13 11 129
FL 13 12 730
FL 13 14 250
FL 13 15 2213
FL 13 17 1503
FL 13 22 86
FL 13 23 166
FL 13 24 511
FL 13 26 0
FL 13 28 23273
FL 13 29 392
FL 13 30 868
FL 13 31 162
FL 13 34 212
FL 13 36 822
FL 13 37 963
FL 13 40 647
FL 13 43 6006
FL 13 44 854
FL 13 49 98
FL 14 1 1
FL 14 2 3
FL 14 5 54
FL 14 6 160
FL 14 7 8
FL 14 10 64
FL 14 12 0
FL 14 13 0
FL 14 15 28
FL 14 16 2331
FL 14 17 71
FL 14 25 11
FL 14 28 14
FL 14 31 171
FL 14 37 9
FL 14 43 207
FL 14 45 97
FL 14 49 26
FL 15 1 227
FL 15 10 96
FL 15 11 110
FL 15 12 114
FL 15 13 0
FL 15 14 93
FL 15 28 30
FL 15 34 489
FL 15 36 632
FL 15 37 21
FL 15 39 392
FL 15 40 450
FL 15 43 201
FL 15 49 38
FL 16 3 4
FL 16 7 5
FL 16 9 4
FL 16 14 0
FL 16 18 355
FL 16 20 377
FL 16 25 12
FL 16 32 3
FL 16 42 467
FL 16 50 315
FL 17 2 546
FL 17 4 10
FL 17 5 66
FL 17 6 142
FL 17 10 138
FL 17 12 174
FL 17 13 0
FL 17 14 92
FL 17 37 22
FL 17 43 161
FL 17 45 182
FL 17 49 57
FL 19 21 2000
FL 19 22 101
FL 19 27 0
FL 19 33 0
FL 19 34 1
FL 19 36 72
FL 19 39 2
FL 19 46 1
FL 21 19 3
FL 21 27 4
FL 21 38 4
FL 22 11 93
FL 22 13 0
FL 22 15 72
FL 22 19 353
FL 22 28 33
FL 22 34 516
FL 22 36 239
FL 22 37 53
FL 22 39 87
FL 22 40 291
FL 24 6 159
FL 24 8 15
FL 24 13 0
FL 25 1 71
FL 25 2 449
FL 25 4 2
FL 25 7 7
FL 25 9 2691
FL 25 10 52
FL 25 12 120
FL 25 14 73
FL 25 16 1159
FL 25 18 300
FL 25 20 474
FL 25 28 11
FL 25 32 2483
FL 25 42 495
FL 25 45 133
FL 25 50 305
FL 26 6 9886
FL 26 8 25321
FL 26 13 45099
FL 26 0 17694
FL 27 19 1
FL 27 21 0
FL 27 33 4
FL 27 46 4
FL 28 1 122
FL 28 4 8
FL 28 7 8199
FL 28 10 60
FL 28 11 134
FL 28 12 142
FL 28 13 0
FL 28 14 36
FL 28 15 28
FL 28 22 1153
FL 28 25 148
FL 28 31 142
FL 28 34 850
FL 28 36 381
FL 28 37 16
FL 28 39 10194
FL 28 40 176
FL 28 43 187
FL 28 45 288
FL 29 6 126
FL 29 8 19
FL 29 11 98
FL 29 13 0
FL 30 6 87
FL 30 8 29
FL 30 13 0
FL 32 3 2
FL 32 7 1
FL 32 16 4
FL 32 18 207
FL 32 25 5
FL 32 38 2
FL 32 50 284
FL 33 19 1
FL 33 27 1
FL 33 36 52
FL 33 39 4
FL 33 46 1
FL 34 11 113
FL 34 13 0
FL 34 15 29
FL 34 19 2
FL 34 22 116
FL 34 23 283
FL 34 28 22
FL 34 36 152
FL 34 37 18
FL 34 39 80
FL 34 40 193
FL 36 11 83
FL 36 13 0
FL 36 15 42
FL 36 19 261
FL 36 22 110
FL 36 23 170
FL 36 28 22
FL 36 33 1002
FL 36 34 2
FL 36 37 4
FL 36 39 42
FL 36 40 119
FL 36 46 598
FL 37 1 260
FL 37 5 93
FL 37 6 90
FL 37 10 277
FL 37 11 228
FL 37 12 193
FL 37 13 0
FL 37 14 126
FL 37 15 63
FL 37 17 61
FL 37 22 117
FL 37 23 220
FL 37 28 13
FL 37 31 109
FL 37 34 609
FL 37 36 342
FL 37 40 421
FL 37 43 161
FL 37 49 39
FL 38 3 4
FL 38 7 2
FL 38 9 4
FL 38 18 241
FL 38 20 386
FL 38 21 3
FL 38 32 4
FL 38 50 293
FL 39 15 121
FL 39 19 3551
FL 39 22 104
FL 39 28 20
FL 39 33 1048
FL 39 34 173
FL 39 36 182
FL 39 40 237
FL 39 46 3443
FL 40 1 123
FL 40 11 109
FL 40 13 0
FL 40 15 22
FL 40 22 118
FL 40 23 255
FL 40 28 19
FL 40 34 80
FL 40 36 255
FL 40 37 5
FL 40 39 48
FL 42 16 7
FL 43 1 45
FL 43 2 246
FL 43 4 1944
FL 43 5 231
FL 43 6 523
FL 43 10 189
FL 43 11 3028
FL 43 12 51
FL 43 13 2
FL 43 14 85
FL 43 15 38
FL 43 17 47
FL 43 28 18
FL 43 31 72
FL 43 37 474
FL 43 45 109
FL 44 6 95
FL 44 8 102
FL 44 11 106
FL 44 13 0
FL 45 4 18
FL 45 5 135
FL 45 25 31
FL 45 28 92
FL 46 27 2000
FL 46 36 60
FL 49 1 836
FL 49 4 22
FL 49 5 459
FL 49 6 151
FL 49 8 62
FL 49 10 956
FL 49 11 124
FL 49 12 873
FL 49 13 0
FL 49 14 2582
FL 49 15 524
FL 49 17 211
FL 49 23 152
FL 49 31 111
FL 49 37 1581
FL 50 38 4
FU 0 1 6
FU 0 6 7
FU 0 32 6
FU 0 9 7
FU 0 19 2
FU 0 5 2
FU 0 8 2
FU 0 40 13
FU 0 14 8
FU 0 36 12
FU 0 4 1
FU 0 33 2
FU 0 12 6
FU 0 16 5
FU 0 27 1
FU 0 44 1
FU 0 10 11
FU 0 2 19
FU 0 21 1
FU 0 25 1
FU 0 30 1
FU 0 39 9
FU 0 3 3
FU 0 38 2
FU 0 43 8
FU 0 41 2000
FU 0 34 11
FU 0 7 4
FU 0 11 53
FU 0 13 2
FU 0 15 381
FU 0 17 320
FU 0 18 305
FU 0 20 373
FU 0 22 476
FU 0 23 282
FU 0 24 468
FU 0 28 31
FU 0 29 477
FU 0 31 152
FU 0 35 2000
FU 0 37 397
FU 0 42 448
FU 0 45 247
FU 0 46 12
FU 0 47 2000
FU 0 48 2000
FU 0 49 183
FU 0 50 255
FU 1 2 0
FU 1 5 0
FU 1 6 0
FU 1 10 0
FU 1 11 23
FU 1 12 0
FU 1 13 0
FU 1 14 0
FU 1 15 39
FU 1 17 71
FU 1 23 221
FU 1 25 0
FU 1 28 0
FU 1 31 138
FU 1 37 45
FU 1 40 174
FU 1 43 1
FU 1 45 197
FU 1 49 34
FU 2 1 0
FU 2 5 0
FU 2 10 0
FU 2 11 111
FU 2 12 0
FU 2 14 0
FU 2 15 38
FU 2 17 120
FU 2 25 0
FU 2 28 1
FU 2 31 179
FU 2 37 55
FU 2 43 0
FU 2 45 204
FU 3 7 0
FU 3 9 1
FU 3 16 8
FU 3 18 224
FU 3 20 388
FU 3 32 1
FU 3 38 0
FU 3 42 589
FU 3 50 219
FU 4 5 194
FU 4 6 64
FU 4 8 19
FU 4 10 111
FU 4 12 51
FU 4 15 34
FU 4 17 92
FU 4 25 1988
FU 4 28 0
FU 4 31 101
FU 4 43 227
FU 4 45 200
FU 4 49 75
FU 5 1 157
FU 5 2 438
FU 5 4 13
FU 5 6 198
FU 5 10 56
FU 5 11 53
FU 5 12 125
FU 5 13 0
FU 5 14 56
FU 5 17 84
FU 5 31 145
FU 5 37 28
FU 5 43 54
FU 5 45 120
FU 5 49 41
FU 6 1 265
FU 6 4 19
FU 6 5 346
FU 6 8 51
FU 6 10 371
FU 6 11 36
FU 6 12 322
FU 6 13 0
FU 6 14 485
FU 6 17 221
FU 6 24 440
FU 6 26 0
FU 6 29 406
FU 6 30 360
FU 6 31 135
FU 6 37 233
FU 6 43 104
FU 6 44 423
FU 6 49 344
FU 7 3 1997
FU 7 38 1998
FU 8 4 1616
FU 8 6 119
FU 8 11 45
FU 8 13 0
FU 8 24 587
FU 8 26 0
FU 8 29 515
FU 8 30 796
FU 8 44 684
FU 8 49 924
FU 9 3 0
FU 9 7 0
FU 9 16 0
FU 9 18 369
FU 9 25 0
FU 9 38 0
FU 9 50 333
FU 10 1 128
FU 10 2 455
FU 10 4 0
FU 10 5 114
FU 10 6 132
FU 10 11 13
FU 10 12 17
FU 10 13 0
FU 10 14 85
FU 10 15 77
FU 10 17 123
FU 10 23 247
FU 10 25 0
FU 10 28 0
FU 10 31 135
FU 10 37 48
FU 10 43 131
FU 10 45 78
FU 10 49 57
FU 11 1 66
FU 11 2 101
FU 11 5 45
FU 11 6 34
FU 11 8 37
FU 11 10 97
FU 11 12 52
FU 11 13 0
FU 11 15 130
FU 11 17 59
FU 11 22 249
FU 11 28 0
FU 11 29 230
FU 11 31 89
FU 11 34 52
FU 11 36 294
FU 11 37 29
FU 11 40 143
FU 11 43 54
FU 11 44 137
FU 11 49 39
FU 12 1 124
FU 12 2 0
FU 12 4 0
FU 12 5 128
FU 12 6 184
FU 12 10 0
FU 12 11 217
FU 12 13 0
FU 12 14 0
FU 12 15 55
FU 12 17 44
FU 12 25 0
FU 12 28 0
FU 12 31 162
FU 12 37 21
FU 12 43 257
FU 12 45 223
FU 12 49 44
FU 13 1 181
FU 13 5 500
FU 13 6 47
FU 13 8 69
FU 13 10 357
FU 13 11 34
FU 13 12 398
FU 13 14 158
FU 13 15 612
FU 13 17 556
FU 13 22 95
FU 13 23 167
FU 13 24 505
FU 13 26 0
FU 13 28 1965
FU 13 29 372
FU 13 30 843
FU 13 31 165
FU 13 34 190
FU 13 36 350
FU 13 37 276
FU 13 40 341
FU 13 43 449
FU 13 44 755
FU 13 49 58
FU 14 1 0
FU 14 2 0
FU 14 5 83
FU 14 6 194
FU 14 7 1
FU 14 10 61
FU 14 12 0
FU 14 13 0
FU 14 15 33
FU 14 16 991
FU 14 17 74
FU 14 25 0
FU 14 28 0
FU 14 31 166
FU 14 37 29
FU 14 43 339
FU 14 45 96
FU 14 49 47
FU 15 1 170
FU 15 10 75
FU 15 11 62
FU 15 12 103
FU 15 13 0
FU 15 14 85
FU 15 28 0
FU 15 34 311
FU 15 36 256
FU 15 37 19
FU 15 39 91
FU 15 40 260
FU 15 43 152
FU 15 49 48
FU 16 3 0
FU 16 7 0
FU 16 9 1
FU 16 14 0
FU 16 18 354
FU 16 20 375
FU 16 25 0
FU 16 32 0
FU 16 42 466
FU 16 50 313
FU 17 2 390
FU 17 4 0
FU 17 5 68
FU 17 6 57
FU 17 10 111
FU 17 12 157
FU 17 13 0
FU 17 14 90
FU 17 37 49
FU 17 43 79
FU 17 45 180
FU 17 49 63
FU 19 21 1999
FU 19 22 111
FU 19 27 0
FU 19 33 0
FU 19 34 0
FU 19 36 120
FU 19 39 0
FU 19 46 0
FU 21 19 0
FU 21 27 0
FU 21 38 0
FU 22 11 49
FU 22 13 0
FU 22 15 70
FU 22 19 174
FU 22 28 0
FU 22 34 330
FU 22 36 111
FU 22 37 53
FU 22 39 49
FU 22 40 193
FU 24 6 52
FU 24 8 5
FU 24 13 0
FU 25 1 72
FU 25 2 406
FU 25 4 0
FU 25 7 0
FU 25 9 1990
FU 25 10 67
FU 25 12 154
FU 25 14 74
FU 25 16 996
FU 25 18 303
FU 25 20 476
FU 25 28 0
FU 25 32 1992
FU 25 42 497
FU 25 45 137
FU 25 50 304
FU 26 6 607
FU 26 8 1699
FU 26 13 1998
FU 26 0 2000
FU 27 19 0
FU 27 21 0
FU 27 33 0
FU 27 46 0
FU 28 1 121
FU 28 4 0
FU 28 7 1995
FU 28 10 87
FU 28 11 187
FU 28 12 107
FU 28 13 0
FU 28 14 64
FU 28 15 34
FU 28 22 498
FU 28 25 11
FU 28 31 144
FU 28 34 494
FU 28 36 197
FU 28 37 40
FU 28 39 1707
FU 28 40 180
FU 28 43 66
FU 28 45 213
FU 29 6 38
FU 29 8 28
FU 29 11 75
FU 29 13 0
FU 30 6 29
FU 30 8 13
FU 30 13 0
FU 32 3 0
FU 32 7 0
FU 32 16 0
FU 32 18 208
FU 32 25 0
FU 32 38 0
FU 32 50 283
FU 33 19 0
FU 33 27 0
FU 33 36 60
FU 33 39 0
FU 33 46 3
FU 34 11 106
FU 34 13 0
FU 34 15 46
FU 34 19 0
FU 34 22 168
FU 34 23 284
FU 34 28 0
FU 34 36 109
FU 34 37 42
FU 34 39 56
FU 34 40 141
FU 36 11 39
FU 36 13 0
FU 36 15 35
FU 36 19 108
FU 36 22 128
FU 36 23 175
FU 36 28 0
FU 36 33 1001
FU 36 34 0
FU 36 37 19
FU 36 39 38
FU 36 40 122
FU 36 46 294
FU 37 1 181
FU 37 5 84
FU 37 6 31
FU 37 10 150
FU 37 11 365
FU 37 12 112
FU 37 13 0
FU 37 14 114
FU 37 15 59
FU 37 17 50
FU 37 22 75
FU 37 23 216
FU 37 28 0
FU 37 31 108
FU 37 34 371
FU 37 36 182
FU 37 40 238
FU 37 43 79
FU 37 49 43
FU 38 3 0
FU 38 7 0
FU 38 9 1
FU 38 18 237
FU 38 20 388
FU 38 21 0
FU 38 32 1
FU 38 50 293
FU 39 15 70
FU 39 19 1716
FU 39 22 87
FU 39 28 0
FU 39 33 997
FU 39 34 152
FU 39 36 112
FU 39 40 195
FU 39 46 1691
FU 40 1 131
FU 40 11 71
FU 40 13 0
FU 40 15 64
FU 40 22 113
FU 40 23 259
FU 40 28 0
FU 40 34 89
FU 40 36 143
FU 40 37 33
FU 40 39 50
FU 42 16 0
FU 43 1 43
FU 43 2 191
FU 43 4 346
FU 43 5 142
FU 43 6 102
FU 43 10 95
FU 43 11 337
FU 43 12 43
FU 43 13 0
FU 43 14 78
FU 43 15 40
FU 43 17 60
FU 43 28 1
FU 43 31 67
FU 43 37 146
FU 43 45 105
FU 44 6 41
FU 44 8 45
FU 44 11 93
FU 44 13 0
FU 45 4 0
FU 45 5 101
FU 45 25 0
FU 45 28 2
FU 46 27 1999
FU 46 36 54
FU 49 1 355
FU 49 4 5
FU 49 5 193
FU 49 6 64
FU 49 8 32
FU 49 10 351
FU 49 11 31
FU 49 12 353
FU 49 13 0
FU 49 14 703
FU 49 15 183
FU 49 17 126
FU 49 23 149
FU 49 31 114
FU 49 37 438
FU 50 38 0
