Nodes: 41
Arcs: 422
Terminals_rem: 0
Nodes_rem: 1
Arcs_rem: 42
First LB: 1
LB: 1
Iter. LB: 0
First UB: 15
UB: 5
Iter. UB: 216
gap: 80
BM. Time: 0
Runtime: 113
FL 0 25 11
FL 0 5 8
FL 0 9 29
FL 0 17 5
FL 0 1 11
FL 0 29 9
FL 0 3 14
FL 0 10 5
FL 0 7 25
FL 0 33 12
FL 0 23 6
FL 0 6 7
FL 0 22 4
FL 0 35 11
FL 0 27 13
FL 0 40 0
FL 0 36 0
FL 0 38 3150
FL 0 2 75
FL 0 4 528
FL 0 8 938
FL 0 11 43
FL 0 12 143
FL 0 13 200
FL 0 14 241
FL 0 15 135
FL 0 16 216
FL 0 18 2000
FL 0 19 19
FL 0 20 265
FL 0 21 589
FL 0 24 662
FL 0 26 882
FL 0 28 103
FL 0 30 879
FL 0 31 64
FL 0 32 487
FL 0 34 222
FL 0 39 172
FL 1 2 157
FL 1 5 570
FL 1 6 508
FL 1 10 127
FL 1 11 362
FL 1 12 246
FL 1 13 716
FL 1 14 280
FL 1 15 352
FL 1 17 203
FL 1 25 1786
FL 1 28 174
FL 1 31 187
FL 1 37 0
FL 2 1 20
FL 2 4 321
FL 2 5 408
FL 2 10 82
FL 2 17 4
FL 2 25 736
FL 3 7 7
FL 3 16 120
FL 3 20 198
FL 3 32 230
FL 3 35 4
FL 3 38 0
FL 4 2 164
FL 4 5 220
FL 4 6 122
FL 4 10 47
FL 4 12 59
FL 4 15 104
FL 4 17 58
FL 4 25 113
FL 4 28 57
FL 5 1 3
FL 5 2 64
FL 5 4 157
FL 5 10 86
FL 5 12 36
FL 5 14 63
FL 5 17 88
FL 5 31 175
FL 6 1 88
FL 6 4 510
FL 6 8 410
FL 6 11 94
FL 6 12 185
FL 6 13 24
FL 6 17 224
FL 6 24 633
FL 6 26 403
FL 6 29 389
FL 6 30 474
FL 6 31 108
FL 6 37 0
FL 7 3 1306
FL 7 9 6
FL 7 14 66
FL 7 16 171
FL 7 20 152
FL 7 25 6
FL 7 28 60
FL 7 32 230
FL 8 6 40
FL 8 11 47
FL 8 13 33
FL 8 24 318
FL 8 26 517
FL 8 29 597
FL 9 7 6
FL 9 14 65
FL 9 16 168
FL 9 20 282
FL 9 25 5
FL 9 32 148
FL 9 35 3
FL 9 38 0
FL 10 1 98
FL 10 2 60
FL 10 4 215
FL 10 5 373
FL 10 11 306
FL 10 12 39
FL 10 14 21
FL 10 15 108
FL 10 17 150
FL 10 23 186
FL 10 25 3034
FL 10 28 104
FL 10 31 123
FL 10 37 0
FL 11 1 90
FL 11 2 131
FL 11 6 27
FL 11 8 218
FL 11 10 68
FL 11 12 45
FL 11 13 11
FL 11 14 22
FL 11 15 34
FL 11 17 67
FL 11 23 243
FL 11 24 268
FL 11 28 10
FL 11 29 375
FL 11 30 399
FL 11 31 121
FL 11 34 176
FL 11 36 0
FL 11 37 0
FL 11 40 0
FL 12 1 186
FL 12 2 135
FL 12 4 220
FL 12 5 261
FL 12 6 267
FL 12 10 116
FL 12 11 236
FL 12 13 627
FL 12 14 126
FL 12 15 149
FL 12 17 49
FL 12 25 455
FL 12 28 72
FL 12 31 80
FL 12 37 0
FL 13 1 212
FL 13 6 125
FL 13 8 851
FL 13 11 72
FL 13 12 173
FL 13 14 122
FL 13 15 258
FL 13 17 260
FL 13 22 456
FL 13 23 194
FL 13 24 866
FL 13 26 724
FL 13 29 739
FL 13 30 565
FL 13 31 70
FL 13 34 186
FL 13 36 1
FL 13 37 0
FL 13 40 0
FL 14 2 119
FL 14 5 149
FL 14 7 717
FL 14 9 1327
FL 14 10 119
FL 14 11 28
FL 14 12 48
FL 14 13 22
FL 14 15 43
FL 14 16 2281
FL 14 17 124
FL 14 20 243
FL 14 25 125
FL 14 28 53
FL 14 31 108
FL 14 37 0
FL 15 1 39
FL 15 2 89
FL 15 4 113
FL 15 10 57
FL 15 11 543
FL 15 12 113
FL 15 13 35
FL 15 14 79
FL 15 17 66
FL 15 22 285
FL 15 23 103
FL 15 28 105
FL 15 31 98
FL 15 34 308
FL 15 36 0
FL 15 37 0
FL 15 40 0
FL 16 3 1225
FL 16 9 3
FL 16 25 5
FL 16 32 387
FL 17 1 124
FL 17 2 81
FL 17 4 259
FL 17 5 385
FL 17 6 131
FL 17 10 466
FL 17 11 10
FL 17 12 133
FL 17 13 228
FL 17 14 38
FL 17 15 20
FL 17 23 133
FL 17 28 23
FL 17 31 80
FL 17 37 0
FL 19 21 357
FL 19 27 2000
FL 19 33 3
FL 19 36 0
FL 19 39 341
FL 21 19 4
FL 21 35 2
FL 21 38 0
FL 22 13 10
FL 22 15 62
FL 22 23 144
FL 22 34 277
FL 22 36 0
FL 22 37 0
FL 22 39 326
FL 22 40 0
FL 23 10 0
FL 23 11 54
FL 23 13 7
FL 23 14 41
FL 23 15 61
FL 23 17 0
FL 23 22 3
FL 23 28 82
FL 23 34 245
FL 23 36 0
FL 23 37 0
FL 23 40 0
FL 24 6 67
FL 24 8 380
FL 24 11 36
FL 24 13 16
FL 24 29 492
FL 25 1 196
FL 25 2 75
FL 25 4 264
FL 25 7 1024
FL 25 9 1301
FL 25 10 3
FL 25 12 40
FL 25 14 104
FL 25 16 442
FL 25 20 364
FL 25 32 470
FL 26 6 87
FL 26 8 507
FL 26 13 32
FL 26 30 282
FL 27 19 6
FL 27 33 4
FL 27 35 3
FL 28 1 93
FL 28 2 139
FL 28 4 357
FL 28 7 2218
FL 28 10 55
FL 28 11 29
FL 28 12 60
FL 28 14 91
FL 28 15 21
FL 28 17 53
FL 28 23 169
FL 28 31 194
FL 28 37 0
FL 28 40 4
FL 29 6 52
FL 29 8 248
FL 29 11 34
FL 29 13 23
FL 29 24 244
FL 30 6 113
FL 30 11 26
FL 30 13 78
FL 30 26 382
FL 31 1 93
FL 31 2 39
FL 31 5 298
FL 31 6 41
FL 31 10 72
FL 31 11 32
FL 31 12 70
FL 31 13 24
FL 31 14 66
FL 31 15 61
FL 31 17 109
FL 31 28 57
FL 31 37 0
FL 32 3 4
FL 32 9 3
FL 32 16 222
FL 32 25 7
FL 33 19 4
FL 33 27 0
FL 33 35 2687
FL 33 39 330
FL 33 40 0
FL 34 11 55
FL 34 13 39
FL 34 15 34
FL 34 22 126
FL 34 36 0
FL 34 37 0
FL 34 39 230
FL 34 40 0
FL 35 3 3
FL 35 9 4
FL 35 20 211
FL 35 21 494
FL 35 27 0
FL 35 33 2
FL 35 38 0
FL 36 11 67
FL 36 13 34
FL 36 15 55
FL 36 19 4661
FL 36 22 235
FL 36 23 211
FL 36 34 130
FL 36 37 0
FL 36 39 633
FL 36 40 1
FL 37 1 6415
FL 37 2 2243
FL 37 6 3955
FL 37 10 5514
FL 37 11 2107
FL 37 12 3589
FL 37 13 5671
FL 37 14 6081
FL 37 15 2495
FL 37 17 2651
FL 37 22 1084
FL 37 23 723
FL 37 28 4231
FL 37 31 1554
FL 37 34 737
FL 37 36 8025
FL 37 40 8742
FL 37 0 12183
FL 38 3 7
FL 38 9 4
FL 38 20 285
FL 38 21 566
FL 38 32 284
FL 38 35 4
FL 39 19 7
FL 39 22 244
FL 39 33 10
FL 39 36 0
FL 39 40 0
FL 40 11 124
FL 40 13 44
FL 40 15 41
FL 40 22 382
FL 40 23 381
FL 40 28 352
FL 40 33 4990
FL 40 34 203
FL 40 36 1
FL 40 37 0
FL 40 39 229
FU 0 25 3
FU 0 5 3
FU 0 9 7
FU 0 17 1
FU 0 1 2
FU 0 29 4
FU 0 3 4
FU 0 10 1
FU 0 7 5
FU 0 33 1
FU 0 23 4
FU 0 6 6
FU 0 22 2
FU 0 35 3
FU 0 27 2
FU 0 40 1
FU 0 36 1
FU 0 38 2000
FU 0 2 71
FU 0 4 312
FU 0 8 433
FU 0 11 86
FU 0 12 107
FU 0 13 99
FU 0 14 94
FU 0 15 102
FU 0 16 114
FU 0 18 2000
FU 0 19 4
FU 0 20 270
FU 0 21 583
FU 0 24 370
FU 0 26 469
FU 0 28 110
FU 0 30 559
FU 0 31 55
FU 0 32 373
FU 0 34 187
FU 0 39 154
FU 1 2 121
FU 1 5 311
FU 1 6 198
FU 1 10 47
FU 1 11 166
FU 1 12 137
FU 1 13 235
FU 1 14 133
FU 1 15 207
FU 1 17 111
FU 1 25 363
FU 1 28 110
FU 1 31 169
FU 1 37 0
FU 2 1 3
FU 2 4 198
FU 2 5 317
FU 2 10 62
FU 2 17 0
FU 2 25 193
FU 3 7 0
FU 3 16 126
FU 3 20 202
FU 3 32 222
FU 3 35 0
FU 3 38 0
FU 4 2 144
FU 4 5 191
FU 4 6 111
FU 4 10 46
FU 4 12 58
FU 4 15 110
FU 4 17 85
FU 4 25 56
FU 4 28 65
FU 5 1 0
FU 5 2 70
FU 5 4 158
FU 5 10 96
FU 5 12 34
FU 5 14 53
FU 5 17 94
FU 5 31 163
FU 6 1 77
FU 6 4 265
FU 6 8 216
FU 6 11 59
FU 6 12 138
FU 6 13 34
FU 6 17 163
FU 6 24 356
FU 6 26 328
FU 6 29 292
FU 6 30 403
FU 6 31 122
FU 6 37 0
FU 7 3 991
FU 7 9 1
FU 7 14 40
FU 7 16 122
FU 7 20 149
FU 7 25 6
FU 7 28 44
FU 7 32 228
FU 8 6 56
FU 8 11 44
FU 8 13 48
FU 8 24 280
FU 8 26 436
FU 8 29 504
FU 9 7 6
FU 9 14 57
FU 9 16 149
FU 9 20 282
FU 9 25 5
FU 9 32 138
FU 9 35 0
FU 9 38 0
FU 10 1 89
FU 10 2 89
FU 10 4 177
FU 10 5 260
FU 10 11 127
FU 10 12 50
FU 10 14 26
FU 10 15 86
FU 10 17 136
FU 10 23 186
FU 10 25 964
FU 10 28 55
FU 10 31 111
FU 10 37 0
FU 11 1 108
FU 11 2 115
FU 11 6 45
FU 11 8 210
FU 11 10 79
FU 11 12 59
FU 11 13 26
FU 11 14 17
FU 11 15 45
FU 11 17 55
FU 11 23 226
FU 11 24 262
FU 11 28 43
FU 11 29 351
FU 11 30 340
FU 11 31 117
FU 11 34 167
FU 11 36 0
FU 11 37 0
FU 11 40 0
FU 12 1 140
FU 12 2 137
FU 12 4 160
FU 12 5 210
FU 12 6 178
FU 12 10 109
FU 12 11 117
FU 12 13 180
FU 12 14 106
FU 12 15 135
FU 12 17 68
FU 12 25 209
FU 12 28 66
FU 12 31 81
FU 12 37 0
FU 13 1 147
FU 13 6 85
FU 13 8 387
FU 13 11 48
FU 13 12 65
FU 13 14 43
FU 13 15 131
FU 13 17 162
FU 13 22 336
FU 13 23 203
FU 13 24 480
FU 13 26 472
FU 13 29 473
FU 13 30 419
FU 13 31 64
FU 13 34 165
FU 13 36 0
FU 13 37 0
FU 13 40 0
FU 14 2 107
FU 14 5 158
FU 14 7 490
FU 14 9 1050
FU 14 10 127
FU 14 11 29
FU 14 12 70
FU 14 13 19
FU 14 15 53
FU 14 16 1041
FU 14 17 124
FU 14 20 243
FU 14 25 166
FU 14 28 58
FU 14 31 96
FU 14 37 0
FU 15 1 68
FU 15 2 81
FU 15 4 114
FU 15 10 64
FU 15 11 243
FU 15 12 115
FU 15 13 79
FU 15 14 65
FU 15 17 65
FU 15 22 278
FU 15 23 100
FU 15 28 105
FU 15 31 107
FU 15 34 313
FU 15 36 0
FU 15 37 0
FU 15 40 0
FU 16 3 1003
FU 16 9 1
FU 16 25 0
FU 16 32 365
FU 17 1 120
FU 17 2 73
FU 17 4 176
FU 17 5 316
FU 17 6 92
FU 17 10 195
FU 17 11 20
FU 17 12 115
FU 17 13 83
FU 17 14 21
FU 17 15 21
FU 17 23 147
FU 17 28 22
FU 17 31 94
FU 17 37 0
FU 19 21 355
FU 19 27 1998
FU 19 33 0
FU 19 36 0
FU 19 39 338
FU 21 19 0
FU 21 35 0
FU 21 38 0
FU 22 13 20
FU 22 15 69
FU 22 23 131
FU 22 34 247
FU 22 36 0
FU 22 37 0
FU 22 39 311
FU 22 40 0
FU 23 10 0
FU 23 11 60
FU 23 13 28
FU 23 14 36
FU 23 15 72
FU 23 17 0
FU 23 22 0
FU 23 28 81
FU 23 34 218
FU 23 36 0
FU 23 37 0
FU 23 40 0
FU 24 6 70
FU 24 8 256
FU 24 11 40
FU 24 13 12
FU 24 29 376
FU 25 1 127
FU 25 2 56
FU 25 4 209
FU 25 7 502
FU 25 9 939
FU 25 10 0
FU 25 12 41
FU 25 14 80
FU 25 16 267
FU 25 20 361
FU 25 32 403
FU 26 6 76
FU 26 8 281
FU 26 13 42
FU 26 30 279
FU 27 19 0
FU 27 33 0
FU 27 35 0
FU 28 1 88
FU 28 2 140
FU 28 4 231
FU 28 7 997
FU 28 10 92
FU 28 11 18
FU 28 12 84
FU 28 14 81
FU 28 15 12
FU 28 17 66
FU 28 23 148
FU 28 31 168
FU 28 37 0
FU 28 40 0
FU 29 6 59
FU 29 8 217
FU 29 11 36
FU 29 13 20
FU 29 24 252
FU 30 6 92
FU 30 11 22
FU 30 13 43
FU 30 26 295
FU 31 1 80
FU 31 2 61
FU 31 5 234
FU 31 6 44
FU 31 10 94
FU 31 11 30
FU 31 12 77
FU 31 13 23
FU 31 14 77
FU 31 15 67
FU 31 17 90
FU 31 28 63
FU 31 37 0
FU 32 3 0
FU 32 9 1
FU 32 16 181
FU 32 25 35
FU 33 19 0
FU 33 27 0
FU 33 35 1997
FU 33 39 347
FU 33 40 0
FU 34 11 75
FU 34 13 54
FU 34 15 40
FU 34 22 112
FU 34 36 0
FU 34 37 0
FU 34 39 216
FU 34 40 0
FU 35 3 0
FU 35 9 0
FU 35 20 213
FU 35 21 494
FU 35 27 0
FU 35 33 0
FU 35 38 0
FU 36 11 107
FU 36 13 36
FU 36 15 69
FU 36 19 1996
FU 36 22 199
FU 36 23 165
FU 36 34 114
FU 36 37 0
FU 36 39 422
FU 36 40 0
FU 37 1 951
FU 37 2 735
FU 37 6 888
FU 37 10 988
FU 37 11 607
FU 37 12 850
FU 37 13 891
FU 37 14 1071
FU 37 15 754
FU 37 17 780
FU 37 22 518
FU 37 23 387
FU 37 28 1020
FU 37 31 653
FU 37 34 404
FU 37 36 1999
FU 37 40 1999
FU 37 0 2000
FU 38 3 2
FU 38 9 1
FU 38 20 280
FU 38 21 568
FU 38 32 271
FU 38 35 0
FU 39 19 0
FU 39 22 236
FU 39 33 0
FU 39 36 0
FU 39 40 0
FU 40 11 66
FU 40 13 28
FU 40 15 27
FU 40 22 319
FU 40 23 303
FU 40 28 158
FU 40 33 1999
FU 40 34 185
FU 40 36 0
FU 40 37 0
FU 40 39 212
