Nodes: 41
Arcs: 830
Terminals_rem: 0
Nodes_rem: 1
Arcs_rem: 184
First LB: 0
LB: 0
Iter. LB: 0
First UB: 14
UB: 6
Iter. UB: 78
gap: 100
BM. Time: 0
Runtime: 158
FL 0 29 0
FL 0 11 0
FL 0 6 19
FL 0 1 0
FL 0 34 6
FL 0 36 7
FL 0 10 0
FL 0 30 9
FL 0 19 4
FL 0 35 26
FL 0 31 0
FL 0 25 0
FL 0 15 33
FL 0 26 9
FL 0 13 23
FL 0 16 44
FL 0 38 26
FL 0 39 50
FL 0 4 2
FL 0 12 7
FL 0 32 0
FL 0 14 0
FL 0 7 24
FL 0 2 136
FL 0 3 1
FL 0 5 88
FL 0 9 51
FL 0 17 67
FL 0 18 189
FL 0 20 205
FL 0 21 143
FL 0 22 16
FL 0 23 103
FL 0 24 180
FL 0 27 424
FL 0 28 2000
FL 0 33 111
FL 0 37 167
FL 0 40 92
FL 1 3 1
FL 1 4 1065
FL 1 6 25
FL 1 7 42
FL 1 8 0
FL 1 9 285
FL 1 11 0
FL 1 12 887
FL 1 13 35
FL 1 17 129
FL 1 18 248
FL 1 19 1237
FL 1 20 126
FL 1 21 444
FL 1 22 44
FL 1 23 91
FL 1 25 2473
FL 1 26 12
FL 1 33 230
FL 1 34 1482
FL 1 36 1903
FL 1 40 144
FL 2 11 0
FL 2 13 17
FL 2 16 16
FL 2 27 140
FL 3 1 1
FL 3 7 286
FL 3 8 0
FL 3 12 864
FL 3 13 10888
FL 3 17 86
FL 3 19 599
FL 3 21 102
FL 3 22 10898
FL 3 26 1008
FL 3 33 1088
FL 3 34 696
FL 3 40 1874
FL 4 1 0
FL 4 5 174
FL 4 6 10
FL 4 8 0
FL 4 9 92
FL 4 10 0
FL 4 11 0
FL 4 12 0
FL 4 13 5
FL 4 17 53
FL 4 18 53
FL 4 22 5
FL 4 23 131
FL 4 24 115
FL 4 26 0
FL 4 29 0
FL 4 30 0
FL 4 33 23
FL 4 34 1
FL 4 35 4
FL 4 36 1
FL 4 38 3
FL 4 39 1
FL 4 40 51
FL 6 1 0
FL 6 2 127
FL 6 4 0
FL 6 5 87
FL 6 7 6
FL 6 8 0
FL 6 9 79
FL 6 10 0
FL 6 11 0
FL 6 12 2
FL 6 13 11
FL 6 14 0
FL 6 15 6
FL 6 17 39
FL 6 18 47
FL 6 19 1
FL 6 20 140
FL 6 21 111
FL 6 22 10
FL 6 23 72
FL 6 25 0
FL 6 26 1
FL 6 29 0
FL 6 30 3
FL 6 31 0
FL 6 32 0
FL 6 33 37
FL 6 34 4
FL 6 36 6
FL 6 37 147
FL 6 40 66
FL 7 1 0
FL 7 3 0
FL 7 6 12
FL 7 9 38
FL 7 11 0
FL 7 12 236
FL 7 13 13
FL 7 17 116
FL 7 19 4
FL 7 20 137
FL 7 21 131
FL 7 22 12
FL 7 25 0
FL 7 26 575
FL 7 33 27
FL 7 34 5
FL 7 36 5
FL 7 40 68
FL 8 1 12901
FL 8 2 314
FL 8 3 30382
FL 8 4 1655
FL 8 5 83
FL 8 6 94
FL 8 9 1033
FL 8 10 3115
FL 8 11 2964
FL 8 12 1805
FL 8 13 62
FL 8 14 2771
FL 8 17 117
FL 8 18 1017
FL 8 22 80
FL 8 23 82
FL 8 24 296
FL 8 26 1708
FL 8 29 3199
FL 8 30 1867
FL 8 31 2898
FL 8 32 3063
FL 8 33 1481
FL 8 37 119
FL 8 40 632
FL 8 0 4262
FL 9 1 0
FL 9 4 0
FL 9 5 139
FL 9 8 0
FL 9 10 0
FL 9 11 0
FL 9 13 12
FL 9 17 62
FL 9 18 97
FL 9 21 233
FL 9 22 10
FL 9 24 137
FL 9 26 3
FL 9 29 0
FL 9 30 8
FL 9 33 49
FL 9 34 4
FL 9 35 6
FL 9 36 4
FL 9 39 7
FL 9 40 69
FL 10 2 105
FL 10 4 0
FL 10 5 121
FL 10 6 12
FL 10 8 0
FL 10 9 97
FL 10 11 0
FL 10 12 1
FL 10 13 13
FL 10 14 0
FL 10 15 12
FL 10 17 95
FL 10 18 77
FL 10 22 12
FL 10 23 89
FL 10 26 2
FL 10 27 189
FL 10 29 0
FL 10 30 8
FL 10 31 0
FL 10 32 0
FL 10 33 35
FL 10 37 184
FL 10 40 63
FL 11 1 0
FL 11 2 159
FL 11 3 0
FL 11 4 0
FL 11 6 11
FL 11 7 5
FL 11 8 0
FL 11 9 68
FL 11 10 0
FL 11 12 1
FL 11 13 13
FL 11 16 12
FL 11 17 49
FL 11 19 4
FL 11 20 190
FL 11 21 142
FL 11 23 64
FL 11 25 0
FL 11 26 2
FL 11 29 0
FL 11 32 0
FL 11 34 4
FL 11 37 174
FL 11 40 66
FL 12 1 1
FL 12 2 115
FL 12 3 4
FL 12 4 0
FL 12 5 74
FL 12 6 11
FL 12 7 674
FL 12 8 0
FL 12 10 0
FL 12 11 0
FL 12 13 8
FL 12 14 0
FL 12 15 12
FL 12 16 12
FL 12 17 59
FL 12 18 52
FL 12 19 0
FL 12 20 202
FL 12 22 8
FL 12 23 135
FL 12 25 0
FL 12 26 0
FL 12 27 160
FL 12 29 0
FL 12 30 1
FL 12 31 0
FL 12 32 0
FL 12 33 30
FL 12 34 4
FL 12 37 200
FL 12 40 65
FL 13 1 0
FL 13 2 104
FL 13 3 0
FL 13 4 0
FL 13 5 209
FL 13 6 11
FL 13 7 2
FL 13 8 0
FL 13 9 112
FL 13 10 0
FL 13 11 0
FL 13 12 0
FL 13 14 0
FL 13 15 11
FL 13 16 7375
FL 13 17 25
FL 13 18 54
FL 13 19 0
FL 13 20 262
FL 13 21 63
FL 13 22 10
FL 13 23 118
FL 13 25 0
FL 13 26 0
FL 13 27 212
FL 13 29 0
FL 13 30 0
FL 13 31 0
FL 13 32 0
FL 13 33 45
FL 13 34 3
FL 13 36 3
FL 13 37 109
FL 13 39 1112
FL 13 40 53
FL 14 2 108
FL 14 5 98
FL 14 6 11
FL 14 8 0
FL 14 10 0
FL 14 12 0
FL 14 13 11
FL 14 15 11
FL 14 16 12
FL 14 17 35
FL 14 23 79
FL 14 26 0
FL 14 27 241
FL 14 29 0
FL 14 30 0
FL 14 31 0
FL 14 32 0
FL 14 37 92
FL 14 40 73
FL 15 2 92
FL 15 6 2669
FL 15 10 0
FL 15 12 1
FL 15 13 10
FL 15 14 0
FL 15 16 6
FL 15 23 47
FL 15 27 62
FL 15 29 0
FL 15 31 0
FL 15 32 0
FL 15 37 98
FL 15 40 108
FL 16 2 99
FL 16 11 0
FL 16 12 2
FL 16 13 565
FL 16 14 0
FL 16 15 4958
FL 16 19 677
FL 16 20 88
FL 16 21 110
FL 16 23 69
FL 16 25 0
FL 16 27 140
FL 16 29 0
FL 16 32 0
FL 16 34 617
FL 16 37 136
FL 16 40 57
FL 17 21 151
FL 18 1 0
FL 18 4 0
FL 18 5 221
FL 18 9 56
FL 18 10 0
FL 18 12 0
FL 18 13 10
FL 18 17 94
FL 18 22 7
FL 18 24 271
FL 18 26 0
FL 18 29 0
FL 18 30 0
FL 18 33 109
FL 18 35 4
FL 18 36 1
FL 18 38 3
FL 18 39 4
FL 18 40 58
FL 19 1 0
FL 19 3 0
FL 19 6 13
FL 19 7 9
FL 19 11 0
FL 19 12 4
FL 19 13 13
FL 19 16 17
FL 19 17 56
FL 19 20 137
FL 19 21 95
FL 19 23 118
FL 19 25 0
FL 19 29 0
FL 19 34 5
FL 19 40 72
FL 21 3 0
FL 21 9 113
FL 21 13 12
FL 21 16 13
FL 21 17 39
FL 21 25 0
FL 21 34 3
FL 21 40 70
FL 22 1 0
FL 22 3 1
FL 22 4 0
FL 22 5 156
FL 22 7 894
FL 22 9 70
FL 22 10 0
FL 22 12 0
FL 22 13 8
FL 22 17 60
FL 22 18 82
FL 22 24 158
FL 22 26 0
FL 22 29 0
FL 22 30 1001
FL 22 33 25
FL 22 35 2319
FL 22 36 1017
FL 22 38 2200
FL 22 39 1166
FL 22 40 65
FL 24 4 0
FL 24 8 0
FL 24 9 85
FL 24 17 47
FL 24 18 144
FL 24 22 8
FL 24 26 1
FL 24 30 1
FL 24 33 23
FL 24 35 4
FL 24 36 2
FL 24 39 5
FL 25 1 0
FL 25 3 0
FL 25 6 13
FL 25 7 8
FL 25 11 0
FL 25 12 4
FL 25 13 13
FL 25 16 16
FL 25 17 71
FL 25 19 4
FL 25 20 124
FL 25 21 96
FL 25 23 47
FL 25 29 0
FL 25 34 4
FL 25 40 73
FL 26 1 0
FL 26 3 0
FL 26 4 0
FL 26 5 81
FL 26 6 11
FL 26 7 493
FL 26 8 0
FL 26 9 39
FL 26 10 0
FL 26 11 0
FL 26 12 0
FL 26 13 11
FL 26 14 0
FL 26 17 42
FL 26 18 96
FL 26 22 8
FL 26 23 134
FL 26 24 195
FL 26 29 0
FL 26 30 1
FL 26 31 0
FL 26 33 16
FL 26 35 5
FL 26 36 3
FL 26 37 141
FL 26 38 4
FL 26 39 8
FL 26 40 67
FL 27 2 157
FL 27 10 0
FL 27 13 16
FL 27 16 35
FL 27 40 83
FL 29 2 92
FL 29 4 0
FL 29 5 52
FL 29 6 11
FL 29 8 0
FL 29 9 74
FL 29 10 0
FL 29 11 0
FL 29 12 0
FL 29 13 12
FL 29 14 0
FL 29 15 12
FL 29 16 12
FL 29 17 31
FL 29 18 39
FL 29 19 2
FL 29 20 190
FL 29 21 158
FL 29 22 8
FL 29 23 64
FL 29 25 0
FL 29 26 2
FL 29 27 231
FL 29 30 3
FL 29 31 0
FL 29 32 0
FL 29 33 51
FL 29 34 4
FL 29 37 81
FL 29 40 70
FL 30 2 131
FL 30 4 0
FL 30 5 120
FL 30 6 11
FL 30 8 0
FL 30 9 70
FL 30 10 0
FL 30 12 0
FL 30 13 12
FL 30 14 0
FL 30 17 70
FL 30 18 54
FL 30 22 9
FL 30 23 70
FL 30 24 136
FL 30 26 2
FL 30 29 0
FL 30 31 0
FL 30 33 35
FL 30 37 128
FL 30 40 70
FL 31 2 209
FL 31 5 84
FL 31 6 11
FL 31 8 0
FL 31 10 0
FL 31 12 0
FL 31 13 12
FL 31 14 0
FL 31 15 12
FL 31 17 57
FL 31 23 163
FL 31 26 2
FL 31 27 166
FL 31 29 0
FL 31 30 7
FL 31 32 0
FL 31 37 111
FL 31 40 64
FL 32 2 145
FL 32 5 104
FL 32 6 13
FL 32 8 0
FL 32 10 0
FL 32 11 0
FL 32 12 6
FL 32 13 14
FL 32 14 0
FL 32 15 14
FL 32 16 16
FL 32 17 92
FL 32 23 163
FL 32 27 283
FL 32 29 0
FL 32 31 0
FL 32 37 117
FL 32 40 96
FL 33 3 0
FL 33 4 0
FL 33 7 906
FL 33 9 122
FL 33 10 0
FL 33 13 13
FL 33 17 113
FL 33 18 133
FL 33 22 10
FL 33 24 238
FL 33 26 5
FL 33 30 9
FL 33 35 9
FL 33 36 4
FL 33 39 8
FL 33 40 78
FL 34 1 0
FL 34 3 0
FL 34 4 0
FL 34 6 14
FL 34 7 10
FL 34 9 68
FL 34 11 0
FL 34 12 6
FL 34 13 16
FL 34 16 15
FL 34 17 106
FL 34 19 5
FL 34 20 199
FL 34 21 169
FL 34 23 161
FL 34 25 0
FL 34 29 0
FL 34 40 78
FL 35 4 0
FL 35 9 30
FL 35 17 100
FL 35 18 116
FL 35 22 8
FL 35 24 82
FL 35 26 4
FL 35 33 47
FL 35 36 1
FL 35 38 3
FL 35 39 9
FL 36 1 0
FL 36 3 0
FL 36 4 0
FL 36 6 20
FL 36 7 15
FL 36 9 121
FL 36 13 23
FL 36 17 144
FL 36 18 204
FL 36 22 30
FL 36 24 261
FL 36 26 5
FL 36 33 92
FL 36 35 12
FL 36 38 11
FL 36 39 22
FL 37 26 4
FL 38 4 0
FL 38 9 42
FL 38 18 42
FL 38 22 9
FL 38 24 108
FL 38 26 3
FL 38 33 41
FL 38 35 6
FL 38 36 2
FL 38 39 4
FL 39 4 0
FL 39 9 68
FL 39 13 10
FL 39 17 68
FL 39 18 40
FL 39 22 12
FL 39 24 143
FL 39 26 5
FL 39 33 37
FL 39 35 5
FL 39 36 1
FL 39 38 7
FL 40 1 0
FL 40 2 80
FL 40 3 1
FL 40 4 0
FL 40 5 109
FL 40 7 5
FL 40 8 0
FL 40 9 27
FL 40 10 0
FL 40 12 1
FL 40 13 12
FL 40 14 0
FL 40 15 12
FL 40 16 1917
FL 40 17 29
FL 40 18 54
FL 40 19 2
FL 40 21 102
FL 40 22 8
FL 40 25 0
FL 40 26 2
FL 40 27 43
FL 40 29 0
FL 40 33 16
FL 40 34 5
FU 0 29 1
FU 0 11 1
FU 0 6 2
FU 0 1 1
FU 0 34 2
FU 0 36 3
FU 0 10 1
FU 0 30 1
FU 0 19 1
FU 0 35 5
FU 0 31 1
FU 0 25 1
FU 0 15 1
FU 0 26 2
FU 0 13 10
FU 0 16 2
FU 0 38 4
FU 0 39 9
FU 0 4 1
FU 0 12 4
FU 0 32 1
FU 0 14 1
FU 0 7 4
FU 0 2 136
FU 0 3 1
FU 0 5 84
FU 0 9 42
FU 0 17 56
FU 0 18 141
FU 0 20 205
FU 0 21 122
FU 0 22 1
FU 0 23 98
FU 0 24 135
FU 0 27 279
FU 0 28 2000
FU 0 33 93
FU 0 37 167
FU 0 40 21
FU 1 3 0
FU 1 4 997
FU 1 6 2
FU 1 7 12
FU 1 8 0
FU 1 9 164
FU 1 11 0
FU 1 12 505
FU 1 13 25
FU 1 17 103
FU 1 18 154
FU 1 19 825
FU 1 20 124
FU 1 21 263
FU 1 22 0
FU 1 23 87
FU 1 25 1999
FU 1 26 0
FU 1 33 95
FU 1 34 859
FU 1 36 1002
FU 1 40 26
FU 2 11 0
FU 2 13 1
FU 2 16 0
FU 2 27 121
FU 3 1 0
FU 3 7 272
FU 3 8 0
FU 3 12 485
FU 3 13 1676
FU 3 17 98
FU 3 19 545
FU 3 21 101
FU 3 22 1999
FU 3 26 635
FU 3 33 473
FU 3 34 606
FU 3 40 368
FU 4 1 0
FU 4 5 174
FU 4 6 0
FU 4 8 0
FU 4 9 94
FU 4 10 0
FU 4 11 0
FU 4 12 0
FU 4 13 0
FU 4 17 50
FU 4 18 39
FU 4 22 0
FU 4 23 125
FU 4 24 109
FU 4 26 0
FU 4 29 0
FU 4 30 0
FU 4 33 42
FU 4 34 0
FU 4 35 0
FU 4 36 0
FU 4 38 0
FU 4 39 0
FU 4 40 5
FU 6 1 0
FU 6 2 122
FU 6 4 0
FU 6 5 84
FU 6 7 1
FU 6 8 0
FU 6 9 69
FU 6 10 0
FU 6 11 0
FU 6 12 0
FU 6 13 0
FU 6 14 0
FU 6 15 0
FU 6 17 46
FU 6 18 50
FU 6 19 0
FU 6 20 140
FU 6 21 112
FU 6 22 0
FU 6 23 80
FU 6 25 0
FU 6 26 3
FU 6 29 0
FU 6 30 0
FU 6 31 0
FU 6 32 0
FU 6 33 38
FU 6 34 0
FU 6 36 0
FU 6 37 147
FU 6 40 58
FU 7 1 0
FU 7 3 0
FU 7 6 0
FU 7 9 28
FU 7 11 0
FU 7 12 233
FU 7 13 0
FU 7 17 115
FU 7 19 0
FU 7 20 143
FU 7 21 130
FU 7 22 0
FU 7 25 0
FU 7 26 514
FU 7 33 26
FU 7 34 0
FU 7 36 0
FU 7 40 66
FU 8 1 1999
FU 8 2 191
FU 8 3 1999
FU 8 4 1002
FU 8 5 79
FU 8 6 16
FU 8 9 428
FU 8 10 1999
FU 8 11 1999
FU 8 12 773
FU 8 13 14
FU 8 14 1999
FU 8 17 94
FU 8 18 435
FU 8 22 0
FU 8 23 86
FU 8 24 186
FU 8 26 846
FU 8 29 1999
FU 8 30 1008
FU 8 31 1999
FU 8 32 1999
FU 8 33 515
FU 8 37 112
FU 8 40 96
FU 8 0 2000
FU 9 1 0
FU 9 4 0
FU 9 5 142
FU 9 8 0
FU 9 10 0
FU 9 11 0
FU 9 13 1
FU 9 17 54
FU 9 18 80
FU 9 21 221
FU 9 22 0
FU 9 24 115
FU 9 26 0
FU 9 29 0
FU 9 30 0
FU 9 33 50
FU 9 34 0
FU 9 35 0
FU 9 36 0
FU 9 39 0
FU 9 40 16
FU 10 2 95
FU 10 4 0
FU 10 5 114
FU 10 6 0
FU 10 8 0
FU 10 9 85
FU 10 11 0
FU 10 12 0
FU 10 13 0
FU 10 14 0
FU 10 15 0
FU 10 17 88
FU 10 18 56
FU 10 22 0
FU 10 23 93
FU 10 26 0
FU 10 27 162
FU 10 29 0
FU 10 30 0
FU 10 31 0
FU 10 32 0
FU 10 33 53
FU 10 37 172
FU 10 40 27
FU 11 1 0
FU 11 2 139
FU 11 3 0
FU 11 4 0
FU 11 6 0
FU 11 7 0
FU 11 8 0
FU 11 9 72
FU 11 10 0
FU 11 12 0
FU 11 13 0
FU 11 16 0
FU 11 17 46
FU 11 19 0
FU 11 20 186
FU 11 21 125
FU 11 23 64
FU 11 25 0
FU 11 26 0
FU 11 29 0
FU 11 32 0
FU 11 34 0
FU 11 37 174
FU 11 40 31
FU 12 1 0
FU 12 2 117
FU 12 3 0
FU 12 4 0
FU 12 5 77
FU 12 6 0
FU 12 7 468
FU 12 8 0
FU 12 10 0
FU 12 11 0
FU 12 13 0
FU 12 14 0
FU 12 15 0
FU 12 16 0
FU 12 17 57
FU 12 18 59
FU 12 19 0
FU 12 20 203
FU 12 22 0
FU 12 23 131
FU 12 25 0
FU 12 26 0
FU 12 27 158
FU 12 29 0
FU 12 30 0
FU 12 31 0
FU 12 32 0
FU 12 33 38
FU 12 34 0
FU 12 37 196
FU 12 40 87
FU 13 1 0
FU 13 2 99
FU 13 3 0
FU 13 4 0
FU 13 5 203
FU 13 6 0
FU 13 7 0
FU 13 8 0
FU 13 9 106
FU 13 10 0
FU 13 11 0
FU 13 12 0
FU 13 14 0
FU 13 15 0
FU 13 16 1642
FU 13 17 28
FU 13 18 44
FU 13 19 0
FU 13 20 258
FU 13 21 58
FU 13 22 0
FU 13 23 115
FU 13 25 0
FU 13 26 0
FU 13 27 198
FU 13 29 0
FU 13 30 0
FU 13 31 0
FU 13 32 0
FU 13 33 72
FU 13 34 0
FU 13 36 0
FU 13 37 112
FU 13 39 985
FU 13 40 8
FU 14 2 112
FU 14 5 97
FU 14 6 0
FU 14 8 0
FU 14 10 0
FU 14 12 0
FU 14 13 0
FU 14 15 0
FU 14 16 0
FU 14 17 32
FU 14 23 74
FU 14 26 0
FU 14 27 239
FU 14 29 0
FU 14 30 0
FU 14 31 0
FU 14 32 0
FU 14 37 98
FU 14 40 33
FU 15 2 83
FU 15 6 1979
FU 15 10 0
FU 15 12 0
FU 15 13 0
FU 15 14 0
FU 15 16 0
FU 15 23 53
FU 15 27 63
FU 15 29 0
FU 15 31 0
FU 15 32 0
FU 15 37 103
FU 15 40 342
FU 16 2 113
FU 16 11 0
FU 16 12 0
FU 16 13 270
FU 16 14 0
FU 16 15 1999
FU 16 19 629
FU 16 20 96
FU 16 21 99
FU 16 23 70
FU 16 25 0
FU 16 27 147
FU 16 29 0
FU 16 32 0
FU 16 34 533
FU 16 37 140
FU 16 40 6
FU 17 21 160
FU 18 1 0
FU 18 4 0
FU 18 5 220
FU 18 9 57
FU 18 10 0
FU 18 12 0
FU 18 13 0
FU 18 17 97
FU 18 22 0
FU 18 24 255
FU 18 26 0
FU 18 29 0
FU 18 30 0
FU 18 33 91
FU 18 35 0
FU 18 36 0
FU 18 38 0
FU 18 39 0
FU 18 40 155
FU 19 1 0
FU 19 3 0
FU 19 6 0
FU 19 7 0
FU 19 11 0
FU 19 12 0
FU 19 13 0
FU 19 16 2
FU 19 17 55
FU 19 20 139
FU 19 21 90
FU 19 23 120
FU 19 25 0
FU 19 29 0
FU 19 34 0
FU 19 40 12
FU 21 3 0
FU 21 9 102
FU 21 13 0
FU 21 16 0
FU 21 17 40
FU 21 25 0
FU 21 34 0
FU 21 40 13
FU 22 1 0
FU 22 3 0
FU 22 4 0
FU 22 5 156
FU 22 7 479
FU 22 9 77
FU 22 10 0
FU 22 12 0
FU 22 13 0
FU 22 17 67
FU 22 18 96
FU 22 24 158
FU 22 26 0
FU 22 29 0
FU 22 30 991
FU 22 33 31
FU 22 35 1992
FU 22 36 995
FU 22 38 1993
FU 22 39 999
FU 22 40 173
FU 24 4 0
FU 24 8 0
FU 24 9 94
FU 24 17 46
FU 24 18 153
FU 24 22 0
FU 24 26 0
FU 24 30 0
FU 24 33 31
FU 24 35 0
FU 24 36 0
FU 24 39 1
FU 25 1 0
FU 25 3 0
FU 25 6 0
FU 25 7 0
FU 25 11 0
FU 25 12 0
FU 25 13 1
FU 25 16 0
FU 25 17 69
FU 25 19 0
FU 25 20 123
FU 25 21 98
FU 25 23 52
FU 25 29 0
FU 25 34 0
FU 25 40 30
FU 26 1 0
FU 26 3 0
FU 26 4 0
FU 26 5 85
FU 26 6 0
FU 26 7 322
FU 26 8 0
FU 26 9 39
FU 26 10 0
FU 26 11 0
FU 26 12 0
FU 26 13 0
FU 26 14 0
FU 26 17 31
FU 26 18 90
FU 26 22 0
FU 26 23 138
FU 26 24 179
FU 26 29 0
FU 26 30 0
FU 26 31 0
FU 26 33 34
FU 26 35 0
FU 26 36 0
FU 26 37 141
FU 26 38 0
FU 26 39 1
FU 26 40 11
FU 27 2 150
FU 27 10 0
FU 27 13 1
FU 27 16 1
FU 27 40 35
FU 29 2 92
FU 29 4 0
FU 29 5 57
FU 29 6 0
FU 29 8 0
FU 29 9 68
FU 29 10 0
FU 29 11 0
FU 29 12 0
FU 29 13 0
FU 29 14 0
FU 29 15 0
FU 29 16 0
FU 29 17 36
FU 29 18 41
FU 29 19 0
FU 29 20 179
FU 29 21 164
FU 29 22 0
FU 29 23 62
FU 29 25 0
FU 29 26 0
FU 29 27 221
FU 29 30 0
FU 29 31 0
FU 29 32 0
FU 29 33 63
FU 29 34 0
FU 29 37 85
FU 29 40 42
FU 30 2 134
FU 30 4 0
FU 30 5 118
FU 30 6 0
FU 30 8 0
FU 30 9 67
FU 30 10 0
FU 30 12 0
FU 30 13 0
FU 30 14 0
FU 30 17 64
FU 30 18 52
FU 30 22 0
FU 30 23 63
FU 30 24 131
FU 30 26 0
FU 30 29 0
FU 30 31 0
FU 30 33 38
FU 30 37 122
FU 30 40 119
FU 31 2 206
FU 31 5 84
FU 31 6 0
FU 31 8 0
FU 31 10 0
FU 31 12 0
FU 31 13 0
FU 31 14 0
FU 31 15 0
FU 31 17 47
FU 31 23 166
FU 31 26 0
FU 31 27 164
FU 31 29 0
FU 31 30 0
FU 31 32 0
FU 31 37 114
FU 31 40 111
FU 32 2 126
FU 32 5 113
FU 32 6 0
FU 32 8 0
FU 32 10 0
FU 32 11 0
FU 32 12 0
FU 32 13 0
FU 32 14 0
FU 32 15 0
FU 32 16 1
FU 32 17 74
FU 32 23 162
FU 32 27 204
FU 32 29 0
FU 32 31 0
FU 32 37 117
FU 32 40 29
FU 33 3 0
FU 33 4 0
FU 33 7 442
FU 33 9 80
FU 33 10 0
FU 33 13 0
FU 33 17 100
FU 33 18 99
FU 33 22 0
FU 33 24 178
FU 33 26 0
FU 33 30 0
FU 33 35 1
FU 33 36 0
FU 33 39 0
FU 33 40 35
FU 34 1 0
FU 34 3 0
FU 34 4 0
FU 34 6 0
FU 34 7 0
FU 34 9 84
FU 34 11 0
FU 34 12 0
FU 34 13 1
FU 34 16 0
FU 34 17 99
FU 34 19 0
FU 34 20 204
FU 34 21 161
FU 34 23 161
FU 34 25 0
FU 34 29 0
FU 34 40 45
FU 35 4 0
FU 35 9 34
FU 35 17 89
FU 35 18 105
FU 35 22 0
FU 35 24 82
FU 35 26 0
FU 35 33 48
FU 35 36 0
FU 35 38 0
FU 35 39 2
FU 36 1 0
FU 36 3 0
FU 36 4 0
FU 36 6 1
FU 36 7 0
FU 36 9 75
FU 36 13 0
FU 36 17 121
FU 36 18 168
FU 36 22 0
FU 36 24 220
FU 36 26 0
FU 36 33 63
FU 36 35 2
FU 36 38 2
FU 36 39 3
FU 37 26 0
FU 38 4 0
FU 38 9 48
FU 38 18 41
FU 38 22 0
FU 38 24 104
FU 38 26 0
FU 38 33 42
FU 38 35 0
FU 38 36 0
FU 38 39 0
FU 39 4 0
FU 39 9 57
FU 39 13 0
FU 39 17 77
FU 39 18 44
FU 39 22 0
FU 39 24 148
FU 39 26 0
FU 39 33 44
FU 39 35 0
FU 39 36 0
FU 39 38 1
FU 40 1 0
FU 40 2 85
FU 40 3 0
FU 40 4 0
FU 40 5 113
FU 40 7 0
FU 40 8 0
FU 40 9 30
FU 40 10 0
FU 40 12 0
FU 40 13 0
FU 40 14 0
FU 40 15 0
FU 40 16 352
FU 40 17 21
FU 40 18 53
FU 40 19 0
FU 40 21 96
FU 40 22 0
FU 40 25 0
FU 40 26 0
FU 40 27 44
FU 40 29 0
FU 40 33 20
FU 40 34 0
