Nodes: 81
Arcs: 1764
Terminals_rem: 0
Nodes_rem: 3
Arcs_rem: 535
First LB: 3
LB: 3
Iter. LB: 0
First UB: 29
UB: 8
Iter. UB: 353
gap: 62.5
BM. Time: 0
Runtime: 555
FL 0 71 31
FL 0 9 2966
FL 0 20 3338
FL 0 61 79
FL 0 2 80
FL 0 10 23
FL 0 55 113
FL 0 3 37
FL 0 76 65
FL 0 54 2601
FL 0 53 33
FL 0 22 14
FL 0 31 132
FL 0 26 4
FL 0 50 56
FL 0 63 88
FL 0 68 33
FL 0 64 85
FL 0 77 15
FL 0 59 48
FL 0 13 21
FL 0 41 44
FL 0 70 5
FL 0 79 19
FL 0 34 20
FL 0 28 13
FL 0 17 14
FL 0 4 72
FL 0 48 41
FL 0 47 25
FL 0 78 14
FL 0 72 67
FL 0 1 152
FL 0 5 201
FL 0 6 113
FL 0 7 2000
FL 0 8 212
FL 0 12 273
FL 0 14 74
FL 0 15 99
FL 0 16 667
FL 0 18 1810
FL 0 19 2226
FL 0 21 734
FL 0 23 159
FL 0 24 228
FL 0 25 1927
FL 0 27 353
FL 0 29 321
FL 0 30 292
FL 0 32 60
FL 0 33 230
FL 0 35 219
FL 0 36 179
FL 0 37 90
FL 0 38 523
FL 0 39 1867
FL 0 40 155
FL 0 42 144
FL 0 43 213
FL 0 44 301
FL 0 45 456
FL 0 46 2262
FL 0 49 109
FL 0 51 147
FL 0 52 214
FL 0 56 1508
FL 0 57 101
FL 0 58 160
FL 0 60 1
FL 0 62 778
FL 0 65 551
FL 0 66 654
FL 0 67 212
FL 0 69 2000
FL 0 73 3458
FL 0 74 2000
FL 0 75 85
FL 0 80 1787
FL 1 6 158
FL 1 23 242
FL 1 28 20
FL 1 37 188
FL 1 51 260
FL 1 52 231
FL 1 58 1833
FL 1 60 1
FL 2 1 56
FL 2 3 2819
FL 2 4 14
FL 2 5 25
FL 2 9 1
FL 2 10 4
FL 2 11 0
FL 2 12 84
FL 2 13 32
FL 2 14 40
FL 2 18 27
FL 2 20 2
FL 2 25 86
FL 2 28 3
FL 2 32 78
FL 2 37 32
FL 2 42 94
FL 2 43 88
FL 2 45 93
FL 2 49 29
FL 2 53 6
FL 2 54 2
FL 2 56 69
FL 2 57 31
FL 2 58 73
FL 2 59 655
FL 2 61 22
FL 2 64 11
FL 2 67 159
FL 2 68 9
FL 2 71 9
FL 2 72 8
FL 2 73 187
FL 2 77 2
FL 2 79 5
FL 3 2 5
FL 3 9 0
FL 3 16 35
FL 3 18 30
FL 3 20 0
FL 3 32 255
FL 3 38 154
FL 3 41 5
FL 3 42 213
FL 3 47 2
FL 3 50 13
FL 3 53 3
FL 3 54 0
FL 3 63 12
FL 3 68 4
FL 3 72 3
FL 3 73 57
FL 3 75 155
FL 4 2 16
FL 4 5 54
FL 4 6 35
FL 4 8 93
FL 4 10 4
FL 4 12 51
FL 4 15 44
FL 4 28 0
FL 4 31 25
FL 4 43 44
FL 4 49 69
FL 4 57 77
FL 4 59 15
FL 4 62 79
FL 4 64 15
FL 4 77 2
FL 5 1 196
FL 5 2 16
FL 5 4 534
FL 5 6 15
FL 5 8 55
FL 5 10 3
FL 5 11 0
FL 5 12 28
FL 5 13 3
FL 5 14 24
FL 5 17 6
FL 5 31 11
FL 5 34 4
FL 5 37 71
FL 5 40 31
FL 5 43 29
FL 5 45 92
FL 5 49 174
FL 5 52 113
FL 5 56 95
FL 5 57 25
FL 5 58 94
FL 5 59 493
FL 5 60 0
FL 5 61 11
FL 5 62 113
FL 5 64 16
FL 5 67 57
FL 5 77 6
FL 5 79 4
FL 6 4 277
FL 6 5 63
FL 6 8 80
FL 6 10 3
FL 6 13 11
FL 6 14 45
FL 6 17 81
FL 6 24 227
FL 6 26 1
FL 6 29 307
FL 6 30 276
FL 6 37 53
FL 6 43 24
FL 6 44 84
FL 6 52 144
FL 6 57 9
FL 6 59 462
FL 6 62 91
FL 6 64 578
FL 6 67 68
FL 6 71 36
FL 6 77 1
FL 8 4 134
FL 8 5 42
FL 8 6 30
FL 8 10 31
FL 8 11 0
FL 8 12 46
FL 8 13 117
FL 8 14 47
FL 8 24 192
FL 8 26 339
FL 8 30 284
FL 8 31 393
FL 8 34 114
FL 8 37 7
FL 8 40 69
FL 8 43 44
FL 8 44 406
FL 8 52 112
FL 8 57 119
FL 8 59 279
FL 8 60 0
FL 8 62 87
FL 8 64 142
FL 8 67 16
FL 8 79 29
FL 9 2 6
FL 9 3 5
FL 9 16 51
FL 9 18 32
FL 9 20 0
FL 9 25 43
FL 9 32 118
FL 9 35 239
FL 9 38 57
FL 9 41 5
FL 9 42 125
FL 9 50 12
FL 9 53 3
FL 9 54 0
FL 9 63 12
FL 9 65 39
FL 9 68 5
FL 9 72 3
FL 9 73 53
FL 9 75 159
FL 10 1 91
FL 10 2 33
FL 10 4 861
FL 10 5 65
FL 10 6 44
FL 10 8 128
FL 10 11 0
FL 10 12 150
FL 10 13 14
FL 10 14 111
FL 10 15 214
FL 10 17 423
FL 10 23 110
FL 10 25 183
FL 10 28 110
FL 10 31 30
FL 10 34 18
FL 10 37 32
FL 10 40 128
FL 10 43 39
FL 10 45 247
FL 10 49 85
FL 10 52 123
FL 10 56 167
FL 10 57 81
FL 10 58 53
FL 10 60 0
FL 10 61 19
FL 10 62 147
FL 10 64 19
FL 10 67 160
FL 10 71 260
FL 10 77 183
FL 10 78 242
FL 10 79 13
FL 11 1 3657
FL 11 2 409
FL 11 5 2123
FL 11 6 3685
FL 11 8 732
FL 11 10 5341
FL 11 12 1699
FL 11 13 5804
FL 11 14 305
FL 11 15 926
FL 11 17 884
FL 11 22 1308
FL 11 23 117
FL 11 24 505
FL 11 26 712
FL 11 28 3128
FL 11 29 488
FL 11 30 990
FL 11 34 1341
FL 11 36 3555
FL 11 37 655
FL 11 40 2285
FL 11 43 1871
FL 11 44 2119
FL 11 49 202
FL 11 51 1916
FL 11 52 814
FL 11 57 345
FL 11 60 55514
FL 11 67 761
FL 11 70 1404
FL 11 71 2537
FL 11 77 3678
FL 11 78 1880
FL 11 79 1809
FL 11 0 42501
FL 12 1 50
FL 12 2 332
FL 12 4 69
FL 12 5 39
FL 12 6 46
FL 12 8 102
FL 12 10 34
FL 12 11 0
FL 12 13 25
FL 12 14 71
FL 12 15 37
FL 12 17 15
FL 12 28 11
FL 12 31 145
FL 12 34 43
FL 12 37 59
FL 12 40 32
FL 12 43 55
FL 12 45 186
FL 12 49 77
FL 12 52 106
FL 12 56 42
FL 12 57 129
FL 12 58 111
FL 12 60 0
FL 12 61 139
FL 12 64 204
FL 12 67 45
FL 12 71 43
FL 12 77 15
FL 12 79 19
FL 13 1 108
FL 13 2 2328
FL 13 5 11
FL 13 6 15
FL 13 8 70
FL 13 10 80
FL 13 11 0
FL 13 12 44
FL 13 14 86
FL 13 15 159
FL 13 17 169
FL 13 22 388
FL 13 23 82
FL 13 24 202
FL 13 26 662
FL 13 28 32
FL 13 29 331
FL 13 30 97
FL 13 31 7
FL 13 34 185
FL 13 36 55
FL 13 37 9
FL 13 40 27
FL 13 43 30
FL 13 44 612
FL 13 49 173
FL 13 51 23
FL 13 52 108
FL 13 57 99
FL 13 60 0
FL 13 67 88
FL 13 70 591
FL 13 71 108
FL 13 77 112
FL 13 78 148
FL 13 79 0
FL 14 6 75
FL 14 8 98
FL 14 11 0
FL 14 13 1
FL 14 17 0
FL 14 40 53
FL 14 58 42
FL 15 11 0
FL 15 13 7
FL 15 34 251
FL 15 40 56
FL 15 51 8
FL 15 66 375
FL 16 27 285
FL 16 53 4
FL 16 55 8
FL 16 66 139
FL 16 68 8
FL 16 78 7
FL 17 1 33
FL 17 5 20
FL 17 6 29
FL 17 10 0
FL 17 11 0
FL 17 12 31
FL 17 13 1
FL 17 14 35
FL 17 23 144
FL 17 31 6
FL 17 37 13
FL 17 43 18
FL 17 45 101
FL 17 49 41
FL 17 56 8
FL 17 57 18
FL 17 58 81
FL 17 59 383
FL 17 60 0
FL 17 61 4
FL 17 62 103
FL 17 64 4
FL 17 67 78
FL 17 71 0
FL 17 77 0
FL 17 79 0
FL 18 2 3080
FL 18 50 17
FL 18 53 862
FL 19 16 187
FL 19 21 77
FL 19 27 166
FL 19 33 267
FL 19 36 54
FL 19 46 65
FL 19 51 41
FL 19 52 142
FL 19 55 142
FL 19 63 21
FL 19 66 255
FL 19 71 188
FL 19 76 295
FL 19 78 57
FL 19 80 264
FL 20 2 6
FL 20 3 6
FL 20 9 0
FL 20 14 71
FL 20 16 102
FL 20 18 27
FL 20 25 38
FL 20 32 262
FL 20 35 259
FL 20 38 100
FL 20 41 5
FL 20 42 202
FL 20 50 13
FL 20 54 0
FL 20 55 9
FL 20 63 13
FL 20 65 63
FL 20 72 3
FL 20 73 65
FL 20 75 96
FL 21 19 148
FL 21 27 218
FL 21 35 121
FL 21 36 67
FL 21 38 1584
FL 21 48 1561
FL 21 55 661
FL 21 65 6
FL 21 76 2916
FL 21 80 338
FL 22 11 0
FL 22 13 0
FL 22 15 112
FL 22 23 226
FL 22 28 27
FL 22 34 2
FL 22 37 12
FL 22 39 127
FL 22 40 49
FL 22 46 51
FL 22 51 37
FL 22 52 16
FL 22 71 1
FL 22 78 0
FL 24 6 19
FL 24 8 11
FL 24 13 8
FL 24 30 134
FL 24 39 71
FL 24 44 49
FL 25 2 26
FL 25 9 0
FL 25 10 246
FL 25 16 115
FL 25 18 175
FL 25 20 0
FL 25 32 129
FL 25 41 1188
FL 25 42 68
FL 25 45 95
FL 25 50 25
FL 25 53 10
FL 25 56 91
FL 25 57 38
FL 25 58 50
FL 25 60 0
FL 25 61 854
FL 25 63 21
FL 25 67 41
FL 25 68 12
FL 25 73 247
FL 25 77 115
FL 25 79 244
FL 26 6 22
FL 26 8 97
FL 26 11 0
FL 26 13 5
FL 26 39 55
FL 26 44 81
FL 27 16 48
FL 28 1 43
FL 28 2 4
FL 28 4 257
FL 28 10 51
FL 28 11 0
FL 28 12 31
FL 28 13 1
FL 28 14 91
FL 28 15 34
FL 28 19 62
FL 28 22 2
FL 28 23 147
FL 28 34 239
FL 28 36 79
FL 28 37 49
FL 28 39 33
FL 28 40 14
FL 28 45 77
FL 28 46 30
FL 28 51 20
FL 28 52 19
FL 28 56 8
FL 28 58 54
FL 28 61 419
FL 28 66 135
FL 28 67 49
FL 28 71 0
FL 28 77 186
FL 28 78 0
FL 28 79 269
FL 29 6 32
FL 29 13 0
FL 29 30 215
FL 29 39 107
FL 29 70 2
FL 30 6 43
FL 30 8 88
FL 30 11 0
FL 30 13 2
FL 30 24 248
FL 30 29 214
FL 30 39 75
FL 30 44 105
FL 31 1 69
FL 31 4 7
FL 31 5 26
FL 31 6 62
FL 31 8 82
FL 31 10 2
FL 31 12 68
FL 31 13 10
FL 31 14 33
FL 31 17 4
FL 31 23 96
FL 31 37 17
FL 31 43 42
FL 31 49 70
FL 31 56 27
FL 31 57 126
FL 31 58 22
FL 31 59 4
FL 31 61 8
FL 31 62 33
FL 31 64 9
FL 31 67 62
FL 31 71 5
FL 31 77 0
FL 31 79 2
FL 34 1 31
FL 34 5 21
FL 34 6 33
FL 34 8 89
FL 34 10 0
FL 34 11 0
FL 34 12 86
FL 34 13 0
FL 34 14 61
FL 34 15 30
FL 34 19 38
FL 34 22 2
FL 34 23 121
FL 34 28 0
FL 34 36 22
FL 34 37 68
FL 34 39 98
FL 34 40 49
FL 34 43 34
FL 34 46 26
FL 34 49 35
FL 34 51 8
FL 34 52 20
FL 34 57 36
FL 34 60 0
FL 34 71 0
FL 34 78 0
FL 34 79 0
FL 36 11 0
FL 36 13 3
FL 36 16 38
FL 36 19 87
FL 36 21 24
FL 36 27 149
FL 36 33 378
FL 36 37 14
FL 36 40 79
FL 36 46 37
FL 36 48 1092
FL 36 52 17
FL 36 55 87
FL 36 63 548
FL 36 66 141
FL 36 71 42
FL 36 73 80
FL 36 75 207
FL 36 76 142
FL 36 78 161
FL 37 5 19
FL 37 6 44
FL 37 8 96
FL 37 10 0
FL 37 12 42
FL 37 13 0
FL 37 14 41
FL 37 15 55
FL 37 17 100
FL 37 22 653
FL 37 28 0
FL 37 36 61
FL 37 40 68
FL 37 43 25
FL 37 51 21
FL 37 52 26
FL 37 60 0
FL 37 71 1
FL 37 77 0
FL 37 78 82
FL 38 72 1050
FL 39 24 338
FL 39 26 2
FL 39 29 299
FL 39 30 283
FL 39 40 110
FL 39 44 131
FL 39 46 187
FL 39 66 222
FL 39 70 192
FL 40 5 89
FL 40 8 92
FL 40 10 7
FL 40 11 0
FL 40 12 50
FL 40 13 120
FL 40 14 51
FL 40 15 64
FL 40 22 51
FL 40 23 133
FL 40 28 85
FL 40 34 68
FL 40 36 76
FL 40 37 67
FL 40 39 324
FL 40 49 39
FL 40 51 38
FL 40 52 118
FL 40 57 98
FL 40 60 0
FL 40 71 96
FL 40 78 131
FL 41 3 8
FL 41 9 0
FL 41 18 30
FL 41 20 0
FL 41 25 42
FL 41 32 157
FL 41 38 131
FL 41 42 101
FL 41 47 3
FL 41 50 18
FL 41 53 3
FL 41 54 0
FL 41 68 6
FL 41 72 5
FL 41 73 113
FL 41 75 198
FL 42 47 7
FL 43 1 31
FL 43 2 348
FL 43 4 253
FL 43 5 16
FL 43 6 28
FL 43 8 59
FL 43 10 12
FL 43 11 0
FL 43 12 51
FL 43 13 21
FL 43 14 64
FL 43 17 65
FL 43 31 208
FL 43 34 50
FL 43 37 18
FL 43 45 105
FL 43 49 137
FL 43 52 111
FL 43 56 36
FL 43 57 141
FL 43 58 29
FL 43 60 0
FL 43 61 74
FL 43 62 144
FL 43 64 138
FL 43 67 31
FL 43 77 57
FL 43 79 73
FL 44 6 31
FL 44 8 72
FL 44 11 0
FL 44 13 53
FL 44 24 352
FL 44 26 540
FL 44 30 204
FL 44 39 252
FL 44 70 576
FL 45 5 31
FL 45 25 80
FL 45 28 98
FL 45 60 0
FL 45 62 158
FL 46 15 148
FL 46 19 217
FL 46 27 238
FL 46 28 90
FL 46 34 12
FL 46 51 29
FL 46 55 1236
FL 46 66 311
FL 46 71 108
FL 46 80 303
FL 47 3 7
FL 47 38 154
FL 47 41 5
FL 47 42 90
FL 47 50 14
FL 47 72 5
FL 48 19 36
FL 48 21 20
FL 48 35 226
FL 48 36 73
FL 48 55 4
FL 48 75 174
FL 48 76 6
FL 48 80 172
FL 49 40 70
FL 50 3 5
FL 50 9 0
FL 50 14 33
FL 50 16 113
FL 50 18 32
FL 50 20 0
FL 50 25 41
FL 50 32 185
FL 50 38 111
FL 50 41 1523
FL 50 42 63
FL 50 47 2233
FL 50 53 707
FL 50 54 0
FL 50 60 0
FL 50 63 1103
FL 50 68 2418
FL 50 72 703
FL 50 73 44
FL 51 1 33
FL 51 11 0
FL 51 13 5
FL 51 15 146
FL 51 16 107
FL 51 19 57
FL 51 22 148
FL 51 28 67
FL 51 37 48
FL 51 40 8
FL 51 46 50
FL 51 52 114
FL 51 60 0
FL 51 63 1484
FL 51 65 29
FL 51 66 117
FL 51 71 35
FL 51 78 130
FL 52 1 34
FL 52 5 21
FL 52 6 33
FL 52 8 133
FL 52 10 27
FL 52 11 0
FL 52 12 1198
FL 52 13 25
FL 52 15 45
FL 52 19 570
FL 52 22 84
FL 52 23 30
FL 52 28 73
FL 52 34 135
FL 52 36 738
FL 52 37 33
FL 52 39 405
FL 52 40 204
FL 52 43 1131
FL 52 46 280
FL 52 49 97
FL 52 51 593
FL 52 57 26
FL 52 60 0
FL 52 71 27
FL 52 78 59
FL 52 79 370
FL 53 2 12
FL 53 3 7
FL 53 9 0
FL 53 16 30
FL 53 18 35
FL 53 25 36
FL 53 32 74
FL 53 41 5
FL 53 42 141
FL 53 50 13
FL 53 54 0
FL 53 68 5
FL 53 72 4
FL 53 73 77
FL 54 2 11
FL 54 3 7
FL 54 9 0
FL 54 14 47
FL 54 16 58
FL 54 18 51
FL 54 20 0
FL 54 25 45
FL 54 32 137
FL 54 41 5
FL 54 42 124
FL 54 50 14
FL 54 53 3
FL 54 63 13
FL 54 68 5
FL 54 72 4
FL 54 73 79
FL 55 16 74
FL 55 19 110
FL 55 20 0
FL 55 21 43
FL 55 27 131
FL 55 33 358
FL 55 35 273
FL 55 36 50
FL 55 39 173
FL 55 46 38
FL 55 48 10
FL 55 63 13
FL 55 65 68
FL 55 66 119
FL 55 73 59
FL 55 75 99
FL 55 76 9
FL 55 80 207
FL 56 1 63
FL 56 5 25
FL 56 10 98
FL 56 12 79
FL 56 14 66
FL 56 15 80
FL 56 17 234
FL 56 25 84
FL 56 28 86
FL 56 31 1839
FL 56 43 104
FL 56 45 177
FL 56 49 94
FL 56 57 103
FL 56 58 73
FL 56 60 0
FL 56 61 681
FL 56 62 133
FL 56 64 623
FL 56 67 69
FL 56 77 77
FL 56 79 270
FL 57 8 98
FL 57 62 86
FL 57 64 6
FL 58 2 56
FL 58 5 113
FL 58 10 14
FL 58 14 116
FL 58 17 12
FL 58 25 474
FL 58 28 203
FL 58 43 113
FL 58 57 103
FL 58 60 0
FL 58 67 140
FL 58 77 302
FL 58 79 14
FL 59 2 14
FL 59 4 7
FL 59 5 17
FL 59 6 72
FL 59 8 79
FL 59 17 6
FL 59 31 21
FL 59 49 88
FL 59 62 50
FL 59 64 9
FL 60 1 49
FL 60 5 1136
FL 60 8 2170
FL 60 10 130
FL 60 11 0
FL 60 12 53
FL 60 13 2735
FL 60 14 22
FL 60 15 63
FL 60 17 824
FL 60 18 3280
FL 60 23 93
FL 60 25 2251
FL 60 32 241
FL 60 34 403
FL 60 37 1519
FL 60 40 92
FL 60 43 51
FL 60 45 369
FL 60 50 11049
FL 60 51 1270
FL 60 52 5340
FL 60 56 4848
FL 60 57 40
FL 60 58 755
FL 60 61 437
FL 60 65 9571
FL 60 67 75
FL 60 71 1434
FL 60 73 2559
FL 60 77 145
FL 60 78 315
FL 60 79 197
FL 61 1 62
FL 61 2 8
FL 61 5 34
FL 61 10 3
FL 61 12 63
FL 61 14 21
FL 61 15 62
FL 61 17 8
FL 61 25 36
FL 61 28 100
FL 61 31 14
FL 61 43 62
FL 61 45 179
FL 61 49 200
FL 61 56 28
FL 61 57 85
FL 61 58 43
FL 61 60 0
FL 61 62 123
FL 61 64 12
FL 61 67 118
FL 61 77 0
FL 61 79 3
FL 62 4 18
FL 62 6 99
FL 62 8 120
FL 62 10 12
FL 62 14 57
FL 62 17 10
FL 62 43 68
FL 62 57 35
FL 62 59 18
FL 62 61 20
FL 62 64 21
FL 62 77 5
FL 62 79 10
FL 63 3 6
FL 63 9 0
FL 63 14 65
FL 63 16 56
FL 63 18 33
FL 63 19 45
FL 63 20 0
FL 63 25 48
FL 63 35 165
FL 63 36 70
FL 63 38 70
FL 63 42 218
FL 63 50 8
FL 63 51 6
FL 63 54 0
FL 63 55 7
FL 63 65 46
FL 63 72 5
FL 63 73 57
FL 63 75 270
FL 63 76 10
FL 63 80 203
FL 64 2 16
FL 64 4 8
FL 64 5 38
FL 64 6 25
FL 64 8 73
FL 64 10 4
FL 64 12 50
FL 64 14 117
FL 64 17 4
FL 64 31 14
FL 64 43 44
FL 64 49 74
FL 64 56 52
FL 64 57 68
FL 64 59 6
FL 64 61 10
FL 64 62 80
FL 64 67 73
FL 64 77 1
FL 64 79 5
FL 65 21 8533
FL 65 51 47
FL 66 15 36
FL 66 16 90
FL 66 27 314
FL 66 28 66
FL 66 51 43
FL 67 6 24
FL 67 8 66
FL 67 10 1
FL 67 11 0
FL 67 13 0
FL 67 14 58
FL 67 15 42
FL 67 17 3
FL 67 25 28
FL 67 28 0
FL 67 37 52
FL 67 43 80
FL 67 49 66
FL 67 57 33
FL 67 58 45
FL 67 60 0
FL 67 61 9
FL 67 62 54
FL 67 64 8
FL 67 77 0
FL 67 79 1
FL 68 2 12
FL 68 3 6
FL 68 9 0
FL 68 16 115
FL 68 18 11
FL 68 25 40
FL 68 32 107
FL 68 41 5
FL 68 42 196
FL 68 50 15
FL 68 53 2
FL 68 54 0
FL 68 72 4
FL 70 11 0
FL 70 13 5
FL 70 29 396
FL 70 39 177
FL 70 44 192
FL 71 1 44
FL 71 2 6
FL 71 6 50
FL 71 10 81
FL 71 11 0
FL 71 12 54
FL 71 13 35
FL 71 14 176
FL 71 15 53
FL 71 17 121
FL 71 19 45
FL 71 22 5
FL 71 23 118
FL 71 28 97
FL 71 31 13
FL 71 34 7
FL 71 36 45
FL 71 37 31
FL 71 40 100
FL 71 46 1339
FL 71 49 88
FL 71 51 54
FL 71 52 161
FL 71 57 83
FL 71 60 0
FL 71 78 158
FL 72 2 18
FL 72 3 13
FL 72 9 0
FL 72 16 208
FL 72 18 75
FL 72 20 0
FL 72 25 75
FL 72 32 38
FL 72 38 166
FL 72 41 9
FL 72 42 96
FL 72 47 5
FL 72 50 19
FL 72 53 5
FL 72 54 0
FL 72 63 19
FL 72 68 8
FL 72 73 131
FL 73 3 20
FL 73 9 0
FL 73 14 104
FL 73 16 218
FL 73 18 311
FL 73 25 164
FL 73 32 159
FL 73 35 226
FL 73 36 116
FL 73 41 16
FL 73 42 132
FL 73 50 28
FL 73 53 798
FL 73 55 1525
FL 73 60 0
FL 73 63 30
FL 73 65 163
FL 73 72 1021
FL 73 75 235
FL 76 16 106
FL 76 19 48
FL 76 21 23
FL 76 27 194
FL 76 33 406
FL 76 35 166
FL 76 36 23
FL 76 48 7
FL 76 55 5
FL 76 63 11
FL 76 65 44
FL 76 66 81
FL 76 75 215
FL 76 80 133
FL 77 1 54
FL 77 2 7
FL 77 4 112
FL 77 5 29
FL 77 6 11
FL 77 10 166
FL 77 11 0
FL 77 12 33
FL 77 13 38
FL 77 14 36
FL 77 15 62
FL 77 17 146
FL 77 25 30
FL 77 28 73
FL 77 31 14
FL 77 37 70
FL 77 43 70
FL 77 45 129
FL 77 49 109
FL 77 56 42
FL 77 57 18
FL 77 58 71
FL 77 60 0
FL 77 61 373
FL 77 62 100
FL 77 64 827
FL 77 67 142
FL 77 79 168
FL 78 1 59
FL 78 10 198
FL 78 11 0
FL 78 13 68
FL 78 14 30
FL 78 15 122
FL 78 16 33
FL 78 19 248
FL 78 22 5
FL 78 23 182
FL 78 28 0
FL 78 34 7
FL 78 36 63
FL 78 37 36
FL 78 40 118
FL 78 51 17
FL 78 52 147
FL 78 57 48
FL 78 60 0
FL 78 71 3
FL 79 1 18
FL 79 2 6
FL 79 5 61
FL 79 6 48
FL 79 8 84
FL 79 10 8
FL 79 11 0
FL 79 12 17
FL 79 13 69
FL 79 14 71
FL 79 15 64
FL 79 17 22
FL 79 25 39
FL 79 28 21
FL 79 31 14
FL 79 34 9
FL 79 37 91
FL 79 43 21
FL 79 45 61
FL 79 49 14
FL 79 52 175
FL 79 56 37
FL 79 57 75
FL 79 58 71
FL 79 60 0
FL 79 61 105
FL 79 62 134
FL 79 64 35
FL 79 67 126
FL 79 77 28
FL 80 19 284
FL 80 21 166
FL 80 33 361
FL 80 35 106
FL 80 46 327
FL 80 55 37
FL 80 75 107
FL 80 76 19
FU 0 71 3
FU 0 9 2000
FU 0 20 2000
FU 0 61 21
FU 0 2 14
FU 0 10 3
FU 0 55 21
FU 0 3 2
FU 0 76 14
FU 0 54 2000
FU 0 53 5
FU 0 22 2
FU 0 31 31
FU 0 26 1
FU 0 50 1
FU 0 63 17
FU 0 68 5
FU 0 64 19
FU 0 77 3
FU 0 59 11
FU 0 13 4
FU 0 41 13
FU 0 70 1
FU 0 79 2
FU 0 34 2
FU 0 28 1
FU 0 17 3
FU 0 4 16
FU 0 48 10
FU 0 47 3
FU 0 78 3
FU 0 72 14
FU 0 1 92
FU 0 5 101
FU 0 6 49
FU 0 7 2000
FU 0 8 72
FU 0 12 138
FU 0 14 53
FU 0 15 75
FU 0 16 390
FU 0 18 402
FU 0 19 702
FU 0 21 138
FU 0 23 166
FU 0 24 170
FU 0 25 330
FU 0 27 334
FU 0 29 261
FU 0 30 202
FU 0 32 63
FU 0 33 228
FU 0 35 224
FU 0 36 53
FU 0 37 61
FU 0 38 251
FU 0 39 648
FU 0 40 65
FU 0 42 142
FU 0 43 121
FU 0 44 211
FU 0 45 260
FU 0 46 638
FU 0 49 105
FU 0 51 104
FU 0 52 42
FU 0 56 264
FU 0 57 84
FU 0 58 116
FU 0 60 1
FU 0 62 377
FU 0 65 94
FU 0 66 360
FU 0 67 113
FU 0 69 2000
FU 0 73 552
FU 0 74 2000
FU 0 75 92
FU 0 80 675
FU 1 6 60
FU 1 23 237
FU 1 28 1
FU 1 37 101
FU 1 51 125
FU 1 52 58
FU 1 58 665
FU 1 60 0
FU 2 1 38
FU 2 3 1998
FU 2 4 2
FU 2 5 19
FU 2 9 0
FU 2 10 0
FU 2 11 0
FU 2 12 47
FU 2 13 21
FU 2 14 38
FU 2 18 62
FU 2 20 0
FU 2 25 66
FU 2 28 0
FU 2 32 82
FU 2 37 28
FU 2 42 85
FU 2 43 92
FU 2 45 86
FU 2 49 31
FU 2 53 0
FU 2 54 0
FU 2 56 43
FU 2 57 32
FU 2 58 64
FU 2 59 480
FU 2 61 9
FU 2 64 0
FU 2 67 154
FU 2 68 0
FU 2 71 3
FU 2 72 1
FU 2 73 54
FU 2 77 0
FU 2 79 0
FU 3 2 0
FU 3 9 0
FU 3 16 32
FU 3 18 50
FU 3 20 0
FU 3 32 252
FU 3 38 156
FU 3 41 0
FU 3 42 204
FU 3 47 0
FU 3 50 0
FU 3 53 0
FU 3 54 0
FU 3 63 2
FU 3 68 0
FU 3 72 0
FU 3 73 33
FU 3 75 154
FU 4 2 0
FU 4 5 48
FU 4 6 34
FU 4 8 16
FU 4 10 0
FU 4 12 56
FU 4 15 40
FU 4 28 0
FU 4 31 22
FU 4 43 33
FU 4 49 61
FU 4 57 61
FU 4 59 0
FU 4 62 68
FU 4 64 0
FU 4 77 0
FU 5 1 112
FU 5 2 1
FU 5 4 487
FU 5 6 12
FU 5 8 8
FU 5 10 0
FU 5 11 0
FU 5 12 14
FU 5 13 0
FU 5 14 20
FU 5 17 0
FU 5 31 1
FU 5 34 0
FU 5 37 93
FU 5 40 23
FU 5 43 33
FU 5 45 78
FU 5 49 170
FU 5 52 193
FU 5 56 33
FU 5 57 27
FU 5 58 56
FU 5 59 463
FU 5 60 0
FU 5 61 0
FU 5 62 109
FU 5 64 8
FU 5 67 52
FU 5 77 0
FU 5 79 2
FU 6 4 252
FU 6 5 64
FU 6 8 171
FU 6 10 0
FU 6 13 26
FU 6 14 47
FU 6 17 93
FU 6 24 223
FU 6 26 0
FU 6 29 304
FU 6 30 247
FU 6 37 53
FU 6 43 27
FU 6 44 95
FU 6 52 742
FU 6 57 7
FU 6 59 445
FU 6 62 87
FU 6 64 529
FU 6 67 60
FU 6 71 100
FU 6 77 0
FU 8 4 143
FU 8 5 51
FU 8 6 21
FU 8 10 36
FU 8 11 0
FU 8 12 42
FU 8 13 48
FU 8 14 45
FU 8 24 187
FU 8 26 326
FU 8 30 230
FU 8 31 354
FU 8 34 106
FU 8 37 14
FU 8 40 73
FU 8 43 47
FU 8 44 203
FU 8 52 124
FU 8 57 119
FU 8 59 252
FU 8 60 0
FU 8 62 83
FU 8 64 127
FU 8 67 14
FU 8 79 47
FU 9 2 0
FU 9 3 0
FU 9 16 56
FU 9 18 64
FU 9 20 0
FU 9 25 58
FU 9 32 125
FU 9 35 247
FU 9 38 64
FU 9 41 0
FU 9 42 119
FU 9 50 0
FU 9 53 0
FU 9 54 0
FU 9 63 0
FU 9 65 17
FU 9 68 0
FU 9 72 0
FU 9 73 39
FU 9 75 160
FU 10 1 70
FU 10 2 4
FU 10 4 493
FU 10 5 49
FU 10 6 35
FU 10 8 40
FU 10 11 0
FU 10 12 103
FU 10 13 16
FU 10 14 107
FU 10 15 145
FU 10 17 297
FU 10 23 107
FU 10 25 57
FU 10 28 99
FU 10 31 2
FU 10 34 9
FU 10 37 28
FU 10 40 119
FU 10 43 51
FU 10 45 194
FU 10 49 78
FU 10 52 4
FU 10 56 34
FU 10 57 54
FU 10 58 65
FU 10 60 0
FU 10 61 1
FU 10 62 138
FU 10 64 0
FU 10 67 130
FU 10 71 137
FU 10 77 150
FU 10 78 174
FU 10 79 0
FU 11 1 883
FU 11 2 60
FU 11 5 646
FU 11 6 931
FU 11 8 129
FU 11 10 968
FU 11 12 553
FU 11 13 834
FU 11 14 156
FU 11 15 412
FU 11 17 389
FU 11 22 783
FU 11 23 112
FU 11 24 372
FU 11 26 554
FU 11 28 872
FU 11 29 330
FU 11 30 505
FU 11 34 653
FU 11 36 878
FU 11 37 261
FU 11 40 733
FU 11 43 587
FU 11 44 714
FU 11 49 169
FU 11 51 569
FU 11 52 37
FU 11 57 220
FU 11 60 1999
FU 11 67 367
FU 11 70 817
FU 11 71 695
FU 11 77 905
FU 11 78 692
FU 11 79 681
FU 11 0 2000
FU 12 1 60
FU 12 2 118
FU 12 4 37
FU 12 5 45
FU 12 6 41
FU 12 8 115
FU 12 10 18
FU 12 11 0
FU 12 13 18
FU 12 14 66
FU 12 15 46
FU 12 17 30
FU 12 28 11
FU 12 31 115
FU 12 34 22
FU 12 37 48
FU 12 40 57
FU 12 43 36
FU 12 45 161
FU 12 49 72
FU 12 52 0
FU 12 56 46
FU 12 57 130
FU 12 58 111
FU 12 60 0
FU 12 61 101
FU 12 64 166
FU 12 67 59
FU 12 71 36
FU 12 77 19
FU 12 79 11
FU 13 1 107
FU 13 2 833
FU 13 5 31
FU 13 6 23
FU 13 8 25
FU 13 10 59
FU 13 11 0
FU 13 12 32
FU 13 14 81
FU 13 15 148
FU 13 17 193
FU 13 22 349
FU 13 23 76
FU 13 24 215
FU 13 26 609
FU 13 28 37
FU 13 29 307
FU 13 30 92
FU 13 31 0
FU 13 34 142
FU 13 36 78
FU 13 37 7
FU 13 40 19
FU 13 43 29
FU 13 44 280
FU 13 49 174
FU 13 51 40
FU 13 52 93
FU 13 57 100
FU 13 60 0
FU 13 67 94
FU 13 70 533
FU 13 71 113
FU 13 77 115
FU 13 78 137
FU 13 79 0
FU 14 6 74
FU 14 8 80
FU 14 11 0
FU 14 13 0
FU 14 17 0
FU 14 40 64
FU 14 58 60
FU 15 11 0
FU 15 13 8
FU 15 34 257
FU 15 40 52
FU 15 51 10
FU 15 66 303
FU 16 27 294
FU 16 53 0
FU 16 55 0
FU 16 66 129
FU 16 68 0
FU 16 78 0
FU 17 1 41
FU 17 5 32
FU 17 6 31
FU 17 10 0
FU 17 11 0
FU 17 12 30
FU 17 13 0
FU 17 14 30
FU 17 23 145
FU 17 31 0
FU 17 37 15
FU 17 43 29
FU 17 45 121
FU 17 49 41
FU 17 56 21
FU 17 57 22
FU 17 58 72
FU 17 59 349
FU 17 60 0
FU 17 61 0
FU 17 62 100
FU 17 64 0
FU 17 67 80
FU 17 71 0
FU 17 77 0
FU 17 79 0
FU 18 2 814
FU 18 50 0
FU 18 53 711
FU 19 16 161
FU 19 21 41
FU 19 27 163
FU 19 33 268
FU 19 36 36
FU 19 46 67
FU 19 51 56
FU 19 52 21
FU 19 55 103
FU 19 63 2
FU 19 66 222
FU 19 71 102
FU 19 76 179
FU 19 78 22
FU 19 80 206
FU 20 2 0
FU 20 3 0
FU 20 9 0
FU 20 14 62
FU 20 16 100
FU 20 18 28
FU 20 25 20
FU 20 32 264
FU 20 35 257
FU 20 38 111
FU 20 41 0
FU 20 42 203
FU 20 50 0
FU 20 54 0
FU 20 55 0
FU 20 63 0
FU 20 65 28
FU 20 72 0
FU 20 73 90
FU 20 75 102
FU 21 19 123
FU 21 27 215
FU 21 35 120
FU 21 36 76
FU 21 38 798
FU 21 48 1009
FU 21 55 577
FU 21 65 5
FU 21 76 1675
FU 21 80 267
FU 22 11 0
FU 22 13 0
FU 22 15 117
FU 22 23 228
FU 22 28 40
FU 22 34 0
FU 22 37 7
FU 22 39 141
FU 22 40 42
FU 22 46 75
FU 22 51 45
FU 22 52 0
FU 22 71 0
FU 22 78 0
FU 24 6 21
FU 24 8 16
FU 24 13 7
FU 24 30 131
FU 24 39 57
FU 24 44 58
FU 25 2 2
FU 25 9 0
FU 25 10 204
FU 25 16 86
FU 25 18 93
FU 25 20 0
FU 25 32 128
FU 25 41 614
FU 25 42 75
FU 25 45 100
FU 25 50 0
FU 25 53 0
FU 25 56 29
FU 25 57 42
FU 25 58 42
FU 25 60 0
FU 25 61 389
FU 25 63 2
FU 25 67 37
FU 25 68 0
FU 25 73 155
FU 25 77 82
FU 25 79 209
FU 26 6 28
FU 26 8 83
FU 26 11 0
FU 26 13 3
FU 26 39 54
FU 26 44 93
FU 27 16 39
FU 28 1 34
FU 28 2 0
FU 28 4 236
FU 28 10 54
FU 28 11 0
FU 28 12 34
FU 28 13 0
FU 28 14 78
FU 28 15 33
FU 28 19 57
FU 28 22 0
FU 28 23 150
FU 28 34 230
FU 28 36 87
FU 28 37 58
FU 28 39 61
FU 28 40 17
FU 28 45 85
FU 28 46 44
FU 28 51 44
FU 28 52 49
FU 28 56 15
FU 28 58 97
FU 28 61 378
FU 28 66 142
FU 28 67 51
FU 28 71 0
FU 28 77 174
FU 28 78 0
FU 28 79 249
FU 29 6 28
FU 29 13 0
FU 29 30 192
FU 29 39 88
FU 29 70 0
FU 30 6 41
FU 30 8 86
FU 30 11 0
FU 30 13 47
FU 30 24 221
FU 30 29 189
FU 30 39 103
FU 30 44 92
FU 31 1 60
FU 31 4 0
FU 31 5 28
FU 31 6 70
FU 31 8 47
FU 31 10 0
FU 31 12 52
FU 31 13 1
FU 31 14 48
FU 31 17 0
FU 31 23 105
FU 31 37 52
FU 31 43 35
FU 31 49 68
FU 31 56 7
FU 31 57 129
FU 31 58 18
FU 31 59 0
FU 31 61 0
FU 31 62 37
FU 31 64 0
FU 31 67 68
FU 31 71 1
FU 31 77 0
FU 31 79 0
FU 34 1 42
FU 34 5 34
FU 34 6 41
FU 34 8 136
FU 34 10 0
FU 34 11 0
FU 34 12 87
FU 34 13 0
FU 34 14 56
FU 34 15 23
FU 34 19 46
FU 34 22 0
FU 34 23 119
FU 34 28 0
FU 34 36 62
FU 34 37 73
FU 34 39 85
FU 34 40 42
FU 34 43 41
FU 34 46 40
FU 34 49 39
FU 34 51 20
FU 34 52 8
FU 34 57 38
FU 34 60 0
FU 34 71 0
FU 34 78 0
FU 34 79 0
FU 36 11 0
FU 36 13 2
FU 36 16 36
FU 36 19 101
FU 36 21 18
FU 36 27 145
FU 36 33 379
FU 36 37 31
FU 36 40 79
FU 36 46 27
FU 36 48 980
FU 36 52 0
FU 36 55 80
FU 36 63 469
FU 36 66 138
FU 36 71 69
FU 36 73 124
FU 36 75 210
FU 36 76 128
FU 36 78 166
FU 37 5 26
FU 37 6 64
FU 37 8 80
FU 37 10 0
FU 37 12 53
FU 37 13 0
FU 37 14 36
FU 37 15 49
FU 37 17 111
FU 37 22 605
FU 37 28 0
FU 37 36 75
FU 37 40 58
FU 37 43 31
FU 37 51 32
FU 37 52 87
FU 37 60 0
FU 37 71 0
FU 37 77 0
FU 37 78 107
FU 38 72 737
FU 39 24 292
FU 39 26 0
FU 39 29 268
FU 39 30 231
FU 39 40 73
FU 39 44 116
FU 39 46 104
FU 39 66 150
FU 39 70 145
FU 40 5 47
FU 40 8 21
FU 40 10 0
FU 40 11 0
FU 40 12 44
FU 40 13 84
FU 40 14 35
FU 40 15 47
FU 40 22 41
FU 40 23 127
FU 40 28 77
FU 40 34 52
FU 40 36 62
FU 40 37 51
FU 40 39 171
FU 40 49 36
FU 40 51 22
FU 40 52 15
FU 40 57 76
FU 40 60 0
FU 40 71 96
FU 40 78 121
FU 41 3 0
FU 41 9 0
FU 41 18 34
FU 41 20 0
FU 41 25 21
FU 41 32 158
FU 41 38 103
FU 41 42 100
FU 41 47 0
FU 41 50 0
FU 41 53 0
FU 41 54 0
FU 41 68 0
FU 41 72 0
FU 41 73 81
FU 41 75 193
FU 42 47 0
FU 43 1 19
FU 43 2 142
FU 43 4 201
FU 43 5 16
FU 43 6 26
FU 43 8 8
FU 43 10 21
FU 43 11 0
FU 43 12 39
FU 43 13 19
FU 43 14 59
FU 43 17 45
FU 43 31 146
FU 43 34 38
FU 43 37 24
FU 43 45 111
FU 43 49 132
FU 43 52 2
FU 43 56 35
FU 43 57 139
FU 43 58 32
FU 43 60 0
FU 43 61 84
FU 43 62 125
FU 43 64 116
FU 43 67 28
FU 43 77 60
FU 43 79 61
FU 44 6 31
FU 44 8 46
FU 44 11 0
FU 44 13 27
FU 44 24 320
FU 44 26 510
FU 44 30 170
FU 44 39 183
FU 44 70 504
FU 45 5 47
FU 45 25 43
FU 45 28 89
FU 45 60 0
FU 45 62 131
FU 46 15 123
FU 46 19 119
FU 46 27 226
FU 46 28 101
FU 46 34 0
FU 46 51 25
FU 46 55 617
FU 46 66 237
FU 46 71 71
FU 46 80 181
FU 47 3 0
FU 47 38 150
FU 47 41 0
FU 47 42 89
FU 47 50 0
FU 47 72 0
FU 48 19 38
FU 48 21 4
FU 48 35 226
FU 48 36 56
FU 48 55 0
FU 48 75 172
FU 48 76 0
FU 48 80 146
FU 49 40 70
FU 50 3 0
FU 50 9 0
FU 50 14 45
FU 50 16 108
FU 50 18 52
FU 50 20 0
FU 50 25 61
FU 50 32 181
FU 50 38 114
FU 50 41 1366
FU 50 42 67
FU 50 47 1997
FU 50 53 683
FU 50 54 0
FU 50 60 0
FU 50 63 744
FU 50 68 1995
FU 50 72 675
FU 50 73 45
FU 51 1 31
FU 51 11 0
FU 51 13 56
FU 51 15 149
FU 51 16 79
FU 51 19 92
FU 51 22 141
FU 51 28 74
FU 51 37 60
FU 51 40 9
FU 51 46 43
FU 51 52 85
FU 51 60 0
FU 51 63 755
FU 51 65 33
FU 51 66 104
FU 51 71 82
FU 51 78 135
FU 52 1 47
FU 52 5 29
FU 52 6 23
FU 52 8 90
FU 52 10 26
FU 52 11 0
FU 52 12 288
FU 52 13 14
FU 52 15 57
FU 52 19 215
FU 52 22 79
FU 52 23 31
FU 52 28 50
FU 52 34 135
FU 52 36 200
FU 52 37 34
FU 52 39 152
FU 52 40 102
FU 52 43 278
FU 52 46 126
FU 52 49 97
FU 52 51 191
FU 52 57 38
FU 52 60 0
FU 52 71 23
FU 52 78 56
FU 52 79 182
FU 53 2 0
FU 53 3 0
FU 53 9 0
FU 53 16 30
FU 53 18 41
FU 53 25 69
FU 53 32 74
FU 53 41 0
FU 53 42 139
FU 53 50 0
FU 53 54 0
FU 53 68 0
FU 53 72 0
FU 53 73 45
FU 54 2 0
FU 54 3 0
FU 54 9 0
FU 54 14 50
FU 54 16 63
FU 54 18 57
FU 54 20 0
FU 54 25 51
FU 54 32 144
FU 54 41 0
FU 54 42 132
FU 54 50 0
FU 54 53 0
FU 54 63 0
FU 54 68 0
FU 54 72 0
FU 54 73 53
FU 55 16 70
FU 55 19 88
FU 55 20 0
FU 55 21 17
FU 55 27 128
FU 55 33 359
FU 55 35 276
FU 55 36 45
FU 55 39 106
FU 55 46 120
FU 55 48 0
FU 55 63 1
FU 55 65 39
FU 55 66 138
FU 55 73 32
FU 55 75 98
FU 55 76 0
FU 55 80 227
FU 56 1 69
FU 56 5 43
FU 56 10 74
FU 56 12 61
FU 56 14 65
FU 56 15 60
FU 56 17 177
FU 56 25 47
FU 56 28 72
FU 56 31 1326
FU 56 43 92
FU 56 45 179
FU 56 49 93
FU 56 57 101
FU 56 58 58
FU 56 60 0
FU 56 61 386
FU 56 62 123
FU 56 64 486
FU 56 67 66
FU 56 77 90
FU 56 79 217
FU 57 8 105
FU 57 62 98
FU 57 64 0
FU 58 2 6
FU 58 5 53
FU 58 10 0
FU 58 14 88
FU 58 17 0
FU 58 25 118
FU 58 28 145
FU 58 43 56
FU 58 57 99
FU 58 60 0
FU 58 67 99
FU 58 77 230
FU 58 79 5
FU 59 2 6
FU 59 4 0
FU 59 5 14
FU 59 6 64
FU 59 8 11
FU 59 17 0
FU 59 31 1
FU 59 49 81
FU 59 62 51
FU 59 64 0
FU 60 1 66
FU 60 5 417
FU 60 8 489
FU 60 10 118
FU 60 11 0
FU 60 12 68
FU 60 13 553
FU 60 14 24
FU 60 15 56
FU 60 17 434
FU 60 18 875
FU 60 23 92
FU 60 25 611
FU 60 32 236
FU 60 34 354
FU 60 37 661
FU 60 40 73
FU 60 43 51
FU 60 45 265
FU 60 50 1999
FU 60 51 469
FU 60 52 364
FU 60 56 1340
FU 60 57 43
FU 60 58 296
FU 60 61 283
FU 60 65 1702
FU 60 67 63
FU 60 71 469
FU 60 73 521
FU 60 77 132
FU 60 78 224
FU 60 79 173
FU 61 1 56
FU 61 2 0
FU 61 5 34
FU 61 10 0
FU 61 12 84
FU 61 14 28
FU 61 15 65
FU 61 17 0
FU 61 25 25
FU 61 28 80
FU 61 31 1
FU 61 43 74
FU 61 45 174
FU 61 49 206
FU 61 56 32
FU 61 57 78
FU 61 58 53
FU 61 60 0
FU 61 62 126
FU 61 64 0
FU 61 67 121
FU 61 77 0
FU 61 79 0
FU 62 4 3
FU 62 6 73
FU 62 8 60
FU 62 10 0
FU 62 14 49
FU 62 17 0
FU 62 43 50
FU 62 57 40
FU 62 59 0
FU 62 61 2
FU 62 64 1
FU 62 77 0
FU 62 79 0
FU 63 3 0
FU 63 9 0
FU 63 14 69
FU 63 16 62
FU 63 18 73
FU 63 19 53
FU 63 20 0
FU 63 25 54
FU 63 35 166
FU 63 36 57
FU 63 38 111
FU 63 42 213
FU 63 50 0
FU 63 51 34
FU 63 54 0
FU 63 55 0
FU 63 65 18
FU 63 72 0
FU 63 73 105
FU 63 75 264
FU 63 76 0
FU 63 80 183
FU 64 2 0
FU 64 4 0
FU 64 5 23
FU 64 6 21
FU 64 8 12
FU 64 10 0
FU 64 12 57
FU 64 14 112
FU 64 17 0
FU 64 31 0
FU 64 43 48
FU 64 49 76
FU 64 56 47
FU 64 57 68
FU 64 59 0
FU 64 61 5
FU 64 62 79
FU 64 67 77
FU 64 77 0
FU 64 79 0
FU 65 21 1727
FU 65 51 41
FU 66 15 28
FU 66 16 78
FU 66 27 300
FU 66 28 44
FU 66 51 47
FU 67 6 30
FU 67 8 15
FU 67 10 0
FU 67 11 0
FU 67 13 0
FU 67 14 61
FU 67 15 52
FU 67 17 0
FU 67 25 41
FU 67 28 0
FU 67 37 43
FU 67 43 78
FU 67 49 66
FU 67 57 34
FU 67 58 34
FU 67 60 0
FU 67 61 0
FU 67 62 52
FU 67 64 0
FU 67 77 0
FU 67 79 0
FU 68 2 0
FU 68 3 0
FU 68 9 0
FU 68 16 106
FU 68 18 8
FU 68 25 61
FU 68 32 102
FU 68 41 0
FU 68 42 198
FU 68 50 0
FU 68 53 0
FU 68 54 0
FU 68 72 0
FU 70 11 0
FU 70 13 0
FU 70 29 341
FU 70 39 151
FU 70 44 138
FU 71 1 43
FU 71 2 0
FU 71 6 70
FU 71 10 83
FU 71 11 0
FU 71 12 49
FU 71 13 56
FU 71 14 173
FU 71 15 50
FU 71 17 105
FU 71 19 37
FU 71 22 0
FU 71 23 114
FU 71 28 119
FU 71 31 0
FU 71 34 0
FU 71 36 61
FU 71 37 30
FU 71 40 85
FU 71 46 565
FU 71 49 85
FU 71 51 110
FU 71 52 5
FU 71 57 82
FU 71 60 0
FU 71 78 163
FU 72 2 0
FU 72 3 0
FU 72 9 0
FU 72 16 187
FU 72 18 47
FU 72 20 0
FU 72 25 68
FU 72 32 34
FU 72 38 142
FU 72 41 0
FU 72 42 97
FU 72 47 0
FU 72 50 0
FU 72 53 0
FU 72 54 0
FU 72 63 0
FU 72 68 0
FU 72 73 71
FU 73 3 0
FU 73 9 0
FU 73 14 83
FU 73 16 173
FU 73 18 114
FU 73 25 114
FU 73 32 157
FU 73 35 221
FU 73 36 73
FU 73 41 7
FU 73 42 137
FU 73 50 0
FU 73 53 601
FU 73 55 596
FU 73 60 0
FU 73 63 7
FU 73 65 44
FU 73 72 573
FU 73 75 239
FU 76 16 103
FU 76 19 65
FU 76 21 23
FU 76 27 195
FU 76 33 400
FU 76 35 160
FU 76 36 28
FU 76 48 1
FU 76 55 0
FU 76 63 1
FU 76 65 20
FU 76 66 77
FU 76 75 210
FU 76 80 115
FU 77 1 41
FU 77 2 0
FU 77 4 130
FU 77 5 44
FU 77 6 14
FU 77 10 152
FU 77 11 0
FU 77 12 53
FU 77 13 21
FU 77 14 45
FU 77 15 59
FU 77 17 110
FU 77 25 20
FU 77 28 71
FU 77 31 0
FU 77 37 65
FU 77 43 61
FU 77 45 118
FU 77 49 107
FU 77 56 36
FU 77 57 18
FU 77 58 91
FU 77 60 0
FU 77 61 274
FU 77 62 92
FU 77 64 520
FU 77 67 142
FU 77 79 161
FU 78 1 64
FU 78 10 174
FU 78 11 0
FU 78 13 78
FU 78 14 28
FU 78 15 105
FU 78 16 41
FU 78 19 121
FU 78 22 0
FU 78 23 191
FU 78 28 0
FU 78 34 0
FU 78 36 73
FU 78 37 35
FU 78 40 145
FU 78 51 16
FU 78 52 30
FU 78 57 49
FU 78 60 0
FU 78 71 0
FU 79 1 25
FU 79 2 0
FU 79 5 59
FU 79 6 44
FU 79 8 39
FU 79 10 10
FU 79 11 0
FU 79 12 16
FU 79 13 57
FU 79 14 63
FU 79 15 61
FU 79 17 13
FU 79 25 65
FU 79 28 17
FU 79 31 1
FU 79 34 0
FU 79 37 67
FU 79 43 20
FU 79 45 68
FU 79 49 13
FU 79 52 41
FU 79 56 18
FU 79 57 70
FU 79 58 70
FU 79 60 0
FU 79 61 67
FU 79 62 124
FU 79 64 28
FU 79 67 125
FU 79 77 40
FU 80 19 143
FU 80 21 32
FU 80 33 366
FU 80 35 103
FU 80 46 151
FU 80 55 6
FU 80 75 106
FU 80 76 4
