Nodes: 31
Arcs: 420
Terminals_rem: 0
Nodes_rem: 2
Arcs_rem: 94
First LB: 2
LB: 2
Iter. LB: 0
First UB: 8
UB: 3
Iter. UB: 131
gap: 33.3333
BM. Time: 0
Runtime: 70
FL 0 6 10
FL 0 1 10
FL 0 14 15
FL 0 7 2672
FL 0 5 5
FL 0 2 22
FL 0 27 12
FL 0 17 10
FL 0 12 65
FL 0 13 0
FL 0 4 11
FL 0 19 38
FL 0 25 35
FL 0 15 2226
FL 0 23 9
FL 0 3 2000
FL 0 8 151
FL 0 9 104
FL 0 10 143
FL 0 11 148
FL 0 16 215
FL 0 20 228
FL 0 21 282
FL 0 22 166
FL 0 24 292
FL 0 26 125
FL 0 28 2000
FL 0 29 64
FL 0 30 69
FL 1 4 5
FL 1 7 0
FL 1 9 71
FL 1 11 154
FL 1 13 0
FL 1 17 0
FL 1 19 4
FL 1 20 297
FL 1 21 213
FL 1 23 0
FL 1 25 2
FL 2 5 1
FL 2 6 8
FL 2 8 196
FL 2 10 129
FL 2 11 123
FL 2 12 6
FL 2 14 3
FL 2 15 0
FL 2 16 133
FL 2 23 0
FL 2 27 2
FL 2 29 67
FL 2 30 91
FL 4 1 1208
FL 4 5 223
FL 4 6 13
FL 4 8 143
FL 4 9 203
FL 4 10 176
FL 4 11 148
FL 4 13 0
FL 4 17 260
FL 4 18 0
FL 4 21 516
FL 4 22 219
FL 4 23 574
FL 4 24 337
FL 4 26 196
FL 4 29 147
FL 4 30 80
FL 5 2 1325
FL 5 4 301
FL 5 6 8
FL 5 8 145
FL 5 10 86
FL 5 12 2294
FL 5 13 0
FL 5 14 1319
FL 5 17 147
FL 5 18 0
FL 5 22 177
FL 5 23 546
FL 5 26 120
FL 5 29 62
FL 5 30 53
FL 6 2 4
FL 6 4 7
FL 6 5 2
FL 6 7 2
FL 6 8 229
FL 6 9 64
FL 6 10 47
FL 6 11 194
FL 6 12 3
FL 6 13 0
FL 6 14 1
FL 6 17 0
FL 6 18 0
FL 6 19 3
FL 6 20 227
FL 6 21 183
FL 6 22 95
FL 6 23 4
FL 6 26 27
FL 6 29 86
FL 6 30 49
FL 7 1 3
FL 7 6 6
FL 7 9 71
FL 7 11 124
FL 7 13 0
FL 7 17 0
FL 7 19 5
FL 7 20 290
FL 7 21 174
FL 7 25 2
FL 9 1 647
FL 9 4 55
FL 9 10 57
FL 9 11 203
FL 9 13 1
FL 9 17 95
FL 9 18 0
FL 9 21 105
FL 9 22 84
FL 9 24 203
FL 9 26 50
FL 10 2 710
FL 10 4 213
FL 10 5 214
FL 10 8 85
FL 10 9 132
FL 10 11 142
FL 10 12 598
FL 10 13 0
FL 10 14 1008
FL 10 17 96
FL 10 18 0
FL 10 22 113
FL 10 23 429
FL 10 26 113
FL 10 29 80
FL 10 30 68
FL 12 2 5
FL 12 5 1
FL 12 6 8
FL 12 8 154
FL 12 10 69
FL 12 11 135
FL 12 13 0
FL 12 14 5
FL 12 15 0
FL 12 16 132
FL 12 17 0
FL 12 19 1643
FL 12 23 0
FL 12 25 4
FL 12 26 83
FL 12 27 2
FL 12 29 69
FL 12 30 125
FL 13 1 857
FL 13 4 123
FL 13 5 2
FL 13 6 6
FL 13 7 0
FL 13 8 160
FL 13 9 96
FL 13 10 54
FL 13 11 70
FL 13 12 5
FL 13 14 2
FL 13 17 79
FL 13 18 0
FL 13 19 9
FL 13 20 244
FL 13 21 142
FL 13 22 100
FL 13 23 1
FL 13 25 2688
FL 13 26 73
FL 13 29 57
FL 13 30 86
FL 14 2 4
FL 14 5 1
FL 14 6 6
FL 14 8 73
FL 14 10 46
FL 14 12 8
FL 14 13 0
FL 14 15 0
FL 14 17 0
FL 14 23 3
FL 14 27 1238
FL 14 29 69
FL 14 30 65
FL 15 2 6
FL 15 12 13
FL 15 14 7
FL 15 16 86
FL 15 23 8
FL 15 27 2
FL 15 29 104
FL 16 2 6
FL 16 12 20
FL 16 25 9
FL 16 27 985
FL 16 29 52
FL 17 1 5
FL 17 4 152
FL 17 5 1
FL 17 6 3
FL 17 7 0
FL 17 8 110
FL 17 9 136
FL 17 10 69
FL 17 11 65
FL 17 12 5
FL 17 13 0
FL 17 14 1
FL 17 18 0
FL 17 19 1348
FL 17 21 212
FL 17 22 123
FL 17 23 0
FL 17 24 146
FL 17 25 0
FL 17 26 67
FL 17 29 113
FL 17 30 59
FL 18 4 5179
FL 18 5 7519
FL 18 6 2081
FL 18 8 151
FL 18 9 2215
FL 18 10 4888
FL 18 13 6851
FL 18 17 3504
FL 18 22 1593
FL 18 23 1280
FL 18 24 1028
FL 18 26 2977
FL 18 29 2818
FL 18 30 4789
FL 18 0 11127
FL 19 1 4
FL 19 6 3
FL 19 7 0
FL 19 11 136
FL 19 12 234
FL 19 13 0
FL 19 16 195
FL 19 17 73
FL 19 20 215
FL 19 21 179
FL 19 23 0
FL 19 25 4
FL 19 29 17
FL 21 1 3
FL 21 4 7
FL 21 9 73
FL 21 13 0
FL 21 17 4
FL 21 20 254
FL 21 25 11
FL 22 4 107
FL 22 5 207
FL 22 9 59
FL 22 10 71
FL 22 13 0
FL 22 17 84
FL 22 18 0
FL 22 24 331
FL 22 26 137
FL 22 29 28
FL 22 30 48
FL 23 1 4
FL 23 2 3
FL 23 4 1
FL 23 5 0
FL 23 6 1
FL 23 8 145
FL 23 9 87
FL 23 10 64
FL 23 11 90
FL 23 12 1
FL 23 13 0
FL 23 14 0
FL 23 15 0
FL 23 17 0
FL 23 18 0
FL 23 19 4
FL 23 21 188
FL 23 22 107
FL 23 25 0
FL 23 26 68
FL 23 29 34
FL 23 30 61
FL 24 4 95
FL 24 9 84
FL 24 17 114
FL 24 18 0
FL 24 22 113
FL 24 26 170
FL 25 1 5
FL 25 7 1
FL 25 11 119
FL 25 12 8
FL 25 13 0
FL 25 16 154
FL 25 17 3
FL 25 19 6
FL 25 20 245
FL 25 21 158
FL 25 23 4
FL 25 29 52
FL 26 4 93
FL 26 5 220
FL 26 8 137
FL 26 9 105
FL 26 10 71
FL 26 11 149
FL 26 12 1008
FL 26 13 0
FL 26 17 67
FL 26 18 0
FL 26 22 89
FL 26 24 239
FL 26 29 52
FL 26 30 64
FL 27 2 4
FL 27 12 5
FL 27 14 3
FL 27 15 0
FL 27 16 210
FL 27 29 20
FL 29 14 0
FL 29 16 1947
FL 29 27 1
FL 29 30 95
FL 30 2 670
FL 30 4 94
FL 30 5 187
FL 30 6 1074
FL 30 8 121
FL 30 10 31
FL 30 12 162
FL 30 13 2
FL 30 14 1149
FL 30 17 79
FL 30 18 0
FL 30 22 93
FL 30 26 88
FL 30 29 52
FU 0 6 5
FU 0 1 3
FU 0 14 19
FU 0 7 2000
FU 0 5 3
FU 0 2 5
FU 0 27 4
FU 0 17 5
FU 0 12 18
FU 0 13 4
FU 0 4 2
FU 0 19 9
FU 0 25 3
FU 0 15 2000
FU 0 23 4
FU 0 3 2000
FU 0 8 153
FU 0 9 98
FU 0 10 118
FU 0 11 149
FU 0 16 156
FU 0 20 229
FU 0 21 228
FU 0 22 136
FU 0 24 225
FU 0 26 107
FU 0 28 2000
FU 0 29 49
FU 0 30 62
FU 1 4 0
FU 1 7 0
FU 1 9 77
FU 1 11 149
FU 1 13 0
FU 1 17 0
FU 1 19 1
FU 1 20 296
FU 1 21 206
FU 1 23 0
FU 1 25 0
FU 2 5 0
FU 2 6 0
FU 2 8 191
FU 2 10 106
FU 2 11 120
FU 2 12 0
FU 2 14 0
FU 2 15 0
FU 2 16 129
FU 2 23 0
FU 2 27 0
FU 2 29 72
FU 2 30 64
FU 4 1 729
FU 4 5 189
FU 4 6 2
FU 4 8 150
FU 4 9 128
FU 4 10 89
FU 4 11 153
FU 4 13 0
FU 4 17 152
FU 4 18 0
FU 4 21 307
FU 4 22 205
FU 4 23 424
FU 4 24 283
FU 4 26 142
FU 4 29 91
FU 4 30 73
FU 5 2 828
FU 5 4 133
FU 5 6 0
FU 5 8 140
FU 5 10 73
FU 5 12 729
FU 5 13 0
FU 5 14 713
FU 5 17 121
FU 5 18 0
FU 5 22 150
FU 5 23 527
FU 5 26 101
FU 5 29 41
FU 5 30 75
FU 6 2 0
FU 6 4 4
FU 6 5 15
FU 6 7 0
FU 6 8 235
FU 6 9 52
FU 6 10 71
FU 6 11 192
FU 6 12 4
FU 6 13 0
FU 6 14 18
FU 6 17 0
FU 6 18 0
FU 6 19 3
FU 6 20 222
FU 6 21 168
FU 6 22 135
FU 6 23 0
FU 6 26 46
FU 6 29 93
FU 6 30 49
FU 7 1 1
FU 7 6 0
FU 7 9 78
FU 7 11 122
FU 7 13 0
FU 7 17 0
FU 7 19 0
FU 7 20 289
FU 7 21 159
FU 7 25 0
FU 9 1 589
FU 9 4 53
FU 9 10 56
FU 9 11 210
FU 9 13 0
FU 9 17 115
FU 9 18 0
FU 9 21 105
FU 9 22 65
FU 9 24 209
FU 9 26 61
FU 10 2 546
FU 10 4 183
FU 10 5 216
FU 10 8 82
FU 10 9 122
FU 10 11 140
FU 10 12 313
FU 10 13 0
FU 10 14 617
FU 10 17 92
FU 10 18 0
FU 10 22 98
FU 10 23 376
FU 10 26 117
FU 10 29 68
FU 10 30 68
FU 12 2 0
FU 12 5 0
FU 12 6 0
FU 12 8 156
FU 12 10 62
FU 12 11 146
FU 12 13 0
FU 12 14 0
FU 12 15 0
FU 12 16 115
FU 12 17 0
FU 12 19 1017
FU 12 23 0
FU 12 25 0
FU 12 26 82
FU 12 27 0
FU 12 29 66
FU 12 30 121
FU 13 1 658
FU 13 4 122
FU 13 5 0
FU 13 6 0
FU 13 7 0
FU 13 8 168
FU 13 9 87
FU 13 10 88
FU 13 11 65
FU 13 12 0
FU 13 14 0
FU 13 17 79
FU 13 18 0
FU 13 19 1
FU 13 20 246
FU 13 21 125
FU 13 22 102
FU 13 23 0
FU 13 25 1997
FU 13 26 78
FU 13 29 45
FU 13 30 81
FU 14 2 0
FU 14 5 0
FU 14 6 0
FU 14 8 63
FU 14 10 34
FU 14 12 0
FU 14 13 0
FU 14 15 0
FU 14 17 0
FU 14 23 0
FU 14 27 1036
FU 14 29 82
FU 14 30 48
FU 15 2 0
FU 15 12 2
FU 15 14 1
FU 15 16 84
FU 15 23 0
FU 15 27 2
FU 15 29 78
FU 16 2 1
FU 16 12 4
FU 16 25 0
FU 16 27 958
FU 16 29 51
FU 17 1 1
FU 17 4 140
FU 17 5 0
FU 17 6 0
FU 17 7 0
FU 17 8 109
FU 17 9 130
FU 17 10 69
FU 17 11 69
FU 17 12 0
FU 17 13 0
FU 17 14 0
FU 17 18 0
FU 17 19 967
FU 17 21 175
FU 17 22 102
FU 17 23 0
FU 17 24 134
FU 17 25 0
FU 17 26 65
FU 17 29 81
FU 17 30 77
FU 18 4 973
FU 18 5 1006
FU 18 6 1027
FU 18 8 147
FU 18 9 811
FU 18 10 965
FU 18 13 1995
FU 18 17 993
FU 18 22 637
FU 18 23 669
FU 18 24 592
FU 18 26 837
FU 18 29 948
FU 18 30 998
FU 18 0 2000
FU 19 1 1
FU 19 6 0
FU 19 7 0
FU 19 11 131
FU 19 12 174
FU 19 13 0
FU 19 16 184
FU 19 17 77
FU 19 20 215
FU 19 21 185
FU 19 23 0
FU 19 25 0
FU 19 29 11
FU 21 1 0
FU 21 4 0
FU 21 9 68
FU 21 13 0
FU 21 17 0
FU 21 20 255
FU 21 25 0
FU 22 4 129
FU 22 5 179
FU 22 9 76
FU 22 10 92
FU 22 13 0
FU 22 17 92
FU 22 18 0
FU 22 24 332
FU 22 26 99
FU 22 29 27
FU 22 30 49
FU 23 1 11
FU 23 2 0
FU 23 4 0
FU 23 5 0
FU 23 6 0
FU 23 8 142
FU 23 9 84
FU 23 10 55
FU 23 11 89
FU 23 12 0
FU 23 13 0
FU 23 14 0
FU 23 15 0
FU 23 17 0
FU 23 18 0
FU 23 19 1
FU 23 21 185
FU 23 22 95
FU 23 25 0
FU 23 26 72
FU 23 29 33
FU 23 30 74
FU 24 4 116
FU 24 9 77
FU 24 17 109
FU 24 18 0
FU 24 22 96
FU 24 26 123
FU 25 1 7
FU 25 7 0
FU 25 11 115
FU 25 12 1
FU 25 13 0
FU 25 16 166
FU 25 17 0
FU 25 19 1
FU 25 20 248
FU 25 21 157
FU 25 23 0
FU 25 29 54
FU 26 4 72
FU 26 5 204
FU 26 8 140
FU 26 9 112
FU 26 10 79
FU 26 11 150
FU 26 12 516
FU 26 13 0
FU 26 17 76
FU 26 18 0
FU 26 22 94
FU 26 24 225
FU 26 29 33
FU 26 30 63
FU 27 2 0
FU 27 12 0
FU 27 14 0
FU 27 15 0
FU 27 16 179
FU 27 29 18
FU 29 14 0
FU 29 16 987
FU 29 27 0
FU 29 30 98
FU 30 2 620
FU 30 4 73
FU 30 5 188
FU 30 6 966
FU 30 8 124
FU 30 10 43
FU 30 12 239
FU 30 13 1
FU 30 14 632
FU 30 17 89
FU 30 18 0
FU 30 22 85
FU 30 26 70
FU 30 29 59
