Nodes: 91
Arcs: 2302
Terminals_rem: 0
Nodes_rem: 6
Arcs_rem: 880
First LB: 2
LB: 2
Iter. LB: 0
First UB: 41
UB: 12
Iter. UB: 278
gap: 83.3333
BM. Time: 0
Runtime: 904
FL 0 72 9
FL 0 46 28
FL 0 40 86
FL 0 47 6
FL 0 45 19
FL 0 60 142
FL 0 9 13
FL 0 78 95
FL 0 44 2223
FL 0 8 148
FL 0 15 64
FL 0 86 45
FL 0 36 88
FL 0 17 165
FL 0 29 31
FL 0 25 28
FL 0 37 168
FL 0 2 0
FL 0 24 45
FL 0 43 14
FL 0 61 16
FL 0 88 9
FL 0 76 50
FL 0 79 16
FL 0 73 14
FL 0 42 37
FL 0 23 158
FL 0 18 9
FL 0 7 9
FL 0 19 93
FL 0 82 10
FL 0 13 262
FL 0 39 2451
FL 0 49 0
FL 0 83 12
FL 0 4 84
FL 0 52 529
FL 0 48 37
FL 0 5 18
FL 0 41 12
FL 0 26 80
FL 0 69 7
FL 0 35 9
FL 0 1 146
FL 0 3 148
FL 0 6 712
FL 0 10 125
FL 0 11 76
FL 0 12 165
FL 0 14 43
FL 0 16 3378
FL 0 20 82
FL 0 21 0
FL 0 22 2000
FL 0 27 2000
FL 0 28 585
FL 0 30 201
FL 0 31 2000
FL 0 32 60
FL 0 33 334
FL 0 34 2000
FL 0 50 90
FL 0 51 1135
FL 0 53 29
FL 0 54 58
FL 0 55 688
FL 0 56 186
FL 0 57 79
FL 0 58 299
FL 0 59 2
FL 0 62 291
FL 0 63 69
FL 0 64 93
FL 0 65 333
FL 0 66 2000
FL 0 67 87
FL 0 68 252
FL 0 70 2000
FL 0 71 155
FL 0 74 109
FL 0 75 118
FL 0 77 130
FL 0 80 14
FL 0 81 227
FL 0 84 166
FL 0 85 64
FL 0 87 108
FL 0 89 41
FL 0 90 171
FL 1 6 58
FL 1 18 0
FL 1 23 18
FL 1 28 88
FL 1 32 47
FL 1 51 166
FL 1 52 18
FL 1 73 6
FL 1 78 9
FL 1 86 16
FL 2 1 669
FL 2 3 152
FL 2 5 5087
FL 2 7 301
FL 2 9 360
FL 2 10 154
FL 2 11 159
FL 2 12 87
FL 2 14 109
FL 2 18 1527
FL 2 20 66
FL 2 25 3760
FL 2 32 337
FL 2 38 0
FL 2 41 430
FL 2 42 112
FL 2 43 2363
FL 2 45 2138
FL 2 47 423
FL 2 49 8725
FL 2 50 524
FL 2 53 765
FL 2 54 113
FL 2 56 175
FL 2 57 83
FL 2 58 1397
FL 2 59 26737
FL 2 61 6076
FL 2 63 3970
FL 2 64 59
FL 2 67 149
FL 2 68 1189
FL 2 69 668
FL 2 72 151
FL 2 73 982
FL 2 74 129
FL 2 77 283
FL 2 79 2364
FL 2 81 1863
FL 2 83 4361
FL 2 84 2492
FL 2 85 234
FL 2 86 477
FL 2 87 259
FL 2 88 1710
FL 2 89 1273
FL 2 90 290
FL 3 2 0
FL 3 63 43
FL 3 81 56
FL 4 5 9
FL 4 6 71
FL 4 8 29
FL 4 15 25
FL 4 24 21
FL 4 26 21
FL 4 29 9
FL 4 30 223
FL 4 39 0
FL 4 44 0
FL 4 49 0
FL 4 57 139
FL 4 59 0
FL 4 62 49
FL 4 64 141
FL 4 79 15
FL 4 83 12
FL 5 1 97
FL 5 2 0
FL 5 4 1138
FL 5 6 54
FL 5 8 18
FL 5 10 110
FL 5 11 55
FL 5 12 123
FL 5 13 17
FL 5 14 107
FL 5 17 18
FL 5 23 13
FL 5 37 16
FL 5 40 17
FL 5 43 14
FL 5 45 13
FL 5 49 0
FL 5 52 17
FL 5 56 142
FL 5 57 112
FL 5 58 141
FL 5 59 0
FL 5 60 18
FL 5 61 14
FL 5 62 148
FL 5 64 285
FL 5 67 186
FL 5 77 257
FL 5 78 1848
FL 5 79 15
FL 5 83 12
FL 5 85 91
FL 5 86 17
FL 6 4 28
FL 6 17 37
FL 6 78 709
FL 7 2 0
FL 7 3 66
FL 7 14 55
FL 7 16 16
FL 7 18 0
FL 7 20 178
FL 7 25 0
FL 7 32 60
FL 7 38 0
FL 7 41 47
FL 7 42 0
FL 7 50 29
FL 7 53 8
FL 7 54 72
FL 7 63 14
FL 7 65 260
FL 7 72 0
FL 7 73 0
FL 7 75 70
FL 7 81 48
FL 7 82 0
FL 7 84 23
FL 7 87 34
FL 7 88 0
FL 7 89 8
FL 7 90 130
FL 8 4 4
FL 8 5 3
FL 8 6 55
FL 8 10 146
FL 8 11 67
FL 8 12 161
FL 8 13 9
FL 8 14 29
FL 8 17 771
FL 8 23 3060
FL 8 24 5
FL 8 26 5
FL 8 29 2
FL 8 30 138
FL 8 37 10
FL 8 40 6
FL 8 43 3
FL 8 49 0
FL 8 52 9
FL 8 56 219
FL 8 57 108
FL 8 59 0
FL 8 60 12
FL 8 61 2
FL 8 62 186
FL 8 64 147
FL 8 67 85
FL 8 77 122
FL 8 78 119
FL 8 79 7
FL 8 83 4
FL 8 85 74
FL 8 86 12
FL 9 2 0
FL 9 3 140
FL 9 14 82
FL 9 16 10
FL 9 18 0
FL 9 20 140
FL 9 25 0
FL 9 32 55
FL 9 35 2
FL 9 38 0
FL 9 41 0
FL 9 42 0
FL 9 50 39
FL 9 53 34
FL 9 54 73
FL 9 63 14
FL 9 65 191
FL 9 72 0
FL 9 73 0
FL 9 75 173
FL 9 81 62
FL 9 82 0
FL 9 84 50
FL 9 87 36
FL 9 88 0
FL 9 89 57
FL 9 90 192
FL 10 25 2
FL 10 28 80
FL 10 51 66
FL 11 44 0
FL 12 51 165
FL 12 78 4
FL 13 1 145
FL 13 5 3
FL 13 6 77
FL 13 8 16
FL 13 10 46
FL 13 11 19
FL 13 12 109
FL 13 14 89
FL 13 15 9
FL 13 17 21
FL 13 23 22
FL 13 24 7
FL 13 26 5
FL 13 28 87
FL 13 29 3
FL 13 30 166
FL 13 36 19
FL 13 37 11
FL 13 40 10
FL 13 43 4
FL 13 44 0
FL 13 49 0
FL 13 51 155
FL 13 52 20
FL 13 57 72
FL 13 59 0
FL 13 60 24
FL 13 67 270
FL 13 71 141
FL 13 77 133
FL 13 78 3
FL 13 79 5
FL 13 83 3
FL 13 85 61
FL 13 86 16
FL 15 4 6
FL 15 10 14
FL 15 11 93
FL 15 12 60
FL 15 13 9
FL 15 23 16
FL 15 24 4
FL 15 28 102
FL 15 29 2
FL 15 30 94
FL 15 37 10
FL 15 39 0
FL 15 40 11
FL 15 43 6
FL 15 46 3
FL 15 49 0
FL 15 52 14
FL 15 61 7
FL 15 71 116
FL 15 79 10
FL 15 83 3
FL 15 86 12
FL 16 19 17
FL 16 21 1
FL 16 36 27
FL 16 42 26
FL 16 50 106
FL 16 55 58
FL 16 78 4331
FL 17 1 127
FL 17 5 1
FL 17 6 45
FL 17 8 397
FL 17 10 76
FL 17 11 51
FL 17 12 40
FL 17 13 10
FL 17 14 62
FL 17 23 16
FL 17 37 9
FL 17 43 3
FL 17 45 15
FL 17 49 0
FL 17 56 189
FL 17 57 79
FL 17 58 111
FL 17 59 0
FL 17 60 18
FL 17 61 0
FL 17 62 215
FL 17 64 209
FL 17 67 214
FL 17 77 101
FL 17 79 4
FL 17 83 2
FL 17 85 130
FL 17 86 12
FL 18 1 58
FL 18 2 0
FL 18 3 103
FL 18 7 191
FL 18 9 63
FL 18 20 69
FL 18 25 72
FL 18 32 25
FL 18 38 0
FL 18 41 70
FL 18 42 111
FL 18 45 23
FL 18 50 13
FL 18 53 25
FL 18 54 100
FL 18 63 9
FL 18 68 56
FL 18 69 93
FL 18 72 22
FL 18 73 45
FL 18 74 89
FL 18 81 18
FL 18 82 0
FL 18 84 58
FL 18 87 32
FL 18 88 132
FL 18 89 49
FL 18 90 178
FL 19 16 22
FL 19 21 1
FL 19 28 75
FL 19 33 391
FL 19 36 16
FL 19 46 3
FL 19 48 8
FL 19 51 132
FL 19 52 22
FL 19 55 173
FL 19 65 157
FL 19 71 157
FL 19 76 12
FL 19 78 13
FL 19 80 6
FL 21 16 1834
FL 21 19 1841
FL 21 33 345
FL 21 35 576
FL 21 36 1131
FL 21 38 0
FL 21 48 2344
FL 21 55 155
FL 21 65 113
FL 21 75 114
FL 21 76 1567
FL 21 80 4205
FL 21 82 147
FL 21 90 146
FL 23 1 122
FL 23 5 5
FL 23 6 87
FL 23 8 15
FL 23 10 149
FL 23 11 70
FL 23 12 228
FL 23 13 9
FL 23 14 109
FL 23 15 5
FL 23 16 30
FL 23 17 17
FL 23 28 124
FL 23 37 10
FL 23 40 6
FL 23 49 0
FL 23 51 120
FL 23 52 14
FL 23 57 112
FL 23 60 18
FL 23 71 141
FL 23 78 0
FL 23 86 14
FL 24 4 601
FL 24 6 34
FL 24 8 31
FL 24 11 75
FL 24 13 15
FL 24 15 2372
FL 24 30 166
FL 24 39 0
FL 24 49 1
FL 24 59 0
FL 25 1 92
FL 25 2 0
FL 25 3 102
FL 25 7 3
FL 25 9 4
FL 25 10 58
FL 25 12 50
FL 25 14 29
FL 25 18 0
FL 25 20 224
FL 25 32 116
FL 25 41 3
FL 25 42 7
FL 25 43 376
FL 25 45 11
FL 25 47 36
FL 25 50 18
FL 25 53 13
FL 25 54 120
FL 25 56 101
FL 25 57 177
FL 25 58 124
FL 25 61 173
FL 25 63 16
FL 25 68 102
FL 25 69 3
FL 25 72 2
FL 25 73 5
FL 25 74 185
FL 25 77 54
FL 25 79 507
FL 25 81 37
FL 25 84 63
FL 25 85 139
FL 25 87 74
FL 25 88 0
FL 25 89 58
FL 25 90 135
FL 26 4 12
FL 26 6 52
FL 26 8 30
FL 26 11 42
FL 26 13 21
FL 26 30 35
FL 26 37 1085
FL 26 39 0
FL 26 44 0
FL 26 49 0
FL 26 59 1
FL 26 83 155
FL 28 10 155
FL 28 77 211
FL 29 4 8
FL 29 6 45
FL 29 8 18
FL 29 11 16
FL 29 13 13
FL 29 15 14
FL 29 39 0
FL 29 59 0
FL 32 1 58
FL 32 2 0
FL 32 7 2
FL 32 9 1
FL 32 18 0
FL 32 25 0
FL 32 41 1
FL 32 42 30
FL 32 45 198
FL 32 50 39
FL 32 53 40
FL 32 60 17
FL 32 63 17
FL 32 68 68
FL 32 69 0
FL 32 72 85
FL 32 73 3
FL 32 74 105
FL 32 81 9
FL 32 82 126
FL 32 84 42
FL 32 88 0
FL 32 89 47
FL 32 90 88
FL 33 21 0
FL 35 9 0
FL 35 16 11
FL 35 20 131
FL 35 21 0
FL 35 33 258
FL 35 36 4
FL 35 38 0
FL 35 48 2
FL 35 55 161
FL 35 63 8
FL 35 65 135
FL 35 74 80
FL 35 75 116
FL 35 76 6
FL 35 80 1
FL 35 82 2
FL 35 87 33
FL 35 90 113
FL 36 11 33
FL 36 13 17
FL 36 16 10
FL 36 19 6
FL 36 21 0
FL 36 33 235
FL 36 35 5
FL 36 55 123
FL 36 63 25
FL 36 65 142
FL 36 73 7
FL 36 75 271
FL 36 76 7
FL 36 80 4
FL 36 86 16
FL 36 90 124
FL 37 5 0
FL 37 6 76
FL 37 8 15
FL 37 10 130
FL 37 11 33
FL 37 12 82
FL 37 13 9
FL 37 14 55
FL 37 15 4
FL 37 17 16
FL 37 23 16
FL 37 26 682
FL 37 30 45
FL 37 40 9
FL 37 43 4
FL 37 49 0
FL 37 51 112
FL 37 52 8
FL 37 57 67
FL 37 59 0
FL 37 60 17
FL 37 61 334
FL 37 64 131
FL 37 67 98
FL 37 71 158
FL 37 77 117
FL 37 78 0
FL 37 79 6
FL 37 83 4
FL 37 85 167
FL 37 86 14
FL 38 2 87729
FL 38 3 231
FL 38 7 1620
FL 38 9 1703
FL 38 18 1209
FL 38 20 87
FL 38 21 16516
FL 38 32 973
FL 38 35 1670
FL 38 41 1468
FL 38 47 1065
FL 38 50 2489
FL 38 53 17443
FL 38 54 181
FL 38 63 1504
FL 38 69 1019
FL 38 72 1698
FL 38 73 2312
FL 38 74 35
FL 38 75 147
FL 38 82 1253
FL 38 87 1544
FL 38 88 1782
FL 38 89 1233
FL 38 90 701
FL 38 0 30388
FL 39 4 22
FL 39 15 22
FL 39 24 24
FL 39 26 22
FL 39 28 156
FL 39 29 22
FL 39 30 158
FL 39 40 20
FL 39 44 0
FL 39 46 5
FL 40 1 13
FL 40 5 4
FL 40 6 90
FL 40 8 13
FL 40 10 103
FL 40 11 129
FL 40 12 60
FL 40 13 11
FL 40 14 96
FL 40 15 5
FL 40 23 10
FL 40 28 164
FL 40 37 10
FL 40 39 0
FL 40 43 3
FL 40 49 0
FL 40 51 109
FL 40 52 11
FL 40 57 96
FL 40 59 1
FL 40 60 14
FL 40 61 548
FL 40 71 210
FL 40 78 1
FL 40 79 5
FL 40 83 508
FL 40 85 103
FL 40 86 12
FL 41 2 0
FL 41 3 69
FL 41 7 169
FL 41 9 122
FL 41 18 99
FL 41 20 59
FL 41 25 0
FL 41 32 10
FL 41 38 0
FL 41 42 79
FL 41 47 170
FL 41 50 30
FL 41 53 41
FL 41 54 69
FL 41 63 9
FL 41 68 56
FL 41 69 241
FL 41 72 0
FL 41 73 0
FL 41 74 192
FL 41 75 132
FL 41 81 39
FL 41 82 138
FL 41 84 67
FL 41 87 96
FL 41 88 0
FL 41 89 57
FL 42 2 0
FL 42 3 103
FL 42 7 4
FL 42 9 91
FL 42 16 7
FL 42 18 78
FL 42 20 134
FL 42 25 0
FL 42 32 52
FL 42 41 75
FL 42 47 2
FL 42 50 89
FL 42 53 28
FL 42 54 84
FL 42 63 23
FL 42 68 82
FL 42 69 4
FL 42 72 105
FL 42 73 45
FL 42 74 105
FL 42 81 72
FL 42 84 101
FL 42 87 65
FL 42 88 1
FL 42 89 39
FL 42 90 131
FL 43 1 129
FL 43 2 0
FL 43 5 0
FL 43 6 23
FL 43 8 7
FL 43 10 73
FL 43 11 118
FL 43 12 83
FL 43 13 11
FL 43 14 67
FL 43 15 5
FL 43 17 9
FL 43 25 59
FL 43 28 136
FL 43 37 10
FL 43 40 6
FL 43 45 12
FL 43 49 0
FL 43 52 0
FL 43 56 164
FL 43 57 98
FL 43 58 103
FL 43 59 0
FL 43 60 8
FL 43 61 2
FL 43 62 104
FL 43 64 69
FL 43 67 219
FL 43 77 128
FL 43 79 3
FL 43 83 2
FL 43 85 73
FL 44 4 11
FL 44 11 68
FL 44 13 15
FL 44 26 15
FL 44 30 114
FL 44 39 0
FL 45 1 50
FL 45 2 1
FL 45 5 1419
FL 45 10 104
FL 45 12 176
FL 45 14 44
FL 45 17 829
FL 45 18 133
FL 45 25 63
FL 45 32 58
FL 45 43 180
FL 45 53 33
FL 45 56 1149
FL 45 57 77
FL 45 58 139
FL 45 60 917
FL 45 61 330
FL 45 64 128
FL 45 67 149
FL 45 73 60
FL 45 77 130
FL 45 79 675
FL 45 85 177
FL 46 15 11
FL 46 19 6
FL 46 28 29
FL 46 39 0
FL 46 55 137
FL 46 71 94
FL 46 76 7
FL 46 80 2
FL 47 2 0
FL 47 3 23
FL 47 25 19
FL 47 38 0
FL 47 41 47
FL 47 42 0
FL 47 50 6
FL 47 53 70
FL 47 54 27
FL 47 68 56
FL 47 69 132
FL 47 72 79
FL 47 81 25
FL 47 82 309
FL 47 84 84
FL 47 87 74
FL 47 88 0
FL 47 89 9
FL 48 19 12
FL 48 21 0
FL 48 35 8
FL 48 55 193
FL 48 75 174
FL 48 76 6
FL 48 80 2
FL 49 1 56
FL 49 2 0
FL 49 4 3
FL 49 5 5
FL 49 6 91
FL 49 8 8
FL 49 10 49
FL 49 11 126
FL 49 12 112
FL 49 13 12
FL 49 14 15
FL 49 15 6
FL 49 17 10
FL 49 23 10
FL 49 24 5177
FL 49 26 3
FL 49 30 237
FL 49 37 13
FL 49 40 8
FL 49 43 5
FL 49 52 0
FL 49 56 88
FL 49 57 76
FL 49 59 0
FL 49 60 12
FL 49 61 4
FL 49 62 256
FL 49 64 75
FL 49 71 110
FL 49 77 40
FL 49 79 10
FL 49 83 3
FL 49 85 99
FL 49 86 12
FL 50 2 0
FL 50 3 35
FL 50 7 1
FL 50 9 131
FL 50 14 78
FL 50 16 323
FL 50 18 60
FL 50 25 0
FL 50 32 49
FL 50 38 0
FL 50 41 102
FL 50 42 100
FL 50 47 118
FL 50 53 70
FL 50 54 185
FL 50 63 15
FL 50 68 111
FL 50 69 139
FL 50 72 105
FL 50 73 5
FL 50 74 98
FL 50 75 89
FL 50 81 11
FL 50 82 73
FL 50 84 73
FL 50 88 0
FL 50 89 85
FL 50 90 119
FL 51 1 54
FL 51 10 139
FL 51 11 48
FL 51 12 52
FL 51 13 48
FL 51 19 30
FL 51 28 72
FL 51 37 32
FL 51 40 20
FL 51 63 29
FL 51 65 80
FL 51 71 113
FL 51 73 10
FL 51 78 27
FL 51 86 25
FL 52 1 67
FL 52 5 180
FL 52 6 63
FL 52 8 357
FL 52 10 26
FL 52 11 119
FL 52 12 65
FL 52 13 1164
FL 52 14 75
FL 52 15 10
FL 52 19 1169
FL 52 23 20
FL 52 28 117
FL 52 37 542
FL 52 40 589
FL 52 43 3
FL 52 49 0
FL 52 57 156
FL 52 59 0
FL 52 60 471
FL 52 71 75
FL 52 78 1
FL 52 83 273
FL 52 85 39
FL 52 86 2964
FL 53 2 2
FL 53 3 68
FL 53 7 208
FL 53 9 115
FL 53 18 136
FL 53 25 438
FL 53 32 472
FL 53 38 0
FL 53 41 1207
FL 53 42 708
FL 53 45 6141
FL 53 47 345
FL 53 50 247
FL 53 54 132
FL 53 63 805
FL 53 68 774
FL 53 69 108
FL 53 72 236
FL 53 73 1809
FL 53 74 111
FL 53 81 1359
FL 53 84 149
FL 53 87 12
FL 53 88 86
FL 53 89 53
FL 53 90 1211
FL 54 38 0
FL 54 47 55
FL 55 16 324
FL 55 46 3
FL 55 80 3
FL 56 8 717
FL 58 5 5
FL 58 10 100
FL 58 17 10
FL 58 25 96
FL 58 28 83
FL 58 43 421
FL 58 77 122
FL 59 2 0
FL 59 4 837
FL 59 6 803
FL 59 8 1521
FL 59 13 2022
FL 59 17 2136
FL 59 24 12
FL 59 26 566
FL 59 29 2045
FL 59 30 184
FL 59 40 1962
FL 59 43 281
FL 59 52 9754
FL 59 60 2010
FL 59 62 195
FL 59 83 329
FL 59 85 85
FL 60 5 3
FL 60 6 60
FL 60 8 508
FL 60 10 60
FL 60 11 140
FL 60 12 116
FL 60 13 11
FL 60 14 132
FL 60 17 14
FL 60 23 10
FL 60 32 78
FL 60 37 11
FL 60 40 8
FL 60 43 2
FL 60 45 13
FL 60 49 5
FL 60 52 9
FL 60 56 49
FL 60 57 10
FL 60 58 139
FL 60 59 1
FL 60 61 1
FL 60 64 213
FL 60 65 205
FL 60 67 110
FL 60 73 8
FL 60 77 97
FL 60 78 1
FL 60 79 5
FL 60 85 62
FL 60 86 12
FL 61 1 100
FL 61 2 0
FL 61 5 6
FL 61 6 74
FL 61 8 17
FL 61 10 39
FL 61 12 87
FL 61 14 27
FL 61 15 6
FL 61 17 16
FL 61 25 3
FL 61 28 55
FL 61 37 2397
FL 61 40 1502
FL 61 43 12
FL 61 45 12
FL 61 49 0
FL 61 56 139
FL 61 57 74
FL 61 58 177
FL 61 60 15
FL 61 62 259
FL 61 64 112
FL 61 67 190
FL 61 77 74
FL 61 79 10
FL 61 85 115
FL 63 2 0
FL 63 3 77
FL 63 7 249
FL 63 9 70
FL 63 14 86
FL 63 16 11
FL 63 18 54
FL 63 25 55
FL 63 32 28
FL 63 35 643
FL 63 36 737
FL 63 38 0
FL 63 41 2
FL 63 42 120
FL 63 50 19
FL 63 51 125
FL 63 53 39
FL 63 54 115
FL 63 55 141
FL 63 65 118
FL 63 69 236
FL 63 72 137
FL 63 73 11
FL 63 74 32
FL 63 75 159
FL 63 76 1082
FL 63 82 141
FL 63 88 44
FL 63 89 73
FL 63 90 115
FL 65 51 162
FL 68 2 0
FL 68 3 138
FL 68 18 60
FL 68 25 83
FL 68 32 78
FL 68 41 60
FL 68 42 160
FL 68 47 78
FL 68 50 24
FL 68 53 27
FL 68 72 111
FL 68 81 89
FL 68 84 97
FL 68 87 64
FL 68 88 151
FL 68 89 49
FL 69 2 0
FL 69 3 73
FL 69 18 79
FL 69 20 73
FL 69 25 0
FL 69 32 63
FL 69 38 0
FL 69 41 34
FL 69 42 102
FL 69 47 96
FL 69 50 31
FL 69 53 35
FL 69 54 86
FL 69 63 11
FL 69 72 0
FL 69 81 18
FL 69 82 104
FL 69 84 37
FL 69 87 55
FL 69 88 0
FL 69 89 20
FL 72 2 0
FL 72 3 44
FL 72 7 1
FL 72 9 0
FL 72 14 72
FL 72 18 0
FL 72 20 41
FL 72 25 0
FL 72 32 48
FL 72 38 0
FL 72 41 2
FL 72 42 67
FL 72 47 126
FL 72 50 21
FL 72 53 28
FL 72 54 100
FL 72 63 9
FL 72 68 106
FL 72 69 2
FL 72 73 48
FL 72 74 92
FL 72 81 64
FL 72 82 53
FL 72 84 132
FL 72 87 30
FL 72 88 0
FL 72 89 11
FL 72 90 110
FL 73 1 63
FL 73 2 0
FL 73 3 102
FL 73 7 220
FL 73 9 81
FL 73 14 15
FL 73 16 9
FL 73 18 48
FL 73 20 52
FL 73 25 32
FL 73 32 13
FL 73 36 696
FL 73 38 0
FL 73 41 3
FL 73 42 73
FL 73 45 411
FL 73 50 26
FL 73 51 104
FL 73 53 32
FL 73 54 177
FL 73 55 205
FL 73 60 315
FL 73 63 16
FL 73 65 173
FL 73 72 58
FL 73 74 174
FL 73 75 100
FL 73 82 110
FL 73 87 50
FL 73 88 42
FL 73 89 46
FL 73 90 122
FL 75 50 51
FL 76 19 7
FL 76 21 0
FL 76 33 277
FL 76 35 7
FL 76 36 7
FL 76 46 3
FL 76 48 4
FL 76 55 171
FL 76 63 33
FL 76 65 98
FL 76 75 126
FL 76 80 4
FL 77 11 55
FL 77 25 5
FL 77 28 76
FL 77 58 207
FL 78 1 133
FL 78 5 340
FL 78 6 39
FL 78 8 3639
FL 78 10 55
FL 78 11 84
FL 78 12 32
FL 78 13 14
FL 78 14 135
FL 78 16 14
FL 78 19 7
FL 78 23 12
FL 78 28 205
FL 78 37 15
FL 78 40 18
FL 78 51 123
FL 78 52 19
FL 78 57 113
FL 78 60 20
FL 78 71 151
FL 78 86 12
FL 79 1 105
FL 79 2 0
FL 79 4 5
FL 79 5 6
FL 79 6 37
FL 79 8 17
FL 79 10 78
FL 79 11 73
FL 79 12 164
FL 79 13 14
FL 79 14 62
FL 79 15 8
FL 79 17 15
FL 79 25 9
FL 79 28 66
FL 79 37 13
FL 79 40 12
FL 79 43 13
FL 79 45 15
FL 79 49 0
FL 79 56 116
FL 79 57 99
FL 79 59 0
FL 79 60 17
FL 79 61 11
FL 79 62 173
FL 79 64 144
FL 79 67 158
FL 79 77 149
FL 79 83 11
FL 79 85 79
FL 80 46 2241
FL 81 2 0
FL 81 3 58
FL 81 9 260
FL 81 18 39
FL 81 25 242
FL 81 32 45
FL 81 41 125
FL 81 42 359
FL 81 47 133
FL 81 50 36
FL 81 53 17
FL 81 54 109
FL 81 68 102
FL 81 69 184
FL 81 72 132
FL 81 84 68
FL 81 87 42
FL 81 88 144
FL 81 89 131
FL 82 3 142
FL 82 7 2
FL 82 9 1
FL 82 18 0
FL 82 20 145
FL 82 21 0
FL 82 32 56
FL 82 35 5
FL 82 38 0
FL 82 41 50
FL 82 47 1
FL 82 50 13
FL 82 63 15
FL 82 69 2
FL 82 72 1
FL 82 73 1
FL 82 74 136
FL 82 75 98
FL 82 87 22
FL 82 88 0
FL 82 89 44
FL 82 90 127
FL 83 1 51
FL 83 2 0
FL 83 4 5
FL 83 5 9
FL 83 6 91
FL 83 8 17
FL 83 10 43
FL 83 11 72
FL 83 12 64
FL 83 13 14
FL 83 14 146
FL 83 15 10
FL 83 17 16
FL 83 26 2034
FL 83 30 239
FL 83 37 13
FL 83 40 11
FL 83 43 14
FL 83 49 0
FL 83 52 19
FL 83 57 73
FL 83 59 0
FL 83 62 124
FL 83 64 194
FL 83 71 100
FL 83 77 195
FL 83 79 12
FL 83 85 122
FL 83 86 12
FL 84 2 0
FL 84 18 64
FL 84 32 32
FL 84 41 115
FL 84 42 1026
FL 84 47 79
FL 84 50 61
FL 84 53 28
FL 84 68 103
FL 84 72 98
FL 84 81 73
FL 84 87 184
FL 85 86 11
FL 86 1 91
FL 86 2 0
FL 86 5 10
FL 86 6 37
FL 86 8 42
FL 86 10 116
FL 86 11 179
FL 86 12 53
FL 86 13 44
FL 86 14 104
FL 86 15 16
FL 86 17 36
FL 86 23 24
FL 86 28 66
FL 86 36 30
FL 86 37 34
FL 86 40 28
FL 86 49 0
FL 86 51 105
FL 86 52 82
FL 86 57 100
FL 86 60 28
FL 86 67 85
FL 86 71 279
FL 86 78 19
FL 86 83 6
FL 86 85 97
FL 87 2 0
FL 87 3 88
FL 87 7 6
FL 87 9 9
FL 87 18 4
FL 87 20 113
FL 87 32 75
FL 87 35 7
FL 87 38 0
FL 87 41 5
FL 87 42 16
FL 87 47 117
FL 87 50 51
FL 87 53 27
FL 87 63 19
FL 87 65 64
FL 87 68 66
FL 87 69 4
FL 87 72 4
FL 87 73 8
FL 87 74 71
FL 87 75 69
FL 87 81 43
FL 87 82 7
FL 87 84 45
FL 87 88 3
FL 87 89 37
FL 87 90 133
FL 88 2 0
FL 88 3 24
FL 88 7 99
FL 88 9 144
FL 88 16 64
FL 88 18 68
FL 88 20 137
FL 88 25 117
FL 88 32 68
FL 88 38 0
FL 88 41 57
FL 88 42 262
FL 88 47 109
FL 88 50 46
FL 88 53 14
FL 88 54 115
FL 88 63 14
FL 88 68 80
FL 88 69 25
FL 88 72 81
FL 88 73 89
FL 88 74 86
FL 88 81 79
FL 88 82 158
FL 88 84 40
FL 88 87 137
FL 88 89 96
FL 89 2 0
FL 89 3 29
FL 89 7 3
FL 89 9 117
FL 89 16 41
FL 89 18 0
FL 89 20 161
FL 89 25 65
FL 89 32 39
FL 89 38 0
FL 89 41 29
FL 89 42 87
FL 89 47 1
FL 89 50 37
FL 89 53 42
FL 89 63 14
FL 89 68 66
FL 89 69 50
FL 89 72 50
FL 89 73 70
FL 89 74 61
FL 89 81 34
FL 89 82 181
FL 89 84 76
FL 89 87 69
FL 89 88 105
FL 89 90 121
FL 90 2 0
FL 90 3 84
FL 90 7 30
FL 90 9 65
FL 90 14 77
FL 90 16 462
FL 90 18 37
FL 90 20 108
FL 90 21 0
FL 90 25 69
FL 90 32 39
FL 90 33 160
FL 90 35 129
FL 90 36 270
FL 90 38 0
FL 90 42 38
FL 90 50 40
FL 90 53 44
FL 90 54 139
FL 90 55 125
FL 90 63 18
FL 90 65 93
FL 90 72 43
FL 90 73 30
FL 90 74 110
FL 90 75 95
FL 90 82 49
FL 90 87 71
FL 90 89 32
FU 0 72 1
FU 0 46 1
FU 0 40 15
FU 0 47 1
FU 0 45 11
FU 0 60 29
FU 0 9 1
FU 0 78 24
FU 0 44 2000
FU 0 8 37
FU 0 15 3
FU 0 86 4
FU 0 36 19
FU 0 17 36
FU 0 29 3
FU 0 25 7
FU 0 37 27
FU 0 2 1
FU 0 24 1
FU 0 43 1
FU 0 61 11
FU 0 88 1
FU 0 76 12
FU 0 79 1
FU 0 73 5
FU 0 42 6
FU 0 23 8
FU 0 18 1
FU 0 7 1
FU 0 19 20
FU 0 82 3
FU 0 13 48
FU 0 39 2000
FU 0 49 1
FU 0 83 1
FU 0 4 20
FU 0 52 35
FU 0 48 3
FU 0 5 2
FU 0 41 1
FU 0 26 18
FU 0 69 2
FU 0 35 5
FU 0 1 115
FU 0 3 153
FU 0 6 296
FU 0 10 110
FU 0 11 78
FU 0 12 129
FU 0 14 43
FU 0 16 604
FU 0 20 82
FU 0 21 1
FU 0 22 2000
FU 0 27 2000
FU 0 28 319
FU 0 30 204
FU 0 31 2000
FU 0 32 52
FU 0 33 334
FU 0 34 2000
FU 0 50 62
FU 0 51 487
FU 0 53 31
FU 0 54 62
FU 0 55 383
FU 0 56 202
FU 0 57 83
FU 0 58 245
FU 0 59 1
FU 0 62 290
FU 0 63 97
FU 0 64 89
FU 0 65 245
FU 0 66 2000
FU 0 67 84
FU 0 68 165
FU 0 70 2000
FU 0 71 158
FU 0 74 112
FU 0 75 114
FU 0 77 106
FU 0 80 2
FU 0 81 168
FU 0 84 94
FU 0 85 61
FU 0 87 86
FU 0 89 37
FU 0 90 76
FU 1 6 64
FU 1 18 0
FU 1 23 0
FU 1 28 76
FU 1 32 51
FU 1 51 146
FU 1 52 0
FU 1 73 1
FU 1 78 0
FU 1 86 0
FU 2 1 362
FU 2 3 142
FU 2 5 936
FU 2 7 225
FU 2 9 187
FU 2 10 119
FU 2 11 157
FU 2 12 64
FU 2 14 113
FU 2 18 572
FU 2 20 67
FU 2 25 862
FU 2 32 151
FU 2 38 0
FU 2 41 183
FU 2 42 30
FU 2 43 861
FU 2 45 555
FU 2 47 269
FU 2 49 1999
FU 2 50 239
FU 2 53 345
FU 2 54 117
FU 2 56 136
FU 2 57 83
FU 2 58 670
FU 2 59 1999
FU 2 61 962
FU 2 63 816
FU 2 64 59
FU 2 67 152
FU 2 68 475
FU 2 69 402
FU 2 72 103
FU 2 73 320
FU 2 74 128
FU 2 77 137
FU 2 79 939
FU 2 81 616
FU 2 83 955
FU 2 84 761
FU 2 85 227
FU 2 86 50
FU 2 87 139
FU 2 88 624
FU 2 89 471
FU 2 90 58
FU 3 2 0
FU 3 63 48
FU 3 81 26
FU 4 5 0
FU 4 6 76
FU 4 8 2
FU 4 15 0
FU 4 24 0
FU 4 26 2
FU 4 29 1
FU 4 30 222
FU 4 39 0
FU 4 44 0
FU 4 49 0
FU 4 57 135
FU 4 59 0
FU 4 62 51
FU 4 64 146
FU 4 79 0
FU 4 83 0
FU 5 1 85
FU 5 2 0
FU 5 4 761
FU 5 6 53
FU 5 8 0
FU 5 10 93
FU 5 11 52
FU 5 12 121
FU 5 13 0
FU 5 14 113
FU 5 17 0
FU 5 23 0
FU 5 37 0
FU 5 40 0
FU 5 43 0
FU 5 45 0
FU 5 49 0
FU 5 52 0
FU 5 56 136
FU 5 57 111
FU 5 58 135
FU 5 59 0
FU 5 60 0
FU 5 61 0
FU 5 62 147
FU 5 64 285
FU 5 67 184
FU 5 77 209
FU 5 78 520
FU 5 79 0
FU 5 83 0
FU 5 85 90
FU 5 86 0
FU 6 4 3
FU 6 17 8
FU 6 78 306
FU 7 2 0
FU 7 3 64
FU 7 14 58
FU 7 16 39
FU 7 18 0
FU 7 20 176
FU 7 25 0
FU 7 32 79
FU 7 38 0
FU 7 41 52
FU 7 42 0
FU 7 50 27
FU 7 53 11
FU 7 54 72
FU 7 63 14
FU 7 65 254
FU 7 72 0
FU 7 73 0
FU 7 75 71
FU 7 81 66
FU 7 82 0
FU 7 84 31
FU 7 87 34
FU 7 88 0
FU 7 89 7
FU 7 90 129
FU 8 4 0
FU 8 5 0
FU 8 6 76
FU 8 10 143
FU 8 11 64
FU 8 12 162
FU 8 13 0
FU 8 14 32
FU 8 17 559
FU 8 23 1991
FU 8 24 0
FU 8 26 0
FU 8 29 0
FU 8 30 135
FU 8 37 0
FU 8 40 0
FU 8 43 0
FU 8 49 0
FU 8 52 0
FU 8 56 196
FU 8 57 109
FU 8 59 0
FU 8 60 0
FU 8 61 0
FU 8 62 191
FU 8 64 146
FU 8 67 86
FU 8 77 119
FU 8 78 365
FU 8 79 0
FU 8 83 0
FU 8 85 70
FU 8 86 0
FU 9 2 0
FU 9 3 138
FU 9 14 79
FU 9 16 23
FU 9 18 0
FU 9 20 132
FU 9 25 0
FU 9 32 68
FU 9 35 0
FU 9 38 0
FU 9 41 0
FU 9 42 0
FU 9 50 28
FU 9 53 29
FU 9 54 74
FU 9 63 23
FU 9 65 187
FU 9 72 0
FU 9 73 0
FU 9 75 165
FU 9 81 60
FU 9 82 0
FU 9 84 70
FU 9 87 49
FU 9 88 0
FU 9 89 57
FU 9 90 421
FU 10 25 0
FU 10 28 72
FU 10 51 57
FU 11 44 0
FU 12 51 149
FU 12 78 0
FU 13 1 141
FU 13 5 0
FU 13 6 76
FU 13 8 1
FU 13 10 43
FU 13 11 16
FU 13 12 103
FU 13 14 90
FU 13 15 0
FU 13 17 2
FU 13 23 1
FU 13 24 0
FU 13 26 0
FU 13 28 91
FU 13 29 0
FU 13 30 165
FU 13 36 4
FU 13 37 1
FU 13 40 0
FU 13 43 0
FU 13 44 0
FU 13 49 0
FU 13 51 152
FU 13 52 1
FU 13 57 72
FU 13 59 0
FU 13 60 3
FU 13 67 266
FU 13 71 143
FU 13 77 120
FU 13 78 0
FU 13 79 0
FU 13 83 0
FU 13 85 64
FU 13 86 0
FU 15 4 3
FU 15 10 17
FU 15 11 92
FU 15 12 58
FU 15 13 0
FU 15 23 0
FU 15 24 0
FU 15 28 113
FU 15 29 0
FU 15 30 96
FU 15 37 0
FU 15 39 0
FU 15 40 1
FU 15 43 0
FU 15 46 0
FU 15 49 0
FU 15 52 0
FU 15 61 0
FU 15 71 115
FU 15 79 1
FU 15 83 0
FU 15 86 0
FU 16 19 1
FU 16 21 0
FU 16 36 3
FU 16 42 1
FU 16 50 91
FU 16 55 71
FU 16 78 779
FU 17 1 125
FU 17 5 0
FU 17 6 49
FU 17 8 165
FU 17 10 82
FU 17 11 52
FU 17 12 37
FU 17 13 0
FU 17 14 67
FU 17 23 0
FU 17 37 0
FU 17 43 0
FU 17 45 22
FU 17 49 0
FU 17 56 178
FU 17 57 82
FU 17 58 123
FU 17 59 0
FU 17 60 1
FU 17 61 0
FU 17 62 219
FU 17 64 208
FU 17 67 210
FU 17 77 104
FU 17 79 1
FU 17 83 0
FU 17 85 129
FU 17 86 0
FU 18 1 53
FU 18 2 0
FU 18 3 99
FU 18 7 185
FU 18 9 62
FU 18 20 70
FU 18 25 61
FU 18 32 33
FU 18 38 0
FU 18 41 77
FU 18 42 95
FU 18 45 201
FU 18 50 23
FU 18 53 25
FU 18 54 98
FU 18 63 1
FU 18 68 50
FU 18 69 78
FU 18 72 41
FU 18 73 128
FU 18 74 91
FU 18 81 22
FU 18 82 0
FU 18 84 53
FU 18 87 28
FU 18 88 139
FU 18 89 42
FU 18 90 334
FU 19 16 25
FU 19 21 0
FU 19 28 61
FU 19 33 388
FU 19 36 10
FU 19 46 0
FU 19 48 0
FU 19 51 116
FU 19 52 0
FU 19 55 170
FU 19 65 132
FU 19 71 158
FU 19 76 0
FU 19 78 0
FU 19 80 0
FU 21 16 524
FU 21 19 999
FU 21 33 344
FU 21 35 472
FU 21 36 637
FU 21 38 0
FU 21 48 1997
FU 21 55 143
FU 21 65 94
FU 21 75 106
FU 21 76 1014
FU 21 80 1998
FU 21 82 146
FU 21 90 72
FU 23 1 110
FU 23 5 0
FU 23 6 86
FU 23 8 0
FU 23 10 139
FU 23 11 75
FU 23 12 242
FU 23 13 0
FU 23 14 108
FU 23 15 0
FU 23 16 23
FU 23 17 2
FU 23 28 119
FU 23 37 4
FU 23 40 0
FU 23 49 0
FU 23 51 119
FU 23 52 0
FU 23 57 113
FU 23 60 0
FU 23 71 148
FU 23 78 0
FU 23 86 0
FU 24 4 532
FU 24 6 38
FU 24 8 2
FU 24 11 78
FU 24 13 1
FU 24 15 1997
FU 24 30 169
FU 24 39 0
FU 24 49 0
FU 24 59 0
FU 25 1 97
FU 25 2 0
FU 25 3 110
FU 25 7 0
FU 25 9 0
FU 25 10 52
FU 25 12 43
FU 25 14 27
FU 25 18 0
FU 25 20 227
FU 25 32 123
FU 25 41 0
FU 25 42 0
FU 25 43 351
FU 25 45 0
FU 25 47 41
FU 25 50 19
FU 25 53 11
FU 25 54 121
FU 25 56 98
FU 25 57 173
FU 25 58 135
FU 25 61 206
FU 25 63 12
FU 25 68 105
FU 25 69 0
FU 25 72 0
FU 25 73 1
FU 25 74 186
FU 25 77 58
FU 25 79 476
FU 25 81 24
FU 25 84 66
FU 25 85 138
FU 25 87 75
FU 25 88 0
FU 25 89 65
FU 25 90 40
FU 26 4 1
FU 26 6 50
FU 26 8 8
FU 26 11 44
FU 26 13 0
FU 26 30 35
FU 26 37 667
FU 26 39 0
FU 26 44 0
FU 26 49 0
FU 26 59 0
FU 26 83 134
FU 28 10 150
FU 28 77 163
FU 29 4 1
FU 29 6 50
FU 29 8 0
FU 29 11 20
FU 29 13 1
FU 29 15 0
FU 29 39 0
FU 29 59 0
FU 32 1 40
FU 32 2 0
FU 32 7 0
FU 32 9 0
FU 32 18 0
FU 32 25 0
FU 32 41 0
FU 32 42 58
FU 32 45 101
FU 32 50 36
FU 32 53 45
FU 32 60 0
FU 32 63 38
FU 32 68 61
FU 32 69 0
FU 32 72 69
FU 32 73 0
FU 32 74 106
FU 32 81 13
FU 32 82 117
FU 32 84 53
FU 32 88 0
FU 32 89 37
FU 32 90 17
FU 33 21 0
FU 35 9 0
FU 35 16 32
FU 35 20 127
FU 35 21 0
FU 35 33 255
FU 35 36 0
FU 35 38 0
FU 35 48 0
FU 35 55 158
FU 35 63 10
FU 35 65 126
FU 35 74 79
FU 35 75 112
FU 35 76 0
FU 35 80 0
FU 35 82 0
FU 35 87 29
FU 35 90 45
FU 36 11 41
FU 36 13 1
FU 36 16 12
FU 36 19 0
FU 36 21 0
FU 36 33 244
FU 36 35 0
FU 36 55 129
FU 36 63 20
FU 36 65 138
FU 36 73 1
FU 36 75 263
FU 36 76 0
FU 36 80 0
FU 36 86 0
FU 36 90 42
FU 37 5 0
FU 37 6 87
FU 37 8 1
FU 37 10 128
FU 37 11 33
FU 37 12 74
FU 37 13 0
FU 37 14 55
FU 37 15 0
FU 37 17 1
FU 37 23 0
FU 37 26 518
FU 37 30 46
FU 37 40 0
FU 37 43 0
FU 37 49 0
FU 37 51 121
FU 37 52 0
FU 37 57 66
FU 37 59 0
FU 37 60 2
FU 37 61 279
FU 37 64 132
FU 37 67 98
FU 37 71 154
FU 37 77 106
FU 37 78 0
FU 37 79 1
FU 37 83 0
FU 37 85 171
FU 37 86 0
FU 38 2 1999
FU 38 3 142
FU 38 7 661
FU 38 9 660
FU 38 18 460
FU 38 20 85
FU 38 21 1999
FU 38 32 411
FU 38 35 862
FU 38 41 507
FU 38 47 480
FU 38 50 715
FU 38 53 1002
FU 38 54 126
FU 38 63 378
FU 38 69 471
FU 38 72 637
FU 38 73 593
FU 38 74 34
FU 38 75 140
FU 38 82 594
FU 38 87 613
FU 38 88 652
FU 38 89 483
FU 38 90 159
FU 38 0 2000
FU 39 4 2
FU 39 15 0
FU 39 24 0
FU 39 26 2
FU 39 28 141
FU 39 29 1
FU 39 30 163
FU 39 40 2
FU 39 44 0
FU 39 46 0
FU 40 1 32
FU 40 5 0
FU 40 6 76
FU 40 8 0
FU 40 10 97
FU 40 11 124
FU 40 12 48
FU 40 13 0
FU 40 14 90
FU 40 15 0
FU 40 23 0
FU 40 28 150
FU 40 37 0
FU 40 39 0
FU 40 43 0
FU 40 49 0
FU 40 51 108
FU 40 52 0
FU 40 57 97
FU 40 59 0
FU 40 60 6
FU 40 61 258
FU 40 71 206
FU 40 78 0
FU 40 79 0
FU 40 83 380
FU 40 85 107
FU 40 86 0
FU 41 2 0
FU 41 3 71
FU 41 7 184
FU 41 9 113
FU 41 18 115
FU 41 20 57
FU 41 25 0
FU 41 32 22
FU 41 38 0
FU 41 42 99
FU 41 47 149
FU 41 50 28
FU 41 53 45
FU 41 54 67
FU 41 63 18
FU 41 68 83
FU 41 69 226
FU 41 72 0
FU 41 73 0
FU 41 74 189
FU 41 75 133
FU 41 81 39
FU 41 82 126
FU 41 84 53
FU 41 87 78
FU 41 88 0
FU 41 89 50
FU 42 2 0
FU 42 3 98
FU 42 7 0
FU 42 9 101
FU 42 16 39
FU 42 18 68
FU 42 20 138
FU 42 25 0
FU 42 32 47
FU 42 41 82
FU 42 47 0
FU 42 50 97
FU 42 53 22
FU 42 54 84
FU 42 63 59
FU 42 68 74
FU 42 69 0
FU 42 72 77
FU 42 73 64
FU 42 74 108
FU 42 81 80
FU 42 84 83
FU 42 87 73
FU 42 88 0
FU 42 89 31
FU 42 90 51
FU 43 1 127
FU 43 2 0
FU 43 5 0
FU 43 6 36
FU 43 8 0
FU 43 10 67
FU 43 11 111
FU 43 12 81
FU 43 13 0
FU 43 14 69
FU 43 15 0
FU 43 17 0
FU 43 25 70
FU 43 28 134
FU 43 37 0
FU 43 40 0
FU 43 45 0
FU 43 49 0
FU 43 52 0
FU 43 56 167
FU 43 57 98
FU 43 58 99
FU 43 59 0
FU 43 60 0
FU 43 61 0
FU 43 62 106
FU 43 64 69
FU 43 67 226
FU 43 77 111
FU 43 79 0
FU 43 83 0
FU 43 85 66
FU 44 4 0
FU 44 11 68
FU 44 13 0
FU 44 26 0
FU 44 30 111
FU 44 39 0
FU 45 1 49
FU 45 2 0
FU 45 5 513
FU 45 10 97
FU 45 12 162
FU 45 14 42
FU 45 17 570
FU 45 18 136
FU 45 25 62
FU 45 32 51
FU 45 43 211
FU 45 53 21
FU 45 56 514
FU 45 57 73
FU 45 58 107
FU 45 60 555
FU 45 61 284
FU 45 64 122
FU 45 67 150
FU 45 73 66
FU 45 77 125
FU 45 79 581
FU 45 85 177
FU 46 15 0
FU 46 19 0
FU 46 28 30
FU 46 39 0
FU 46 55 139
FU 46 71 89
FU 46 76 1
FU 46 80 0
FU 47 2 0
FU 47 3 23
FU 47 25 29
FU 47 38 0
FU 47 41 52
FU 47 42 0
FU 47 50 14
FU 47 53 56
FU 47 54 29
FU 47 68 63
FU 47 69 141
FU 47 72 78
FU 47 81 19
FU 47 82 307
FU 47 84 92
FU 47 87 79
FU 47 88 0
FU 47 89 25
FU 48 19 0
FU 48 21 0
FU 48 35 0
FU 48 55 193
FU 48 75 175
FU 48 76 0
FU 48 80 0
FU 49 1 52
FU 49 2 0
FU 49 4 0
FU 49 5 0
FU 49 6 90
FU 49 8 0
FU 49 10 40
FU 49 11 120
FU 49 12 100
FU 49 13 0
FU 49 14 20
FU 49 15 0
FU 49 17 0
FU 49 23 0
FU 49 24 1999
FU 49 26 0
FU 49 30 232
FU 49 37 0
FU 49 40 0
FU 49 43 0
FU 49 52 0
FU 49 56 66
FU 49 57 76
FU 49 59 0
FU 49 60 0
FU 49 61 0
FU 49 62 256
FU 49 64 78
FU 49 71 108
FU 49 77 45
FU 49 79 0
FU 49 83 0
FU 49 85 92
FU 49 86 0
FU 50 2 0
FU 50 3 38
FU 50 7 0
FU 50 9 140
FU 50 14 78
FU 50 16 264
FU 50 18 44
FU 50 25 0
FU 50 32 41
FU 50 38 0
FU 50 41 125
FU 50 42 94
FU 50 47 112
FU 50 53 55
FU 50 54 179
FU 50 63 15
FU 50 68 105
FU 50 69 118
FU 50 72 102
FU 50 73 61
FU 50 74 94
FU 50 75 90
FU 50 81 48
FU 50 82 57
FU 50 84 73
FU 50 88 0
FU 50 89 83
FU 50 90 94
FU 51 1 39
FU 51 10 117
FU 51 11 48
FU 51 12 54
FU 51 13 6
FU 51 19 2
FU 51 28 50
FU 51 37 15
FU 51 40 2
FU 51 63 39
FU 51 65 81
FU 51 71 118
FU 51 73 0
FU 51 78 4
FU 51 86 1
FU 52 1 68
FU 52 5 275
FU 52 6 65
FU 52 8 145
FU 52 10 35
FU 52 11 131
FU 52 12 63
FU 52 13 947
FU 52 14 69
FU 52 15 0
FU 52 19 978
FU 52 23 0
FU 52 28 149
FU 52 37 424
FU 52 40 459
FU 52 43 0
FU 52 49 0
FU 52 57 157
FU 52 59 0
FU 52 60 351
FU 52 71 76
FU 52 78 0
FU 52 83 273
FU 52 85 46
FU 52 86 1945
FU 53 2 0
FU 53 3 68
FU 53 7 172
FU 53 9 104
FU 53 18 122
FU 53 25 212
FU 53 32 223
FU 53 38 0
FU 53 41 516
FU 53 42 302
FU 53 45 926
FU 53 47 194
FU 53 50 131
FU 53 54 129
FU 53 63 224
FU 53 68 328
FU 53 69 86
FU 53 72 193
FU 53 73 524
FU 53 74 112
FU 53 81 437
FU 53 84 97
FU 53 87 33
FU 53 88 103
FU 53 89 49
FU 53 90 223
FU 54 38 0
FU 54 47 71
FU 55 16 119
FU 55 46 0
FU 55 80 0
FU 56 8 220
FU 58 5 0
FU 58 10 100
FU 58 17 0
FU 58 25 84
FU 58 28 48
FU 58 43 337
FU 58 77 114
FU 59 2 0
FU 59 4 677
FU 59 6 405
FU 59 8 410
FU 59 13 987
FU 59 17 813
FU 59 24 0
FU 59 26 519
FU 59 29 1995
FU 59 30 187
FU 59 40 858
FU 59 43 239
FU 59 52 1959
FU 59 60 809
FU 59 62 196
FU 59 83 257
FU 59 85 88
FU 60 5 0
FU 60 6 59
FU 60 8 291
FU 60 10 58
FU 60 11 140
FU 60 12 105
FU 60 13 0
FU 60 14 132
FU 60 17 1
FU 60 23 0
FU 60 32 70
FU 60 37 0
FU 60 40 0
FU 60 43 0
FU 60 45 0
FU 60 49 0
FU 60 52 0
FU 60 56 68
FU 60 57 12
FU 60 58 132
FU 60 59 0
FU 60 61 0
FU 60 64 210
FU 60 65 217
FU 60 67 109
FU 60 73 1
FU 60 77 95
FU 60 78 0
FU 60 79 0
FU 60 85 60
FU 60 86 0
FU 61 1 95
FU 61 2 0
FU 61 5 0
FU 61 6 81
FU 61 8 0
FU 61 10 36
FU 61 12 81
FU 61 14 23
FU 61 15 0
FU 61 17 0
FU 61 25 0
FU 61 28 53
FU 61 37 858
FU 61 40 661
FU 61 43 0
FU 61 45 0
FU 61 49 0
FU 61 56 134
FU 61 57 71
FU 61 58 169
FU 61 60 1
FU 61 62 254
FU 61 64 118
FU 61 67 194
FU 61 77 90
FU 61 79 0
FU 61 85 110
FU 63 2 0
FU 63 3 76
FU 63 7 232
FU 63 9 83
FU 63 14 80
FU 63 16 25
FU 63 18 84
FU 63 25 85
FU 63 32 44
FU 63 35 562
FU 63 36 652
FU 63 38 0
FU 63 41 0
FU 63 42 124
FU 63 50 27
FU 63 51 119
FU 63 53 30
FU 63 54 108
FU 63 55 143
FU 63 65 112
FU 63 69 188
FU 63 72 141
FU 63 73 36
FU 63 74 33
FU 63 75 156
FU 63 76 973
FU 63 82 114
FU 63 88 30
FU 63 89 82
FU 63 90 28
FU 65 51 115
FU 68 2 0
FU 68 3 139
FU 68 18 79
FU 68 25 96
FU 68 32 72
FU 68 41 49
FU 68 42 124
FU 68 47 64
FU 68 50 32
FU 68 53 31
FU 68 72 113
FU 68 81 75
FU 68 84 77
FU 68 87 54
FU 68 88 125
FU 68 89 52
FU 69 2 0
FU 69 3 72
FU 69 18 102
FU 69 20 78
FU 69 25 0
FU 69 32 51
FU 69 38 0
FU 69 41 36
FU 69 42 87
FU 69 47 107
FU 69 50 40
FU 69 53 27
FU 69 54 88
FU 69 63 10
FU 69 72 0
FU 69 81 36
FU 69 82 84
FU 69 84 30
FU 69 87 45
FU 69 88 0
FU 69 89 66
FU 72 2 0
FU 72 3 37
FU 72 7 0
FU 72 9 0
FU 72 14 73
FU 72 18 0
FU 72 20 44
FU 72 25 0
FU 72 32 42
FU 72 38 0
FU 72 41 0
FU 72 42 66
FU 72 47 126
FU 72 50 25
FU 72 53 19
FU 72 54 103
FU 72 63 25
FU 72 68 111
FU 72 69 0
FU 72 73 54
FU 72 74 88
FU 72 81 66
FU 72 82 47
FU 72 84 116
FU 72 87 40
FU 72 88 0
FU 72 89 16
FU 72 90 9
FU 73 1 48
FU 73 2 0
FU 73 3 101
FU 73 7 189
FU 73 9 85
FU 73 14 10
FU 73 16 39
FU 73 18 52
FU 73 20 52
FU 73 25 28
FU 73 32 25
FU 73 36 543
FU 73 38 0
FU 73 41 0
FU 73 42 60
FU 73 45 184
FU 73 50 32
FU 73 51 116
FU 73 53 27
FU 73 54 177
FU 73 55 199
FU 73 60 240
FU 73 63 12
FU 73 65 180
FU 73 72 67
FU 73 74 177
FU 73 75 106
FU 73 82 111
FU 73 87 42
FU 73 88 95
FU 73 89 38
FU 73 90 41
FU 75 50 43
FU 76 19 0
FU 76 21 0
FU 76 33 275
FU 76 35 0
FU 76 36 0
FU 76 46 0
FU 76 48 0
FU 76 55 155
FU 76 63 18
FU 76 65 94
FU 76 75 125
FU 76 80 0
FU 77 11 56
FU 77 25 1
FU 77 28 81
FU 77 58 185
FU 78 1 124
FU 78 5 254
FU 78 6 36
FU 78 8 711
FU 78 10 45
FU 78 11 84
FU 78 12 25
FU 78 13 0
FU 78 14 137
FU 78 16 17
FU 78 19 0
FU 78 23 0
FU 78 28 182
FU 78 37 0
FU 78 40 0
FU 78 51 96
FU 78 52 0
FU 78 57 112
FU 78 60 0
FU 78 71 150
FU 78 86 0
FU 79 1 102
FU 79 2 0
FU 79 4 0
FU 79 5 0
FU 79 6 35
FU 79 8 0
FU 79 10 74
FU 79 11 72
FU 79 12 149
FU 79 13 0
FU 79 14 64
FU 79 15 0
FU 79 17 1
FU 79 25 0
FU 79 28 65
FU 79 37 0
FU 79 40 0
FU 79 43 0
FU 79 45 0
FU 79 49 0
FU 79 56 105
FU 79 57 105
FU 79 59 0
FU 79 60 0
FU 79 61 0
FU 79 62 170
FU 79 64 144
FU 79 67 155
FU 79 77 141
FU 79 83 0
FU 79 85 77
FU 80 46 1999
FU 81 2 0
FU 81 3 54
FU 81 9 195
FU 81 18 29
FU 81 25 202
FU 81 32 41
FU 81 41 91
FU 81 42 204
FU 81 47 111
FU 81 50 36
FU 81 53 15
FU 81 54 109
FU 81 68 92
FU 81 69 180
FU 81 72 115
FU 81 84 76
FU 81 87 46
FU 81 88 149
FU 81 89 122
FU 82 3 140
FU 82 7 0
FU 82 9 0
FU 82 18 0
FU 82 20 148
FU 82 21 0
FU 82 32 43
FU 82 35 0
FU 82 38 0
FU 82 41 71
FU 82 47 0
FU 82 50 19
FU 82 63 27
FU 82 69 0
FU 82 72 0
FU 82 73 0
FU 82 74 133
FU 82 75 100
FU 82 87 18
FU 82 88 0
FU 82 89 33
FU 82 90 46
FU 83 1 51
FU 83 2 0
FU 83 4 0
FU 83 5 0
FU 83 6 70
FU 83 8 0
FU 83 10 32
FU 83 11 65
FU 83 12 43
FU 83 13 0
FU 83 14 149
FU 83 15 0
FU 83 17 1
FU 83 26 941
FU 83 30 235
FU 83 37 0
FU 83 40 0
FU 83 43 0
FU 83 49 0
FU 83 52 0
FU 83 57 68
FU 83 59 0
FU 83 62 120
FU 83 64 194
FU 83 71 99
FU 83 77 157
FU 83 79 0
FU 83 85 124
FU 83 86 0
FU 84 2 0
FU 84 18 46
FU 84 32 25
FU 84 41 99
FU 84 42 407
FU 84 47 67
FU 84 50 62
FU 84 53 30
FU 84 68 97
FU 84 72 86
FU 84 81 71
FU 84 87 162
FU 85 86 0
FU 86 1 85
FU 86 2 0
FU 86 5 20
FU 86 6 46
FU 86 8 7
FU 86 10 126
FU 86 11 179
FU 86 12 56
FU 86 13 9
FU 86 14 105
FU 86 15 0
FU 86 17 6
FU 86 23 0
FU 86 28 66
FU 86 36 6
FU 86 37 4
FU 86 40 2
FU 86 49 0
FU 86 51 99
FU 86 52 5
FU 86 57 104
FU 86 60 3
FU 86 67 86
FU 86 71 278
FU 86 78 2
FU 86 83 0
FU 86 85 103
FU 87 2 0
FU 87 3 85
FU 87 7 0
FU 87 9 0
FU 87 18 0
FU 87 20 114
FU 87 32 55
FU 87 35 0
FU 87 38 0
FU 87 41 0
FU 87 42 0
FU 87 47 107
FU 87 50 61
FU 87 53 22
FU 87 63 12
FU 87 65 60
FU 87 68 64
FU 87 69 0
FU 87 72 0
FU 87 73 0
FU 87 74 70
FU 87 75 54
FU 87 81 30
FU 87 82 1
FU 87 84 41
FU 87 88 0
FU 87 89 34
FU 87 90 56
FU 88 2 0
FU 88 3 32
FU 88 7 97
FU 88 9 109
FU 88 16 26
FU 88 18 54
FU 88 20 137
FU 88 25 72
FU 88 32 77
FU 88 38 0
FU 88 41 37
FU 88 42 135
FU 88 47 101
FU 88 50 54
FU 88 53 18
FU 88 54 111
FU 88 63 20
FU 88 68 79
FU 88 69 54
FU 88 72 63
FU 88 73 59
FU 88 74 85
FU 88 81 72
FU 88 82 117
FU 88 84 46
FU 88 87 130
FU 88 89 85
FU 89 2 0
FU 89 3 33
FU 89 7 0
FU 89 9 110
FU 89 16 65
FU 89 18 0
FU 89 20 160
FU 89 25 50
FU 89 32 75
FU 89 38 0
FU 89 41 22
FU 89 42 58
FU 89 47 0
FU 89 50 20
FU 89 53 35
FU 89 63 29
FU 89 68 48
FU 89 69 54
FU 89 72 61
FU 89 73 60
FU 89 74 66
FU 89 81 32
FU 89 82 137
FU 89 84 88
FU 89 87 79
FU 89 88 82
FU 89 90 59
FU 90 2 0
FU 90 3 85
FU 90 7 54
FU 90 9 50
FU 90 14 74
FU 90 16 124
FU 90 18 36
FU 90 20 106
FU 90 21 0
FU 90 25 79
FU 90 32 28
FU 90 33 160
FU 90 35 99
FU 90 36 126
FU 90 38 0
FU 90 42 50
FU 90 50 39
FU 90 53 48
FU 90 54 146
FU 90 55 117
FU 90 63 35
FU 90 65 80
FU 90 72 53
FU 90 73 26
FU 90 74 109
FU 90 75 90
FU 90 82 39
FU 90 87 68
FU 90 89 35
