Nodes: 91
Arcs: 3034
Terminals_rem: 0
Nodes_rem: 2
Arcs_rem: 1058
First LB: 2
LB: 2
Iter. LB: 0
First UB: 46
UB: 19
Iter. UB: 1
gap: 89.4737
BM. Time: 0
Runtime: 1299
FL 0 77 14
FL 0 54 13
FL 0 85 31
FL 0 22 0
FL 0 15 2679
FL 0 5 110
FL 0 60 24
FL 0 70 60
FL 0 86 44
FL 0 39 0
FL 0 7 22
FL 0 71 57
FL 0 57 17
FL 0 12 0
FL 0 25 51
FL 0 76 24
FL 0 19 15
FL 0 44 17
FL 0 62 41
FL 0 46 12
FL 0 32 2699
FL 0 72 32
FL 0 16 48
FL 0 84 72
FL 0 74 65
FL 0 34 26
FL 0 66 28
FL 0 80 0
FL 0 38 23
FL 0 14 111
FL 0 75 26
FL 0 79 48
FL 0 13 45
FL 0 11 59
FL 0 89 17
FL 0 73 0
FL 0 36 130
FL 0 20 16
FL 0 56 59
FL 0 9 36
FL 0 28 111
FL 0 49 83
FL 0 21 277
FL 0 55 64
FL 0 65 0
FL 0 67 62
FL 0 6 0
FL 0 1 123
FL 0 2 1
FL 0 3 356
FL 0 4 767
FL 0 8 12
FL 0 10 214
FL 0 17 103
FL 0 18 1
FL 0 23 205
FL 0 24 141
FL 0 26 1196
FL 0 27 1716
FL 0 29 475
FL 0 30 1119
FL 0 31 79
FL 0 33 133
FL 0 35 1654
FL 0 37 2000
FL 0 40 77
FL 0 42 242
FL 0 43 139
FL 0 45 1
FL 0 47 165
FL 0 48 43
FL 0 50 124
FL 0 51 90
FL 0 52 110
FL 0 53 157
FL 0 58 104
FL 0 59 206
FL 0 61 35
FL 0 63 153
FL 0 64 50
FL 0 68 296
FL 0 69 716
FL 0 78 325
FL 0 81 1410
FL 0 82 644
FL 0 83 179
FL 0 87 2000
FL 0 88 178
FL 0 90 33
FL 2 6 0
FL 2 7 17
FL 2 10 208
FL 2 19 9
FL 2 20 13
FL 2 22 0
FL 2 23 124
FL 2 24 83
FL 2 30 207
FL 2 39 0
FL 2 41 0
FL 2 42 177
FL 2 46 11
FL 2 47 108
FL 2 48 18
FL 2 54 10
FL 2 68 169
FL 2 74 2597
FL 2 75 14
FL 2 77 9
FL 2 82 102
FL 2 90 69
FL 3 4 113
FL 3 5 11
FL 3 16 6
FL 3 43 14
FL 3 49 275
FL 3 62 8
FL 3 78 71
FL 4 3 90
FL 4 16 7
FL 4 26 47
FL 4 27 57
FL 4 28 13
FL 4 29 65
FL 4 43 18
FL 4 49 9
FL 4 51 23
FL 4 55 12
FL 4 56 10
FL 4 62 9
FL 4 79 8
FL 4 81 121
FL 5 1 45
FL 5 3 96
FL 5 4 105
FL 5 11 7
FL 5 15 0
FL 5 16 5
FL 5 18 0
FL 5 22 0
FL 5 25 9
FL 5 26 23
FL 5 27 47
FL 5 28 10
FL 5 29 62
FL 5 30 43
FL 5 31 12
FL 5 33 9
FL 5 35 22
FL 5 36 13
FL 5 43 16
FL 5 44 0
FL 5 45 0
FL 5 48 28
FL 5 49 3
FL 5 50 42
FL 5 51 30
FL 5 52 36
FL 5 54 3
FL 5 55 8
FL 5 56 9
FL 5 57 4
FL 5 61 21
FL 5 62 9
FL 5 63 203
FL 5 65 0
FL 5 66 0
FL 5 67 8
FL 5 69 24
FL 5 71 8
FL 5 72 790
FL 5 74 0
FL 5 78 88
FL 5 79 7
FL 5 81 108
FL 5 83 10
FL 6 1 96
FL 6 2 0
FL 6 7 0
FL 6 9 0
FL 6 10 37
FL 6 18 0
FL 6 20 0
FL 6 22 0
FL 6 24 49
FL 6 30 36
FL 6 34 0
FL 6 35 12
FL 6 41 0
FL 6 45 0
FL 6 47 16
FL 6 48 39
FL 6 51 19
FL 6 52 33
FL 6 54 0
FL 6 57 0
FL 6 59 65
FL 6 60 0
FL 6 61 31
FL 6 65 0
FL 6 66 0
FL 6 80 0
FL 6 82 92
FL 6 90 39
FL 7 1 8
FL 7 2 0
FL 7 6 0
FL 7 8 102
FL 7 9 0
FL 7 10 84
FL 7 13 1
FL 7 17 149
FL 7 18 0
FL 7 19 0
FL 7 20 0
FL 7 22 0
FL 7 23 84
FL 7 24 29
FL 7 30 58
FL 7 32 0
FL 7 34 2
FL 7 36 3
FL 7 38 4
FL 7 39 0
FL 7 40 64
FL 7 41 0
FL 7 42 53
FL 7 44 0
FL 7 45 0
FL 7 46 0
FL 7 47 16
FL 7 48 59
FL 7 50 22
FL 7 51 13
FL 7 52 40
FL 7 54 0
FL 7 57 0
FL 7 58 131
FL 7 59 44
FL 7 60 0
FL 7 61 26
FL 7 64 60
FL 7 65 0
FL 7 66 0
FL 7 68 63
FL 7 73 0
FL 7 75 0
FL 7 76 0
FL 7 77 0
FL 7 80 0
FL 7 82 47
FL 7 85 6
FL 7 90 122
FL 9 1 68
FL 9 2 1
FL 9 6 0
FL 9 7 17
FL 9 8 72
FL 9 10 66
FL 9 12 0
FL 9 13 25
FL 9 14 25
FL 9 17 74
FL 9 18 0
FL 9 19 7
FL 9 20 9
FL 9 21 38
FL 9 23 36
FL 9 24 46
FL 9 25 17
FL 9 26 278
FL 9 27 196
FL 9 29 156
FL 9 32 0
FL 9 34 22
FL 9 35 166
FL 9 36 37
FL 9 38 17
FL 9 39 0
FL 9 40 104
FL 9 41 0
FL 9 42 56
FL 9 43 72
FL 9 44 10
FL 9 45 0
FL 9 46 8
FL 9 47 78
FL 9 48 22
FL 9 50 117
FL 9 51 21
FL 9 52 95
FL 9 53 53
FL 9 57 12
FL 9 58 103
FL 9 59 154
FL 9 60 11
FL 9 61 40
FL 9 64 61
FL 9 65 0
FL 9 66 15
FL 9 68 135
FL 9 71 22
FL 9 73 0
FL 9 75 11
FL 9 76 8
FL 9 77 7
FL 9 78 160
FL 9 80 0
FL 9 81 115
FL 9 83 35
FL 9 85 25
FL 9 88 229
FL 10 2 0
FL 10 8 164
FL 10 12 0
FL 10 18 0
FL 10 21 14
FL 10 30 43
FL 10 32 0
FL 10 40 66
FL 10 58 116
FL 10 61 16
FL 10 64 89
FL 10 69 42
FL 10 70 10
FL 10 80 0
FL 10 85 16
FL 11 3 41
FL 11 4 27
FL 11 5 3
FL 11 13 19
FL 11 15 0
FL 11 16 4
FL 11 25 8
FL 11 26 16
FL 11 28 6
FL 11 31 12
FL 11 33 5
FL 11 43 14
FL 11 45 0
FL 11 49 2
FL 11 56 9
FL 11 62 6
FL 11 67 7
FL 11 71 6
FL 11 78 126
FL 11 83 8
FL 11 89 1
FL 12 8 58
FL 12 9 306
FL 12 10 78
FL 12 13 1707
FL 12 14 2755
FL 12 17 64
FL 12 21 3097
FL 12 24 38
FL 12 36 2519
FL 12 40 53
FL 12 41 0
FL 12 44 822
FL 12 47 17
FL 12 50 49
FL 12 53 1380
FL 12 58 96
FL 12 60 754
FL 12 64 94
FL 12 69 517
FL 12 70 2335
FL 12 75 1
FL 12 76 242
FL 12 84 1451
FL 12 85 1281
FL 12 86 889
FL 12 88 174
FL 13 1 87
FL 13 3 134
FL 13 7 0
FL 13 9 1
FL 13 10 57
FL 13 11 8
FL 13 12 0
FL 13 14 10
FL 13 17 70
FL 13 20 363
FL 13 21 11
FL 13 24 89
FL 13 26 23
FL 13 31 10
FL 13 32 0
FL 13 36 9
FL 13 38 8
FL 13 41 0
FL 13 44 0
FL 13 45 0
FL 13 47 5
FL 13 48 34
FL 13 50 32
FL 13 51 15
FL 13 52 13
FL 13 53 28
FL 13 57 0
FL 13 58 36
FL 13 59 42
FL 13 60 1
FL 13 61 31
FL 13 64 33
FL 13 66 0
FL 13 69 43
FL 13 70 10
FL 13 71 11
FL 13 75 1
FL 13 84 10
FL 13 88 176
FL 14 8 110
FL 14 9 4
FL 14 10 35
FL 14 12 0
FL 14 13 12
FL 14 17 73
FL 14 21 15
FL 14 24 53
FL 14 36 11
FL 14 40 79
FL 14 44 1
FL 14 47 54
FL 14 50 38
FL 14 51 16
FL 14 53 41
FL 14 58 86
FL 14 60 2
FL 14 64 81
FL 14 69 40
FL 14 70 14
FL 14 75 1
FL 14 76 1
FL 14 84 12
FL 14 85 11
FL 14 86 7
FL 14 88 281
FL 15 3 93
FL 15 4 34
FL 15 5 7
FL 15 11 6
FL 15 16 5
FL 15 22 0
FL 15 25 9
FL 15 26 22
FL 15 27 21
FL 15 28 10
FL 15 29 63
FL 15 31 11
FL 15 33 9
FL 15 36 12
FL 15 43 16
FL 15 44 0
FL 15 49 3
FL 15 51 19
FL 15 52 10
FL 15 57 2
FL 15 62 8
FL 15 67 9
FL 15 69 58
FL 15 71 8
FL 15 74 0
FL 15 78 122
FL 15 81 106
FL 15 83 9
FL 15 89 7
FL 16 3 99
FL 16 4 62
FL 16 5 8
FL 16 11 9
FL 16 15 0
FL 16 18 0
FL 16 25 9
FL 16 26 19
FL 16 27 32
FL 16 31 23
FL 16 33 10
FL 16 35 27
FL 16 43 12
FL 16 44 1
FL 16 45 0
FL 16 49 4
FL 16 56 9
FL 16 62 8
FL 16 63 91
FL 16 67 11
FL 16 69 23
FL 16 71 11
FL 16 74 0
FL 16 78 71
FL 16 81 43
FL 16 83 12
FL 18 7 0
FL 18 10 50
FL 18 16 5
FL 18 26 9
FL 18 27 47
FL 18 28 2600
FL 18 29 53
FL 18 35 13
FL 18 41 0
FL 18 45 0
FL 18 47 448
FL 18 48 31
FL 18 49 516
FL 18 52 17
FL 18 54 0
FL 18 55 775
FL 18 67 6
FL 18 68 54
FL 18 72 317
FL 18 74 0
FL 18 81 46
FL 18 82 65
FL 19 1 81
FL 19 2 0
FL 19 7 0
FL 19 9 0
FL 19 18 0
FL 19 20 0
FL 19 22 0
FL 19 24 84
FL 19 30 41
FL 19 34 0
FL 19 35 157
FL 19 41 0
FL 19 45 0
FL 19 47 127
FL 19 48 24
FL 19 51 27
FL 19 52 31
FL 19 54 0
FL 19 57 0
FL 19 59 43
FL 19 60 0
FL 19 61 24
FL 19 65 0
FL 19 66 0
FL 19 80 0
FL 19 82 76
FL 19 90 110
FL 20 1 44
FL 20 2 0
FL 20 6 0
FL 20 7 0
FL 20 8 55
FL 20 9 0
FL 20 10 76
FL 20 13 1211
FL 20 18 0
FL 20 19 0
FL 20 23 70
FL 20 24 48
FL 20 34 2
FL 20 39 0
FL 20 41 0
FL 20 42 53
FL 20 46 3
FL 20 47 17
FL 20 51 50
FL 20 52 10
FL 20 54 0
FL 20 57 0
FL 20 59 17
FL 20 60 1
FL 20 64 65
FL 20 65 0
FL 20 66 0
FL 20 68 27
FL 20 73 0
FL 20 75 829
FL 20 77 0
FL 20 80 0
FL 20 82 73
FL 20 90 124
FL 21 8 64
FL 21 9 5
FL 21 10 24
FL 21 12 0
FL 21 13 21
FL 21 14 35
FL 21 17 82
FL 21 24 41
FL 21 36 31
FL 21 38 13
FL 21 40 62
FL 21 44 1
FL 21 47 48
FL 21 50 46
FL 21 51 49
FL 21 53 26
FL 21 58 62
FL 21 60 3
FL 21 64 48
FL 21 69 41
FL 21 70 921
FL 21 75 1
FL 21 76 2
FL 21 84 17
FL 21 85 1562
FL 21 86 667
FL 21 88 135
FL 22 1 49
FL 22 2 0
FL 22 4 54
FL 22 5 1
FL 22 6 0
FL 22 7 0
FL 22 8 83
FL 22 10 44
FL 22 15 0
FL 22 18 0
FL 22 19 0
FL 22 23 64
FL 22 24 27
FL 22 25 5532
FL 22 26 11
FL 22 28 6
FL 22 29 51
FL 22 30 18
FL 22 33 7
FL 22 35 14
FL 22 36 7
FL 22 39 0
FL 22 41 0
FL 22 42 34
FL 22 43 12568
FL 22 44 0
FL 22 45 0
FL 22 46 0
FL 22 48 58
FL 22 49 1
FL 22 50 41
FL 22 51 14
FL 22 52 76
FL 22 54 0
FL 22 56 6669
FL 22 57 0
FL 22 58 76
FL 22 59 41
FL 22 60 0
FL 22 61 64
FL 22 62 5
FL 22 65 0
FL 22 66 0
FL 22 67 6
FL 22 68 20
FL 22 71 5
FL 22 73 0
FL 22 74 0
FL 22 75 1
FL 22 76 1
FL 22 77 0
FL 22 80 0
FL 22 82 90
FL 22 83 8360
FL 23 2 0
FL 23 7 0
FL 23 20 0
FL 23 22 0
FL 23 24 44
FL 23 30 72
FL 23 35 12
FL 23 45 0
FL 23 47 336
FL 23 48 40
FL 23 52 26
FL 23 54 2
FL 23 57 0
FL 23 59 66
FL 23 60 0
FL 23 61 58
FL 23 80 0
FL 23 82 85
FL 23 90 155
FL 24 2 0
FL 24 6 0
FL 24 19 1
FL 24 20 0
FL 24 22 0
FL 24 23 74
FL 24 39 0
FL 24 42 97
FL 24 46 1
FL 24 68 81
FL 24 77 0
FL 24 82 77
FL 24 86 1
FL 25 3 60
FL 25 4 120
FL 25 5 1
FL 25 9 448
FL 25 11 3
FL 25 15 0
FL 25 16 619
FL 25 22 0
FL 25 26 6
FL 25 27 17
FL 25 28 5
FL 25 29 51
FL 25 31 8
FL 25 33 7
FL 25 35 22
FL 25 43 7
FL 25 45 0
FL 25 49 285
FL 25 55 709
FL 25 56 944
FL 25 62 4
FL 25 63 124
FL 25 67 7
FL 25 71 6
FL 25 72 255
FL 25 74 0
FL 25 78 66
FL 25 79 1059
FL 25 81 49
FL 25 83 6
FL 26 1 111
FL 26 3 150
FL 26 4 108
FL 26 5 16
FL 26 16 9
FL 26 18 0
FL 26 22 0
FL 26 25 9
FL 26 27 40
FL 26 28 13
FL 26 29 67
FL 26 30 201
FL 26 31 14
FL 26 33 13
FL 26 35 63
FL 26 43 17
FL 26 44 6
FL 26 49 10
FL 26 51 15
FL 26 55 11
FL 26 56 12
FL 26 62 10
FL 26 66 861
FL 26 71 13
FL 26 75 797
FL 26 76 274
FL 26 78 59
FL 26 79 8
FL 26 81 139
FL 26 83 22
FL 27 4 155
FL 27 5 1522
FL 27 16 9
FL 27 18 0
FL 27 25 11
FL 27 28 13
FL 27 29 66
FL 27 35 69
FL 27 49 10
FL 27 55 12
FL 27 56 10
FL 27 62 10
FL 27 72 8
FL 27 79 10
FL 27 81 63
FL 28 3 168
FL 28 4 38
FL 28 5 6
FL 28 11 6
FL 28 15 0
FL 28 18 0
FL 28 22 0
FL 28 25 8
FL 28 26 17
FL 28 27 18
FL 28 29 59
FL 28 31 11
FL 28 33 8
FL 28 35 28
FL 28 36 30
FL 28 43 18
FL 28 49 4
FL 28 52 92
FL 28 55 7
FL 28 56 8
FL 28 62 6
FL 28 63 151
FL 28 67 8
FL 28 72 6
FL 28 74 0
FL 28 75 6
FL 28 78 172
FL 28 79 6
FL 28 81 75
FL 28 83 10
FL 28 89 4
FL 29 4 33
FL 29 5 10
FL 29 9 5
FL 29 18 0
FL 29 22 0
FL 29 25 9
FL 29 26 20
FL 29 27 16
FL 29 28 15
FL 29 30 127
FL 29 33 9
FL 29 35 35
FL 29 43 18
FL 29 49 88
FL 29 51 23
FL 29 52 19
FL 29 55 162
FL 29 56 386
FL 29 62 256
FL 29 66 205
FL 29 71 8
FL 29 72 371
FL 29 75 207
FL 29 76 73
FL 29 78 24
FL 29 79 250
FL 29 81 50
FL 29 83 14
FL 30 2 0
FL 30 5 15
FL 30 6 0
FL 30 7 14
FL 30 10 143
FL 30 19 2
FL 30 22 0
FL 30 23 24
FL 30 26 122
FL 30 29 189
FL 30 39 0
FL 30 42 37
FL 30 45 0
FL 30 46 5
FL 30 48 15
FL 30 52 88
FL 30 54 4
FL 30 68 34
FL 30 77 4
FL 30 80 0
FL 30 82 47
FL 30 90 201
FL 31 5 13
FL 31 26 21
FL 31 33 4254
FL 31 43 7
FL 31 67 2376
FL 31 78 115
FL 32 7 0
FL 32 8 45
FL 32 9 0
FL 32 10 70
FL 32 13 14
FL 32 34 0
FL 32 38 1
FL 32 40 56
FL 32 41 0
FL 32 47 21
FL 32 48 16
FL 32 58 71
FL 32 59 34
FL 32 61 8
FL 32 64 101
FL 32 68 56
FL 32 73 0
FL 32 80 0
FL 32 85 8
FL 32 88 250
FL 33 11 2181
FL 33 16 8
FL 33 25 9
FL 33 26 19
FL 33 28 12
FL 33 29 74
FL 33 31 11
FL 33 35 36
FL 33 44 8
FL 33 49 6
FL 33 51 49
FL 33 55 9
FL 33 56 11
FL 33 62 7
FL 33 78 61
FL 33 79 11
FL 33 81 81
FL 34 1 53
FL 34 2 0
FL 34 6 0
FL 34 7 2
FL 34 9 4
FL 34 18 0
FL 34 19 0
FL 34 20 2
FL 34 23 87
FL 34 24 32
FL 34 30 75
FL 34 32 0
FL 34 38 7
FL 34 39 0
FL 34 40 63
FL 34 41 0
FL 34 42 35
FL 34 45 0
FL 34 46 3
FL 34 47 31
FL 34 48 27
FL 34 52 7
FL 34 54 2
FL 34 57 0
FL 34 59 74
FL 34 60 1
FL 34 61 22
FL 34 65 0
FL 34 66 0
FL 34 68 36
FL 34 73 0
FL 34 77 1
FL 34 80 0
FL 34 82 55
FL 34 88 161
FL 34 90 108
FL 35 5 17
FL 35 6 0
FL 35 9 18
FL 35 16 878
FL 35 18 1
FL 35 19 611
FL 35 23 125
FL 35 25 14
FL 35 26 175
FL 35 27 122
FL 35 28 17
FL 35 29 191
FL 35 33 15
FL 35 43 30
FL 35 45 0
FL 35 49 14
FL 35 51 130
FL 35 52 117
FL 35 54 8
FL 35 55 19
FL 35 56 15
FL 35 57 10
FL 35 67 20
FL 35 68 12
FL 35 72 11
FL 35 74 2
FL 35 77 612
FL 35 78 29
FL 35 79 12
FL 35 81 101
FL 36 1 87
FL 36 5 8
FL 36 7 4
FL 36 8 71
FL 36 9 5
FL 36 10 52
FL 36 12 0
FL 36 13 17
FL 36 14 21
FL 36 15 0
FL 36 17 116
FL 36 21 15
FL 36 22 0
FL 36 24 68
FL 36 28 10
FL 36 31 17
FL 36 44 0
FL 36 45 0
FL 36 48 25
FL 36 50 70
FL 36 51 19
FL 36 52 29
FL 36 58 97
FL 36 59 74
FL 36 60 4
FL 36 69 80
FL 36 70 11
FL 36 71 12
FL 36 73 0
FL 36 74 0
FL 36 75 1
FL 36 76 1
FL 36 83 11
FL 36 84 14
FL 38 7 0
FL 38 8 53
FL 38 9 0
FL 38 10 14
FL 38 13 14
FL 38 21 11
FL 38 24 73
FL 38 32 0
FL 38 34 0
FL 38 40 161
FL 38 41 0
FL 38 47 19
FL 38 48 37
FL 38 53 15
FL 38 58 108
FL 38 59 32
FL 38 61 40
FL 38 64 75
FL 38 73 0
FL 38 80 0
FL 38 85 10
FL 38 86 5
FL 38 88 111
FL 39 1 52
FL 39 2 0
FL 39 7 0
FL 39 9 0
FL 39 18 0
FL 39 20 332
FL 39 22 0
FL 39 24 37
FL 39 30 50
FL 39 34 0
FL 39 41 0
FL 39 45 0
FL 39 47 20
FL 39 48 22
FL 39 51 21
FL 39 52 82
FL 39 54 667
FL 39 57 0
FL 39 59 57
FL 39 60 1
FL 39 61 25
FL 39 65 0
FL 39 66 0
FL 39 80 0
FL 39 82 100
FL 39 90 104
FL 40 52 23
FL 41 1 72
FL 41 2 5942
FL 41 6 2564
FL 41 7 2123
FL 41 8 84
FL 41 9 3934
FL 41 10 620
FL 41 12 22774
FL 41 13 107
FL 41 17 80
FL 41 18 7049
FL 41 19 1599
FL 41 20 3448
FL 41 22 36089
FL 41 23 1179
FL 41 24 317
FL 41 32 52
FL 41 34 70
FL 41 38 61
FL 41 39 3570
FL 41 40 57
FL 41 42 1572
FL 41 44 2899
FL 41 45 6614
FL 41 46 1550
FL 41 47 397
FL 41 48 2436
FL 41 50 3531
FL 41 51 2872
FL 41 52 528
FL 41 53 5390
FL 41 54 1882
FL 41 57 2303
FL 41 58 48
FL 41 59 450
FL 41 60 1999
FL 41 61 1596
FL 41 64 129
FL 41 65 2884
FL 41 66 3348
FL 41 68 3145
FL 41 73 2920
FL 41 75 3826
FL 41 76 3424
FL 41 77 2093
FL 41 80 3073
FL 41 85 68
FL 41 88 92
FL 41 0 25140
FL 42 1 60
FL 42 2 0
FL 42 7 13
FL 42 20 10
FL 42 24 94
FL 42 30 110
FL 42 45 0
FL 42 47 576
FL 42 48 43
FL 42 51 247
FL 42 52 73
FL 42 54 5
FL 42 57 8
FL 42 59 28
FL 42 60 8
FL 42 61 55
FL 42 82 75
FL 42 90 127
FL 43 3 544
FL 43 4 17
FL 43 15 0
FL 43 16 476
FL 43 22 0
FL 43 27 18
FL 43 31 8493
FL 43 62 1041
FL 43 72 489
FL 44 1 97
FL 44 5 15
FL 44 7 13
FL 44 8 94
FL 44 9 17
FL 44 10 60
FL 44 12 0
FL 44 13 24
FL 44 14 24
FL 44 15 0
FL 44 16 11
FL 44 17 92
FL 44 21 22
FL 44 22 0
FL 44 26 77
FL 44 29 112
FL 44 31 16
FL 44 33 16
FL 44 36 31
FL 44 41 0
FL 44 45 0
FL 44 48 13
FL 44 49 12
FL 44 50 54
FL 44 51 21
FL 44 52 69
FL 44 57 1020
FL 44 58 22
FL 44 59 57
FL 44 60 8
FL 44 64 52
FL 44 66 6
FL 44 67 15
FL 44 69 61
FL 44 70 18
FL 44 71 13
FL 44 73 0
FL 44 74 0
FL 44 75 8
FL 44 76 5
FL 44 83 19
FL 44 84 16
FL 45 6 0
FL 45 7 11
FL 45 19 1
FL 45 23 34
FL 45 30 61
FL 45 34 2689
FL 45 40 131
FL 45 41 0
FL 45 42 63
FL 45 46 4
FL 45 47 50
FL 45 48 36
FL 45 49 1179
FL 45 54 4
FL 45 61 30
FL 45 64 89
FL 45 68 29
FL 45 69 96
FL 45 77 2
FL 45 82 108
FL 46 1 12
FL 46 2 0
FL 46 7 8
FL 46 9 12
FL 46 18 0
FL 46 20 4
FL 46 22 0
FL 46 24 43
FL 46 30 45
FL 46 34 6
FL 46 41 0
FL 46 45 0
FL 46 47 216
FL 46 48 28
FL 46 51 53
FL 46 52 58
FL 46 54 3
FL 46 57 0
FL 46 59 109
FL 46 60 5
FL 46 61 99
FL 46 65 0
FL 46 66 0
FL 46 80 0
FL 46 82 100
FL 46 90 132
FL 47 1 44
FL 47 2 0
FL 47 6 0
FL 47 7 5
FL 47 8 70
FL 47 13 18
FL 47 18 0
FL 47 19 564
FL 47 20 2
FL 47 23 124
FL 47 38 11
FL 47 42 175
FL 47 45 0
FL 47 46 448
FL 47 48 15
FL 47 50 46
FL 47 52 37
FL 47 54 484
FL 47 57 0
FL 47 58 106
FL 47 60 3
FL 47 61 34
FL 47 64 142
FL 47 75 3
FL 47 76 2
FL 47 77 564
FL 47 80 0
FL 48 32 0
FL 48 38 1275
FL 48 40 113
FL 48 47 36
FL 49 1 101
FL 49 3 139
FL 49 4 72
FL 49 5 13
FL 49 11 11
FL 49 15 0
FL 49 16 7
FL 49 18 0
FL 49 22 0
FL 49 25 9
FL 49 26 40
FL 49 27 25
FL 49 28 11
FL 49 29 66
FL 49 33 13
FL 49 35 49
FL 49 43 17
FL 49 44 4
FL 49 45 0
FL 49 51 20
FL 49 55 10
FL 49 56 11
FL 49 62 9
FL 49 63 116
FL 49 67 11
FL 49 71 12
FL 49 72 9
FL 49 74 1
FL 49 78 101
FL 49 79 9
FL 49 81 33
FL 49 83 13
FL 50 5 10
FL 50 7 1005
FL 50 8 53
FL 50 12 0
FL 50 13 16
FL 50 21 13
FL 50 22 0
FL 50 40 117
FL 50 41 0
FL 50 45 0
FL 50 47 920
FL 50 52 77
FL 50 58 129
FL 50 60 2
FL 50 64 157
FL 50 69 110
FL 50 70 10
FL 50 84 10
FL 51 4 132
FL 51 26 30
FL 51 29 62
FL 51 33 10
FL 51 35 45
FL 51 42 519
FL 51 46 850
FL 51 49 4
FL 51 67 10
FL 51 70 834
FL 51 74 0
FL 51 83 12
FL 52 8 112
FL 52 29 58
FL 52 40 85
FL 52 42 32
FL 52 47 32
FL 52 64 95
FL 52 80 0
FL 53 12 3
FL 53 21 1976
FL 53 38 1317
FL 53 41 0
FL 53 59 61
FL 53 76 1068
FL 53 86 977
FL 54 1 65
FL 54 2 0
FL 54 5 7
FL 54 6 0
FL 54 7 1
FL 54 10 24
FL 54 18 0
FL 54 19 1
FL 54 20 0
FL 54 22 0
FL 54 23 88
FL 54 24 68
FL 54 30 21
FL 54 34 7
FL 54 35 19
FL 54 39 0
FL 54 41 0
FL 54 42 55
FL 54 45 0
FL 54 46 3
FL 54 47 471
FL 54 48 21
FL 54 51 7
FL 54 52 26
FL 54 57 0
FL 54 59 20
FL 54 60 1
FL 54 61 41
FL 54 65 0
FL 54 66 0
FL 54 68 49
FL 54 73 0
FL 54 77 1
FL 54 80 0
FL 54 82 19
FL 54 90 97
FL 55 4 59
FL 55 5 10
FL 55 18 0
FL 55 25 8
FL 55 26 37
FL 55 27 34
FL 55 28 6
FL 55 29 61
FL 55 33 8
FL 55 35 42
FL 55 43 15
FL 55 49 3
FL 55 56 9
FL 55 62 5
FL 55 63 160
FL 55 67 9
FL 55 72 6
FL 55 74 1
FL 55 78 49
FL 55 79 8
FL 55 81 44
FL 56 4 56
FL 56 5 3
FL 56 11 5
FL 56 16 457
FL 56 22 0
FL 56 25 1114
FL 56 26 16
FL 56 27 1227
FL 56 28 7
FL 56 29 53
FL 56 33 8
FL 56 35 22
FL 56 43 14
FL 56 49 371
FL 56 55 718
FL 56 62 5
FL 56 63 91
FL 56 67 7
FL 56 72 789
FL 56 74 0
FL 56 78 43
FL 56 79 1142
FL 56 81 80
FL 57 1 32
FL 57 2 0
FL 57 5 7
FL 57 6 0
FL 57 7 1
FL 57 8 80
FL 57 9 2
FL 57 10 65
FL 57 13 15
FL 57 15 0
FL 57 18 0
FL 57 19 1
FL 57 20 1
FL 57 22 0
FL 57 23 45
FL 57 30 56
FL 57 34 7
FL 57 35 14
FL 57 39 0
FL 57 40 51
FL 57 41 0
FL 57 42 43
FL 57 44 435
FL 57 45 0
FL 57 46 3
FL 57 47 22
FL 57 48 20
FL 57 51 24
FL 57 52 48
FL 57 54 1
FL 57 58 61
FL 57 59 46
FL 57 60 1
FL 57 61 67
FL 57 64 20
FL 57 65 0
FL 57 66 0
FL 57 68 34
FL 57 73 0
FL 57 75 1
FL 57 76 1
FL 57 77 1
FL 57 80 0
FL 57 82 47
FL 57 90 134
FL 59 23 84
FL 59 40 165
FL 59 42 46
FL 59 46 3
FL 59 53 70
FL 59 85 11
FL 60 1 32
FL 60 2 0
FL 60 6 0
FL 60 7 1
FL 60 8 107
FL 60 9 0
FL 60 10 84
FL 60 12 0
FL 60 13 15
FL 60 14 13
FL 60 17 106
FL 60 18 0
FL 60 19 1
FL 60 20 1
FL 60 21 15
FL 60 22 0
FL 60 23 109
FL 60 24 40
FL 60 30 52
FL 60 34 8
FL 60 36 12
FL 60 39 0
FL 60 40 111
FL 60 41 0
FL 60 42 35
FL 60 44 0
FL 60 45 0
FL 60 46 4
FL 60 47 30
FL 60 48 12
FL 60 50 79
FL 60 51 24
FL 60 52 42
FL 60 54 1
FL 60 57 1
FL 60 58 70
FL 60 59 7
FL 60 61 34
FL 60 64 88
FL 60 65 0
FL 60 66 0
FL 60 68 29
FL 60 69 133
FL 60 73 0
FL 60 75 1
FL 60 76 1
FL 60 77 0
FL 60 80 0
FL 60 82 70
FL 60 84 11
FL 61 5 878
FL 61 75 1
FL 61 76 1
FL 61 85 12
FL 62 3 105
FL 62 4 66
FL 62 5 3
FL 62 11 6
FL 62 15 0
FL 62 16 4
FL 62 22 0
FL 62 25 8
FL 62 26 9
FL 62 27 34
FL 62 28 7
FL 62 29 53
FL 62 31 9
FL 62 33 9
FL 62 43 11
FL 62 49 2
FL 62 55 8
FL 62 56 9
FL 62 63 276
FL 62 67 7
FL 62 71 6
FL 62 72 6
FL 62 74 0
FL 62 78 63
FL 62 79 7
FL 62 81 11
FL 62 83 7
FL 63 5 19
FL 64 32 0
FL 64 47 19
FL 64 52 63
FL 64 85 13
FL 65 1 91
FL 65 2 0
FL 65 5 5
FL 65 6 0
FL 65 7 2
FL 65 9 0
FL 65 10 53
FL 65 18 0
FL 65 19 1
FL 65 20 1
FL 65 22 0
FL 65 23 174
FL 65 24 51
FL 65 30 37
FL 65 34 9
FL 65 35 21
FL 65 39 0
FL 65 41 0
FL 65 42 22
FL 65 45 0
FL 65 46 4
FL 65 47 25
FL 65 48 22
FL 65 51 16
FL 65 52 24
FL 65 54 1
FL 65 57 1
FL 65 59 66
FL 65 60 1
FL 65 61 73
FL 65 66 0
FL 65 68 29
FL 65 73 0
FL 65 77 0
FL 65 80 0
FL 65 82 51
FL 65 90 104
FL 66 1 10
FL 66 2 0
FL 66 5 811
FL 66 6 0
FL 66 7 3
FL 66 8 152
FL 66 9 0
FL 66 10 37
FL 66 13 16
FL 66 17 124
FL 66 18 0
FL 66 19 2
FL 66 20 1
FL 66 22 0
FL 66 23 59
FL 66 24 67
FL 66 26 256
FL 66 29 105
FL 66 30 96
FL 66 34 9
FL 66 39 0
FL 66 40 76
FL 66 41 0
FL 66 42 32
FL 66 44 0
FL 66 45 0
FL 66 46 6
FL 66 47 40
FL 66 48 46
FL 66 50 88
FL 66 51 25
FL 66 52 37
FL 66 54 2
FL 66 57 1
FL 66 58 93
FL 66 59 62
FL 66 60 2
FL 66 61 16
FL 66 64 77
FL 66 65 0
FL 66 68 36
FL 66 73 0
FL 66 75 1
FL 66 76 1
FL 66 77 0
FL 66 80 0
FL 66 82 18
FL 66 90 56
FL 67 1 40
FL 67 4 69
FL 67 5 7
FL 67 11 7
FL 67 15 0
FL 67 16 3
FL 67 18 0
FL 67 22 0
FL 67 25 7
FL 67 26 8
FL 67 27 13
FL 67 28 9
FL 67 29 68
FL 67 31 5
FL 67 33 4
FL 67 35 28
FL 67 43 12
FL 67 44 4
FL 67 45 0
FL 67 49 3
FL 67 51 8
FL 67 55 6
FL 67 56 9
FL 67 62 3
FL 67 63 160
FL 67 71 6
FL 67 74 1
FL 67 78 91
FL 67 79 7
FL 67 81 16
FL 67 83 10
FL 68 2 0
FL 68 7 2
FL 68 18 0
FL 68 20 1
FL 68 22 0
FL 68 24 48
FL 68 30 10
FL 68 32 0
FL 68 35 1968
FL 68 41 0
FL 68 45 0
FL 68 48 32
FL 68 52 84
FL 68 54 3
FL 68 57 1
FL 68 60 2
FL 68 61 104
FL 68 80 0
FL 68 82 133
FL 68 90 158
FL 69 5 20
FL 69 8 63
FL 69 13 38
FL 69 21 69
FL 69 45 1
FL 69 60 525
FL 69 70 36
FL 69 83 38
FL 69 84 31
FL 70 8 107
FL 70 10 67
FL 70 12 0
FL 70 13 16
FL 70 14 13
FL 70 17 80
FL 70 21 12
FL 70 24 113
FL 70 36 12
FL 70 44 0
FL 70 50 83
FL 70 51 430
FL 70 53 26
FL 70 58 37
FL 70 64 58
FL 70 69 98
FL 70 75 1
FL 70 76 1
FL 70 84 1379
FL 71 1 109
FL 71 3 111
FL 71 4 70
FL 71 5 4
FL 71 9 1
FL 71 11 5
FL 71 13 16
FL 71 15 0
FL 71 16 4
FL 71 22 0
FL 71 25 8
FL 71 26 15
FL 71 29 66
FL 71 31 7
FL 71 33 7
FL 71 36 14
FL 71 44 0
FL 71 45 0
FL 71 49 2
FL 71 51 20
FL 71 62 7
FL 71 67 7
FL 71 69 58
FL 71 74 0
FL 71 75 3
FL 71 83 6
FL 72 4 78
FL 72 5 336
FL 72 18 0
FL 72 25 9
FL 72 27 28
FL 72 28 10
FL 72 29 64
FL 72 35 19
FL 72 43 15
FL 72 49 4
FL 72 55 8
FL 72 56 8
FL 72 62 5
FL 72 63 378
FL 72 78 112
FL 72 79 7
FL 72 81 27
FL 73 1 40
FL 73 2 0
FL 73 7 3
FL 73 9 0
FL 73 10 61
FL 73 17 116
FL 73 18 0
FL 73 20 1
FL 73 22 0
FL 73 24 27
FL 73 30 72
FL 73 32 0
FL 73 34 10
FL 73 36 12
FL 73 38 11
FL 73 41 0
FL 73 44 0
FL 73 45 0
FL 73 47 54
FL 73 48 62
FL 73 50 36
FL 73 51 21
FL 73 52 37
FL 73 54 3
FL 73 57 1
FL 73 58 47
FL 73 59 46
FL 73 60 3
FL 73 61 50
FL 73 64 95
FL 73 65 0
FL 73 66 0
FL 73 75 1
FL 73 80 0
FL 73 82 111
FL 74 1 41
FL 74 2 0
FL 74 4 29
FL 74 5 8
FL 74 15 0
FL 74 16 6
FL 74 18 0
FL 74 22 0
FL 74 25 9
FL 74 26 32
FL 74 27 40
FL 74 28 10
FL 74 29 63
FL 74 30 43
FL 74 33 11
FL 74 35 27
FL 74 36 16
FL 74 43 12
FL 74 44 1
FL 74 45 0
FL 74 49 3
FL 74 51 8
FL 74 52 51
FL 74 55 9
FL 74 56 9
FL 74 62 9
FL 74 67 11
FL 74 71 12
FL 74 75 4
FL 74 78 123
FL 74 81 67
FL 74 83 13
FL 75 1 53
FL 75 2 0
FL 75 7 4
FL 75 8 122
FL 75 9 0
FL 75 10 34
FL 75 12 0
FL 75 13 19
FL 75 14 14
FL 75 17 147
FL 75 20 558
FL 75 21 15
FL 75 22 0
FL 75 24 91
FL 75 26 785
FL 75 28 9
FL 75 29 1220
FL 75 31 11
FL 75 36 12
FL 75 40 56
FL 75 41 0
FL 75 44 0
FL 75 45 0
FL 75 47 44
FL 75 48 8
FL 75 50 30
FL 75 51 15
FL 75 52 24
FL 75 57 1
FL 75 58 62
FL 75 59 154
FL 75 60 3
FL 75 61 47
FL 75 64 99
FL 75 66 0
FL 75 69 83
FL 75 70 11
FL 75 71 7
FL 75 73 0
FL 75 74 0
FL 75 76 2
FL 75 84 11
FL 76 1 54
FL 76 7 5
FL 76 9 0
FL 76 10 60
FL 76 12 0
FL 76 14 16
FL 76 17 142
FL 76 21 15
FL 76 22 0
FL 76 24 45
FL 76 26 1726
FL 76 29 490
FL 76 36 12
FL 76 41 0
FL 76 44 0
FL 76 45 0
FL 76 47 46
FL 76 48 27
FL 76 50 44
FL 76 51 7
FL 76 52 65
FL 76 53 137
FL 76 57 1
FL 76 58 35
FL 76 59 57
FL 76 60 4
FL 76 61 46
FL 76 64 43
FL 76 66 0
FL 76 69 30
FL 76 70 11
FL 76 75 3
FL 76 84 13
FL 77 1 69
FL 77 2 0
FL 77 7 5
FL 77 9 0
FL 77 18 0
FL 77 20 2
FL 77 22 0
FL 77 24 74
FL 77 30 54
FL 77 34 10
FL 77 35 466
FL 77 41 0
FL 77 45 0
FL 77 47 296
FL 77 48 48
FL 77 51 8
FL 77 52 54
FL 77 54 3
FL 77 57 1
FL 77 59 63
FL 77 60 4
FL 77 61 28
FL 77 65 0
FL 77 66 0
FL 77 80 0
FL 77 82 68
FL 77 90 56
FL 78 3 127
FL 78 5 28
FL 78 31 37
FL 79 4 104
FL 79 5 4
FL 79 25 7
FL 79 26 13
FL 79 27 11
FL 79 28 6
FL 79 29 54
FL 79 33 8
FL 79 35 24
FL 79 43 16
FL 79 49 3
FL 79 55 5
FL 79 56 8
FL 79 62 5
FL 79 63 116
FL 79 67 7
FL 79 72 4
FL 79 78 121
FL 79 81 100
FL 80 1 74
FL 80 2 0
FL 80 6 0
FL 80 7 6
FL 80 9 0
FL 80 10 52
FL 80 18 0
FL 80 19 0
FL 80 20 2
FL 80 22 0
FL 80 23 49
FL 80 24 38
FL 80 30 96
FL 80 32 0
FL 80 34 11
FL 80 38 14
FL 80 39 0
FL 80 40 97
FL 80 41 0
FL 80 42 98
FL 80 45 0
FL 80 46 6
FL 80 47 50
FL 80 48 17
FL 80 51 14
FL 80 52 63
FL 80 54 3
FL 80 57 2
FL 80 59 99
FL 80 60 4
FL 80 61 41
FL 80 65 0
FL 80 66 0
FL 80 68 85
FL 80 73 0
FL 80 77 1
FL 80 82 80
FL 80 90 71
FL 81 4 121
FL 81 5 27
FL 81 16 23
FL 81 18 1
FL 81 25 14
FL 81 27 209
FL 81 28 24
FL 81 29 113
FL 81 35 252
FL 81 49 20
FL 81 55 22
FL 81 56 14
FL 81 62 13
FL 81 72 15
FL 81 79 17
FL 82 2 1
FL 82 6 0
FL 82 19 10
FL 82 20 8
FL 82 22 0
FL 82 23 58
FL 82 24 54
FL 82 30 101
FL 82 39 0
FL 82 42 56
FL 82 45 1
FL 82 46 9
FL 82 54 8
FL 82 68 127
FL 83 3 115
FL 83 9 354
FL 83 22 9
FL 83 28 22
FL 83 29 103
FL 83 33 20
FL 83 49 13
FL 83 51 11
FL 83 62 1237
FL 83 69 537
FL 83 71 2317
FL 83 89 2066
FL 84 8 67
FL 84 10 76
FL 84 12 0
FL 84 13 15
FL 84 14 11
FL 84 17 112
FL 84 21 10
FL 84 24 60
FL 84 36 16
FL 84 40 77
FL 84 44 1
FL 84 50 57
FL 84 51 14
FL 84 53 22
FL 84 58 113
FL 84 60 2
FL 84 64 107
FL 84 69 31
FL 84 70 252
FL 84 75 2
FL 84 76 2
FL 85 7 3
FL 85 9 0
FL 85 10 31
FL 85 12 0
FL 85 14 13
FL 85 17 144
FL 85 21 136
FL 85 24 64
FL 85 32 0
FL 85 38 9
FL 85 41 0
FL 85 47 47
FL 85 53 21
FL 85 58 91
FL 85 59 105
FL 85 61 90
FL 85 64 87
FL 85 88 213
FL 86 12 0
FL 86 14 17
FL 86 17 126
FL 86 21 246
FL 86 24 56
FL 86 38 7
FL 86 40 102
FL 86 53 36
FL 89 3 70
FL 89 11 7
FL 89 15 0
FL 89 28 8
FL 89 83 10
FU 0 77 2
FU 0 54 2
FU 0 85 6
FU 0 22 1
FU 0 15 2000
FU 0 5 23
FU 0 60 4
FU 0 70 11
FU 0 86 14
FU 0 39 1
FU 0 7 2
FU 0 71 2
FU 0 57 1
FU 0 12 1
FU 0 25 5
FU 0 76 9
FU 0 19 8
FU 0 44 4
FU 0 62 9
FU 0 46 4
FU 0 32 1999
FU 0 72 7
FU 0 16 12
FU 0 84 9
FU 0 74 3
FU 0 34 1
FU 0 66 15
FU 0 80 1
FU 0 38 5
FU 0 14 4
FU 0 75 36
FU 0 79 10
FU 0 13 6
FU 0 11 2
FU 0 89 1
FU 0 73 1
FU 0 36 5
FU 0 20 2
FU 0 56 12
FU 0 9 11
FU 0 28 5
FU 0 49 15
FU 0 21 38
FU 0 55 14
FU 0 65 1
FU 0 67 3
FU 0 6 1
FU 0 1 126
FU 0 2 1
FU 0 3 210
FU 0 4 404
FU 0 8 16
FU 0 10 128
FU 0 17 110
FU 0 18 1
FU 0 23 131
FU 0 24 98
FU 0 26 305
FU 0 27 524
FU 0 29 86
FU 0 30 436
FU 0 31 5
FU 0 33 5
FU 0 35 379
FU 0 37 2000
FU 0 40 76
FU 0 42 120
FU 0 43 17
FU 0 45 1
FU 0 47 80
FU 0 48 45
FU 0 50 70
FU 0 51 46
FU 0 52 58
FU 0 53 114
FU 0 58 102
FU 0 59 129
FU 0 61 39
FU 0 63 147
FU 0 64 41
FU 0 68 162
FU 0 69 338
FU 0 78 201
FU 0 81 596
FU 0 82 300
FU 0 83 1
FU 0 87 2000
FU 0 88 180
FU 0 90 36
FU 2 6 0
FU 2 7 0
FU 2 10 156
FU 2 19 0
FU 2 20 0
FU 2 22 0
FU 2 23 106
FU 2 24 58
FU 2 30 123
FU 2 39 0
FU 2 41 0
FU 2 42 93
FU 2 46 14
FU 2 47 41
FU 2 48 18
FU 2 54 0
FU 2 68 135
FU 2 74 1997
FU 2 75 1
FU 2 77 0
FU 2 82 76
FU 2 90 70
FU 3 4 97
FU 3 5 0
FU 3 16 0
FU 3 43 0
FU 3 49 243
FU 3 62 0
FU 3 78 75
FU 4 3 86
FU 4 16 0
FU 4 26 45
FU 4 27 51
FU 4 28 0
FU 4 29 37
FU 4 43 0
FU 4 49 0
FU 4 51 34
FU 4 55 1
FU 4 56 27
FU 4 62 0
FU 4 79 0
FU 4 81 110
FU 5 1 41
FU 5 3 93
FU 5 4 103
FU 5 11 0
FU 5 15 0
FU 5 16 0
FU 5 18 0
FU 5 22 0
FU 5 25 0
FU 5 26 11
FU 5 27 37
FU 5 28 0
FU 5 29 29
FU 5 30 37
FU 5 31 0
FU 5 33 0
FU 5 35 41
FU 5 36 0
FU 5 43 0
FU 5 44 0
FU 5 45 0
FU 5 48 25
FU 5 49 0
FU 5 50 36
FU 5 51 30
FU 5 52 31
FU 5 54 0
FU 5 55 0
FU 5 56 0
FU 5 57 0
FU 5 61 21
FU 5 62 0
FU 5 63 193
FU 5 65 0
FU 5 66 0
FU 5 67 0
FU 5 69 33
FU 5 71 0
FU 5 72 428
FU 5 74 0
FU 5 78 78
FU 5 79 0
FU 5 81 91
FU 5 83 0
FU 6 1 107
FU 6 2 0
FU 6 7 0
FU 6 9 0
FU 6 10 50
FU 6 18 0
FU 6 20 0
FU 6 22 0
FU 6 24 57
FU 6 30 55
FU 6 34 0
FU 6 35 3
FU 6 41 0
FU 6 45 0
FU 6 47 0
FU 6 48 38
FU 6 51 18
FU 6 52 28
FU 6 54 0
FU 6 57 0
FU 6 59 67
FU 6 60 0
FU 6 61 41
FU 6 65 0
FU 6 66 0
FU 6 80 0
FU 6 82 78
FU 6 90 44
FU 7 1 14
FU 7 2 0
FU 7 6 0
FU 7 8 98
FU 7 9 0
FU 7 10 86
FU 7 13 0
FU 7 17 142
FU 7 18 0
FU 7 19 0
FU 7 20 0
FU 7 22 0
FU 7 23 76
FU 7 24 31
FU 7 30 55
FU 7 32 0
FU 7 34 0
FU 7 36 0
FU 7 38 0
FU 7 39 0
FU 7 40 62
FU 7 41 0
FU 7 42 57
FU 7 44 0
FU 7 45 0
FU 7 46 0
FU 7 47 7
FU 7 48 62
FU 7 50 30
FU 7 51 11
FU 7 52 44
FU 7 54 0
FU 7 57 0
FU 7 58 127
FU 7 59 48
FU 7 60 0
FU 7 61 22
FU 7 64 61
FU 7 65 0
FU 7 66 0
FU 7 68 65
FU 7 73 0
FU 7 75 0
FU 7 76 0
FU 7 77 0
FU 7 80 0
FU 7 82 61
FU 7 85 0
FU 7 90 115
FU 9 1 66
FU 9 2 0
FU 9 6 0
FU 9 7 0
FU 9 8 63
FU 9 10 40
FU 9 12 0
FU 9 13 0
FU 9 14 0
FU 9 17 70
FU 9 18 0
FU 9 19 0
FU 9 20 0
FU 9 21 4
FU 9 23 34
FU 9 24 36
FU 9 25 24
FU 9 26 117
FU 9 27 105
FU 9 29 26
FU 9 32 0
FU 9 34 0
FU 9 35 90
FU 9 36 0
FU 9 38 2
FU 9 39 0
FU 9 40 107
FU 9 41 0
FU 9 42 46
FU 9 43 0
FU 9 44 0
FU 9 45 0
FU 9 46 0
FU 9 47 44
FU 9 48 19
FU 9 50 96
FU 9 51 8
FU 9 52 60
FU 9 53 75
FU 9 57 0
FU 9 58 101
FU 9 59 132
FU 9 60 0
FU 9 61 35
FU 9 64 54
FU 9 65 0
FU 9 66 0
FU 9 68 91
FU 9 71 0
FU 9 73 0
FU 9 75 0
FU 9 76 0
FU 9 77 0
FU 9 78 131
FU 9 80 0
FU 9 81 70
FU 9 83 0
FU 9 85 0
FU 9 88 227
FU 10 2 0
FU 10 8 164
FU 10 12 0
FU 10 18 0
FU 10 21 0
FU 10 30 39
FU 10 32 0
FU 10 40 59
FU 10 58 108
FU 10 61 14
FU 10 64 83
FU 10 69 43
FU 10 70 0
FU 10 80 0
FU 10 85 0
FU 11 3 40
FU 11 4 33
FU 11 5 0
FU 11 13 0
FU 11 15 0
FU 11 16 0
FU 11 25 0
FU 11 26 17
FU 11 28 0
FU 11 31 0
FU 11 33 0
FU 11 43 0
FU 11 45 0
FU 11 49 0
FU 11 56 0
FU 11 62 0
FU 11 67 0
FU 11 71 0
FU 11 78 134
FU 11 83 0
FU 11 89 0
FU 12 8 58
FU 12 9 304
FU 12 10 81
FU 12 13 993
FU 12 14 1995
FU 12 17 61
FU 12 21 930
FU 12 24 33
FU 12 36 1995
FU 12 40 55
FU 12 41 0
FU 12 44 692
FU 12 47 0
FU 12 50 31
FU 12 53 384
FU 12 58 95
FU 12 60 714
FU 12 64 90
FU 12 69 298
FU 12 70 980
FU 12 75 0
FU 12 76 270
FU 12 84 1036
FU 12 85 1009
FU 12 86 703
FU 12 88 177
FU 13 1 94
FU 13 3 124
FU 13 7 0
FU 13 9 0
FU 13 10 51
FU 13 11 0
FU 13 12 0
FU 13 14 0
FU 13 17 72
FU 13 20 312
FU 13 21 0
FU 13 24 87
FU 13 26 7
FU 13 31 0
FU 13 32 0
FU 13 36 0
FU 13 38 0
FU 13 41 0
FU 13 44 0
FU 13 45 0
FU 13 47 2
FU 13 48 29
FU 13 50 35
FU 13 51 19
FU 13 52 11
FU 13 53 38
FU 13 57 0
FU 13 58 32
FU 13 59 39
FU 13 60 0
FU 13 61 43
FU 13 64 32
FU 13 66 0
FU 13 69 58
FU 13 70 0
FU 13 71 0
FU 13 75 0
FU 13 84 0
FU 13 88 184
FU 14 8 116
FU 14 9 0
FU 14 10 31
FU 14 12 0
FU 14 13 0
FU 14 17 73
FU 14 21 7
FU 14 24 43
FU 14 36 0
FU 14 40 75
FU 14 44 0
FU 14 47 34
FU 14 50 35
FU 14 51 12
FU 14 53 55
FU 14 58 89
FU 14 60 0
FU 14 64 80
FU 14 69 53
FU 14 70 3
FU 14 75 0
FU 14 76 0
FU 14 84 1
FU 14 85 2
FU 14 86 1
FU 14 88 275
FU 15 3 83
FU 15 4 27
FU 15 5 0
FU 15 11 0
FU 15 16 0
FU 15 22 0
FU 15 25 0
FU 15 26 19
FU 15 27 26
FU 15 28 0
FU 15 29 39
FU 15 31 0
FU 15 33 0
FU 15 36 0
FU 15 43 0
FU 15 44 0
FU 15 49 0
FU 15 51 23
FU 15 52 12
FU 15 57 0
FU 15 62 0
FU 15 67 0
FU 15 69 48
FU 15 71 0
FU 15 74 0
FU 15 78 109
FU 15 81 119
FU 15 83 0
FU 15 89 0
FU 16 3 108
FU 16 4 64
FU 16 5 0
FU 16 11 0
FU 16 15 0
FU 16 18 0
FU 16 25 0
FU 16 26 20
FU 16 27 47
FU 16 31 0
FU 16 33 0
FU 16 35 42
FU 16 43 0
FU 16 44 0
FU 16 45 0
FU 16 49 0
FU 16 56 0
FU 16 62 0
FU 16 63 92
FU 16 67 0
FU 16 69 19
FU 16 71 0
FU 16 74 0
FU 16 78 61
FU 16 81 61
FU 16 83 0
FU 18 7 0
FU 18 10 47
FU 18 16 0
FU 18 26 7
FU 18 27 47
FU 18 28 1995
FU 18 29 0
FU 18 35 2
FU 18 41 0
FU 18 45 0
FU 18 47 188
FU 18 48 31
FU 18 49 447
FU 18 52 13
FU 18 54 0
FU 18 55 588
FU 18 67 0
FU 18 68 56
FU 18 72 217
FU 18 74 0
FU 18 81 49
FU 18 82 55
FU 19 1 84
FU 19 2 0
FU 19 7 0
FU 19 9 0
FU 19 18 0
FU 19 20 0
FU 19 22 0
FU 19 24 83
FU 19 30 36
FU 19 34 0
FU 19 35 89
FU 19 41 0
FU 19 45 0
FU 19 47 74
FU 19 48 20
FU 19 51 17
FU 19 52 29
FU 19 54 0
FU 19 57 0
FU 19 59 46
FU 19 60 0
FU 19 61 25
FU 19 65 0
FU 19 66 0
FU 19 80 0
FU 19 82 70
FU 19 90 110
FU 20 1 43
FU 20 2 0
FU 20 6 0
FU 20 7 0
FU 20 8 56
FU 20 9 0
FU 20 10 77
FU 20 13 984
FU 20 18 0
FU 20 19 0
FU 20 23 70
FU 20 24 55
FU 20 34 0
FU 20 39 0
FU 20 41 0
FU 20 42 72
FU 20 46 0
FU 20 47 0
FU 20 51 45
FU 20 52 10
FU 20 54 0
FU 20 57 0
FU 20 59 14
FU 20 60 0
FU 20 64 64
FU 20 65 0
FU 20 66 0
FU 20 68 35
FU 20 73 0
FU 20 75 468
FU 20 77 0
FU 20 80 0
FU 20 82 62
FU 20 90 129
FU 21 8 72
FU 21 9 0
FU 21 10 24
FU 21 12 0
FU 21 13 0
FU 21 14 1
FU 21 17 80
FU 21 24 30
FU 21 36 0
FU 21 38 2
FU 21 40 55
FU 21 44 0
FU 21 47 51
FU 21 50 43
FU 21 51 44
FU 21 53 11
FU 21 58 62
FU 21 60 0
FU 21 64 42
FU 21 69 29
FU 21 70 391
FU 21 75 0
FU 21 76 0
FU 21 84 1
FU 21 85 970
FU 21 86 584
FU 21 88 131
FU 22 1 44
FU 22 2 0
FU 22 4 58
FU 22 5 0
FU 22 6 0
FU 22 7 0
FU 22 8 80
FU 22 10 45
FU 22 15 0
FU 22 18 0
FU 22 19 0
FU 22 23 57
FU 22 24 24
FU 22 25 1253
FU 22 26 9
FU 22 28 0
FU 22 29 0
FU 22 30 11
FU 22 33 0
FU 22 35 6
FU 22 36 0
FU 22 39 0
FU 22 41 0
FU 22 42 52
FU 22 43 1983
FU 22 44 0
FU 22 45 0
FU 22 46 0
FU 22 48 62
FU 22 49 0
FU 22 50 37
FU 22 51 13
FU 22 52 75
FU 22 54 0
FU 22 56 1132
FU 22 57 0
FU 22 58 74
FU 22 59 46
FU 22 60 0
FU 22 61 55
FU 22 62 0
FU 22 65 0
FU 22 66 0
FU 22 67 0
FU 22 68 40
FU 22 71 0
FU 22 73 0
FU 22 74 0
FU 22 75 0
FU 22 76 0
FU 22 77 0
FU 22 80 0
FU 22 82 89
FU 22 83 1999
FU 23 2 0
FU 23 7 0
FU 23 20 0
FU 23 22 0
FU 23 24 52
FU 23 30 73
FU 23 35 0
FU 23 45 0
FU 23 47 103
FU 23 48 34
FU 23 52 24
FU 23 54 0
FU 23 57 0
FU 23 59 68
FU 23 60 0
FU 23 61 59
FU 23 80 0
FU 23 82 87
FU 23 90 151
FU 24 2 0
FU 24 6 0
FU 24 19 0
FU 24 20 0
FU 24 22 0
FU 24 23 76
FU 24 39 0
FU 24 42 79
FU 24 46 0
FU 24 68 69
FU 24 77 0
FU 24 82 83
FU 24 86 0
FU 25 3 64
FU 25 4 110
FU 25 5 0
FU 25 9 433
FU 25 11 0
FU 25 15 0
FU 25 16 568
FU 25 22 0
FU 25 26 6
FU 25 27 38
FU 25 28 0
FU 25 29 0
FU 25 31 0
FU 25 33 0
FU 25 35 17
FU 25 43 0
FU 25 45 0
FU 25 49 267
FU 25 55 624
FU 25 56 688
FU 25 62 0
FU 25 63 122
FU 25 67 0
FU 25 71 0
FU 25 72 250
FU 25 74 0
FU 25 78 69
FU 25 79 864
FU 25 81 52
FU 25 83 0
FU 26 1 113
FU 26 3 115
FU 26 4 87
FU 26 5 0
FU 26 16 0
FU 26 18 0
FU 26 22 0
FU 26 25 2
FU 26 27 58
FU 26 28 0
FU 26 29 10
FU 26 30 116
FU 26 31 0
FU 26 33 0
FU 26 35 47
FU 26 43 0
FU 26 44 0
FU 26 49 0
FU 26 51 14
FU 26 55 0
FU 26 56 0
FU 26 62 0
FU 26 66 717
FU 26 71 0
FU 26 75 476
FU 26 76 224
FU 26 78 51
FU 26 79 0
FU 26 81 136
FU 26 83 0
FU 27 4 130
FU 27 5 566
FU 27 16 0
FU 27 18 0
FU 27 25 6
FU 27 28 0
FU 27 29 27
FU 27 35 42
FU 27 49 0
FU 27 55 0
FU 27 56 0
FU 27 62 0
FU 27 72 0
FU 27 79 0
FU 27 81 62
FU 28 3 159
FU 28 4 32
FU 28 5 0
FU 28 11 0
FU 28 15 0
FU 28 18 0
FU 28 22 0
FU 28 25 0
FU 28 26 11
FU 28 27 13
FU 28 29 107
FU 28 31 0
FU 28 33 0
FU 28 35 23
FU 28 36 0
FU 28 43 0
FU 28 49 0
FU 28 52 85
FU 28 55 0
FU 28 56 0
FU 28 62 0
FU 28 63 145
FU 28 67 0
FU 28 72 0
FU 28 74 0
FU 28 75 0
FU 28 78 165
FU 28 79 0
FU 28 81 65
FU 28 83 0
FU 28 89 0
FU 29 4 31
FU 29 5 0
FU 29 9 0
FU 29 18 0
FU 29 22 0
FU 29 25 0
FU 29 26 41
FU 29 27 17
FU 29 28 0
FU 29 30 68
FU 29 33 0
FU 29 35 13
FU 29 43 0
FU 29 49 92
FU 29 51 14
FU 29 52 16
FU 29 55 108
FU 29 56 110
FU 29 62 163
FU 29 66 162
FU 29 71 0
FU 29 72 169
FU 29 75 62
FU 29 76 86
FU 29 78 30
FU 29 79 183
FU 29 81 50
FU 29 83 0
FU 30 2 0
FU 30 5 0
FU 30 6 0
FU 30 7 0
FU 30 10 112
FU 30 19 0
FU 30 22 0
FU 30 23 27
FU 30 26 66
FU 30 29 60
FU 30 39 0
FU 30 42 35
FU 30 45 0
FU 30 46 0
FU 30 48 10
FU 30 52 79
FU 30 54 0
FU 30 68 30
FU 30 77 0
FU 30 80 0
FU 30 82 38
FU 30 90 202
FU 31 5 0
FU 31 26 22
FU 31 33 1995
FU 31 43 0
FU 31 67 1997
FU 31 78 114
FU 32 7 0
FU 32 8 47
FU 32 9 0
FU 32 10 64
FU 32 13 0
FU 32 34 0
FU 32 38 0
FU 32 40 61
FU 32 41 0
FU 32 47 2
FU 32 48 18
FU 32 58 68
FU 32 59 40
FU 32 61 13
FU 32 64 94
FU 32 68 70
FU 32 73 0
FU 32 80 0
FU 32 85 0
FU 32 88 253
FU 33 11 1998
FU 33 16 0
FU 33 25 2
FU 33 26 38
FU 33 28 0
FU 33 29 5
FU 33 31 0
FU 33 35 34
FU 33 44 5
FU 33 49 1
FU 33 51 44
FU 33 55 0
FU 33 56 0
FU 33 62 1
FU 33 78 58
FU 33 79 0
FU 33 81 89
FU 34 1 51
FU 34 2 0
FU 34 6 0
FU 34 7 0
FU 34 9 0
FU 34 18 0
FU 34 19 0
FU 34 20 0
FU 34 23 87
FU 34 24 24
FU 34 30 80
FU 34 32 0
FU 34 38 0
FU 34 39 0
FU 34 40 65
FU 34 41 0
FU 34 42 48
FU 34 45 0
FU 34 46 0
FU 34 47 22
FU 34 48 21
FU 34 52 15
FU 34 54 0
FU 34 57 0
FU 34 59 66
FU 34 60 0
FU 34 61 21
FU 34 65 0
FU 34 66 0
FU 34 68 33
FU 34 73 0
FU 34 77 0
FU 34 80 0
FU 34 82 52
FU 34 88 161
FU 34 90 108
FU 35 5 0
FU 35 6 0
FU 35 9 2
FU 35 16 531
FU 35 18 0
FU 35 19 596
FU 35 23 106
FU 35 25 1
FU 35 26 105
FU 35 27 118
FU 35 28 0
FU 35 29 55
FU 35 33 0
FU 35 43 0
FU 35 45 0
FU 35 49 0
FU 35 51 113
FU 35 52 90
FU 35 54 0
FU 35 55 4
FU 35 56 2
FU 35 57 0
FU 35 67 0
FU 35 68 22
FU 35 72 17
FU 35 74 0
FU 35 77 550
FU 35 78 36
FU 35 79 0
FU 35 81 107
FU 36 1 89
FU 36 5 0
FU 36 7 0
FU 36 8 67
FU 36 9 0
FU 36 10 53
FU 36 12 0
FU 36 13 0
FU 36 14 0
FU 36 15 0
FU 36 17 110
FU 36 21 2
FU 36 22 0
FU 36 24 53
FU 36 28 0
FU 36 31 0
FU 36 44 0
FU 36 45 0
FU 36 48 22
FU 36 50 69
FU 36 51 19
FU 36 52 29
FU 36 58 96
FU 36 59 75
FU 36 60 0
FU 36 69 104
FU 36 70 1
FU 36 71 0
FU 36 73 0
FU 36 74 0
FU 36 75 0
FU 36 76 0
FU 36 83 0
FU 36 84 1
FU 38 7 0
FU 38 8 54
FU 38 9 0
FU 38 10 28
FU 38 13 0
FU 38 21 0
FU 38 24 57
FU 38 32 0
FU 38 34 0
FU 38 40 164
FU 38 41 0
FU 38 47 0
FU 38 48 48
FU 38 53 11
FU 38 58 104
FU 38 59 28
FU 38 61 39
FU 38 64 79
FU 38 73 0
FU 38 80 0
FU 38 85 0
FU 38 86 0
FU 38 88 109
FU 39 1 51
FU 39 2 0
FU 39 7 0
FU 39 9 0
FU 39 18 0
FU 39 20 367
FU 39 22 0
FU 39 24 41
FU 39 30 45
FU 39 34 0
FU 39 41 0
FU 39 45 0
FU 39 47 0
FU 39 48 22
FU 39 51 31
FU 39 52 83
FU 39 54 615
FU 39 57 0
FU 39 59 60
FU 39 60 0
FU 39 61 24
FU 39 65 0
FU 39 66 0
FU 39 80 0
FU 39 82 94
FU 39 90 104
FU 40 52 22
FU 41 1 77
FU 41 2 1999
FU 41 6 1999
FU 41 7 1035
FU 41 8 84
FU 41 9 971
FU 41 10 292
FU 41 12 1999
FU 41 13 13
FU 41 17 85
FU 41 18 1999
FU 41 19 935
FU 41 20 939
FU 41 22 1999
FU 41 23 458
FU 41 24 156
FU 41 32 1
FU 41 34 1
FU 41 38 13
FU 41 39 1999
FU 41 40 52
FU 41 42 535
FU 41 44 976
FU 41 45 1999
FU 41 46 879
FU 41 47 148
FU 41 48 1034
FU 41 50 985
FU 41 51 791
FU 41 52 270
FU 41 53 1073
FU 41 54 931
FU 41 57 1110
FU 41 58 54
FU 41 59 221
FU 41 60 876
FU 41 61 712
FU 41 64 82
FU 41 65 1999
FU 41 66 1106
FU 41 68 826
FU 41 73 1999
FU 41 75 957
FU 41 76 909
FU 41 77 962
FU 41 80 1999
FU 41 85 12
FU 41 88 89
FU 41 0 2000
FU 42 1 56
FU 42 2 0
FU 42 7 0
FU 42 20 0
FU 42 24 98
FU 42 30 93
FU 42 45 0
FU 42 47 172
FU 42 48 46
FU 42 51 123
FU 42 52 66
FU 42 54 0
FU 42 57 0
FU 42 59 17
FU 42 60 0
FU 42 61 61
FU 42 82 65
FU 42 90 128
FU 43 3 309
FU 43 4 23
FU 43 15 0
FU 43 16 428
FU 43 22 0
FU 43 27 29
FU 43 31 1994
FU 43 62 938
FU 43 72 418
FU 44 1 89
FU 44 5 0
FU 44 7 0
FU 44 8 102
FU 44 9 0
FU 44 10 36
FU 44 12 0
FU 44 13 0
FU 44 14 0
FU 44 15 0
FU 44 16 0
FU 44 17 93
FU 44 21 1
FU 44 22 0
FU 44 26 26
FU 44 29 113
FU 44 31 0
FU 44 33 0
FU 44 36 0
FU 44 41 0
FU 44 45 0
FU 44 48 9
FU 44 49 2
FU 44 50 41
FU 44 51 17
FU 44 52 69
FU 44 57 889
FU 44 58 34
FU 44 59 51
FU 44 60 0
FU 44 64 42
FU 44 66 0
FU 44 67 0
FU 44 69 55
FU 44 70 1
FU 44 71 0
FU 44 73 0
FU 44 74 0
FU 44 75 0
FU 44 76 0
FU 44 83 0
FU 44 84 0
FU 45 6 0
FU 45 7 0
FU 45 19 0
FU 45 23 31
FU 45 30 55
FU 45 34 1998
FU 45 40 127
FU 45 41 0
FU 45 42 75
FU 45 46 0
FU 45 47 52
FU 45 48 33
FU 45 49 596
FU 45 54 0
FU 45 61 27
FU 45 64 83
FU 45 68 26
FU 45 69 93
FU 45 77 0
FU 45 82 103
FU 46 1 14
FU 46 2 0
FU 46 7 0
FU 46 9 0
FU 46 18 0
FU 46 20 0
FU 46 22 0
FU 46 24 36
FU 46 30 37
FU 46 34 0
FU 46 41 0
FU 46 45 0
FU 46 47 74
FU 46 48 25
FU 46 51 29
FU 46 52 53
FU 46 54 0
FU 46 57 0
FU 46 59 108
FU 46 60 0
FU 46 61 95
FU 46 65 0
FU 46 66 0
FU 46 80 0
FU 46 82 105
FU 46 90 134
FU 47 1 39
FU 47 2 0
FU 47 6 0
FU 47 7 0
FU 47 8 65
FU 47 13 0
FU 47 18 0
FU 47 19 460
FU 47 20 0
FU 47 23 113
FU 47 38 0
FU 47 42 85
FU 47 45 0
FU 47 46 394
FU 47 48 12
FU 47 50 41
FU 47 52 29
FU 47 54 449
FU 47 57 0
FU 47 58 106
FU 47 60 0
FU 47 61 29
FU 47 64 139
FU 47 75 0
FU 47 76 0
FU 47 77 486
FU 47 80 0
FU 48 32 0
FU 48 38 992
FU 48 40 112
FU 48 47 20
FU 49 1 95
FU 49 3 120
FU 49 4 74
FU 49 5 0
FU 49 11 0
FU 49 15 0
FU 49 16 0
FU 49 18 0
FU 49 22 0
FU 49 25 0
FU 49 26 27
FU 49 27 23
FU 49 28 0
FU 49 29 43
FU 49 33 0
FU 49 35 30
FU 49 43 0
FU 49 44 0
FU 49 45 0
FU 49 51 19
FU 49 55 0
FU 49 56 20
FU 49 62 0
FU 49 63 119
FU 49 67 0
FU 49 71 0
FU 49 72 0
FU 49 74 0
FU 49 78 86
FU 49 79 0
FU 49 81 25
FU 49 83 0
FU 50 5 0
FU 50 7 963
FU 50 8 52
FU 50 12 0
FU 50 13 0
FU 50 21 0
FU 50 22 0
FU 50 40 116
FU 50 41 0
FU 50 45 0
FU 50 47 236
FU 50 52 73
FU 50 58 128
FU 50 60 0
FU 50 64 151
FU 50 69 129
FU 50 70 0
FU 50 84 0
FU 51 4 111
FU 51 26 33
FU 51 29 36
FU 51 33 0
FU 51 35 65
FU 51 42 237
FU 51 46 709
FU 51 49 0
FU 51 67 0
FU 51 70 364
FU 51 74 0
FU 51 83 0
FU 52 8 116
FU 52 29 4
FU 52 40 90
FU 52 42 33
FU 52 47 42
FU 52 64 97
FU 52 80 0
FU 53 12 0
FU 53 21 594
FU 53 38 984
FU 53 41 0
FU 53 59 61
FU 53 76 502
FU 53 86 698
FU 54 1 60
FU 54 2 0
FU 54 5 0
FU 54 6 0
FU 54 7 0
FU 54 10 24
FU 54 18 0
FU 54 19 0
FU 54 20 0
FU 54 22 0
FU 54 23 93
FU 54 24 64
FU 54 30 26
FU 54 34 0
FU 54 35 19
FU 54 39 0
FU 54 41 0
FU 54 42 73
FU 54 45 0
FU 54 46 0
FU 54 47 138
FU 54 48 19
FU 54 51 24
FU 54 52 37
FU 54 57 0
FU 54 59 17
FU 54 60 0
FU 54 61 37
FU 54 65 0
FU 54 66 0
FU 54 68 43
FU 54 73 0
FU 54 77 0
FU 54 80 0
FU 54 82 16
FU 54 90 105
FU 55 4 74
FU 55 5 0
FU 55 18 0
FU 55 25 0
FU 55 26 54
FU 55 27 44
FU 55 28 0
FU 55 29 103
FU 55 33 0
FU 55 35 21
FU 55 43 0
FU 55 49 0
FU 55 56 1
FU 55 62 0
FU 55 63 161
FU 55 67 0
FU 55 72 0
FU 55 74 0
FU 55 78 57
FU 55 79 0
FU 55 81 43
FU 56 4 59
FU 56 5 0
FU 56 11 0
FU 56 16 455
FU 56 22 0
FU 56 25 707
FU 56 26 48
FU 56 27 553
FU 56 28 0
FU 56 29 0
FU 56 33 0
FU 56 35 17
FU 56 43 0
FU 56 49 334
FU 56 55 659
FU 56 62 0
FU 56 63 88
FU 56 67 0
FU 56 72 492
FU 56 74 0
FU 56 78 45
FU 56 79 941
FU 56 81 67
FU 57 1 30
FU 57 2 0
FU 57 5 0
FU 57 6 0
FU 57 7 0
FU 57 8 79
FU 57 9 0
FU 57 10 59
FU 57 13 0
FU 57 15 0
FU 57 18 0
FU 57 19 0
FU 57 20 0
FU 57 22 0
FU 57 23 41
FU 57 30 74
FU 57 34 0
FU 57 35 1
FU 57 39 0
FU 57 40 41
FU 57 41 0
FU 57 42 36
FU 57 44 323
FU 57 45 0
FU 57 46 0
FU 57 47 56
FU 57 48 17
FU 57 51 45
FU 57 52 54
FU 57 54 0
FU 57 58 60
FU 57 59 46
FU 57 60 0
FU 57 61 71
FU 57 64 34
FU 57 65 0
FU 57 66 0
FU 57 68 31
FU 57 73 0
FU 57 75 0
FU 57 76 0
FU 57 77 0
FU 57 80 0
FU 57 82 43
FU 57 90 130
FU 59 23 78
FU 59 40 157
FU 59 42 36
FU 59 46 0
FU 59 53 43
FU 59 85 0
FU 60 1 28
FU 60 2 0
FU 60 6 0
FU 60 7 0
FU 60 8 104
FU 60 9 0
FU 60 10 78
FU 60 12 0
FU 60 13 0
FU 60 14 0
FU 60 17 107
FU 60 18 0
FU 60 19 0
FU 60 20 0
FU 60 21 0
FU 60 22 0
FU 60 23 113
FU 60 24 45
FU 60 30 56
FU 60 34 0
FU 60 36 0
FU 60 39 0
FU 60 40 114
FU 60 41 0
FU 60 42 77
FU 60 44 0
FU 60 45 0
FU 60 46 0
FU 60 47 10
FU 60 48 8
FU 60 50 91
FU 60 51 27
FU 60 52 39
FU 60 54 0
FU 60 57 0
FU 60 58 76
FU 60 59 10
FU 60 61 29
FU 60 64 88
FU 60 65 0
FU 60 66 0
FU 60 68 41
FU 60 69 127
FU 60 73 0
FU 60 75 0
FU 60 76 0
FU 60 77 0
FU 60 80 0
FU 60 82 66
FU 60 84 0
FU 61 5 538
FU 61 75 0
FU 61 76 0
FU 61 85 0
FU 62 3 100
FU 62 4 80
FU 62 5 0
FU 62 11 0
FU 62 15 0
FU 62 16 0
FU 62 22 0
FU 62 25 0
FU 62 26 3
FU 62 27 30
FU 62 28 0
FU 62 29 0
FU 62 31 0
FU 62 33 0
FU 62 43 0
FU 62 49 0
FU 62 55 0
FU 62 56 0
FU 62 63 276
FU 62 67 0
FU 62 71 0
FU 62 72 0
FU 62 74 0
FU 62 78 61
FU 62 79 0
FU 62 81 12
FU 62 83 0
FU 63 5 0
FU 64 32 0
FU 64 47 39
FU 64 52 70
FU 64 85 1
FU 65 1 87
FU 65 2 0
FU 65 5 0
FU 65 6 0
FU 65 7 0
FU 65 9 0
FU 65 10 47
FU 65 18 0
FU 65 19 0
FU 65 20 0
FU 65 22 0
FU 65 23 171
FU 65 24 46
FU 65 30 66
FU 65 34 0
FU 65 35 57
FU 65 39 0
FU 65 41 0
FU 65 42 51
FU 65 45 0
FU 65 46 0
FU 65 47 19
FU 65 48 25
FU 65 51 33
FU 65 52 19
FU 65 54 0
FU 65 57 0
FU 65 59 54
FU 65 60 0
FU 65 61 81
FU 65 66 0
FU 65 68 29
FU 65 73 0
FU 65 77 0
FU 65 80 0
FU 65 82 60
FU 65 90 102
FU 66 1 16
FU 66 2 0
FU 66 5 515
FU 66 6 0
FU 66 7 0
FU 66 8 148
FU 66 9 0
FU 66 10 36
FU 66 13 2
FU 66 17 122
FU 66 18 0
FU 66 19 0
FU 66 20 0
FU 66 22 0
FU 66 23 45
FU 66 24 63
FU 66 26 74
FU 66 29 68
FU 66 30 108
FU 66 34 0
FU 66 39 0
FU 66 40 72
FU 66 41 0
FU 66 42 33
FU 66 44 0
FU 66 45 0
FU 66 46 0
FU 66 47 46
FU 66 48 44
FU 66 50 89
FU 66 51 24
FU 66 52 34
FU 66 54 0
FU 66 57 0
FU 66 58 94
FU 66 59 62
FU 66 60 0
FU 66 61 14
FU 66 64 76
FU 66 65 0
FU 66 68 33
FU 66 73 0
FU 66 75 0
FU 66 76 0
FU 66 77 0
FU 66 80 0
FU 66 82 18
FU 66 90 52
FU 67 1 40
FU 67 4 56
FU 67 5 0
FU 67 11 0
FU 67 15 0
FU 67 16 0
FU 67 18 0
FU 67 22 0
FU 67 25 0
FU 67 26 5
FU 67 27 26
FU 67 28 0
FU 67 29 618
FU 67 31 0
FU 67 33 0
FU 67 35 43
FU 67 43 0
FU 67 44 0
FU 67 45 0
FU 67 49 0
FU 67 51 10
FU 67 55 0
FU 67 56 6
FU 67 62 0
FU 67 63 159
FU 67 71 0
FU 67 74 0
FU 67 78 98
FU 67 79 0
FU 67 81 19
FU 67 83 0
FU 68 2 0
FU 68 7 0
FU 68 18 0
FU 68 20 0
FU 68 22 0
FU 68 24 46
FU 68 30 12
FU 68 32 0
FU 68 35 531
FU 68 41 0
FU 68 45 0
FU 68 48 25
FU 68 52 80
FU 68 54 0
FU 68 57 0
FU 68 60 0
FU 68 61 95
FU 68 80 0
FU 68 82 127
FU 68 90 155
FU 69 5 0
FU 69 8 64
FU 69 13 2
FU 69 21 5
FU 69 45 0
FU 69 60 406
FU 69 70 8
FU 69 83 0
FU 69 84 3
FU 70 8 110
FU 70 10 47
FU 70 12 0
FU 70 13 0
FU 70 14 0
FU 70 17 73
FU 70 21 0
FU 70 24 100
FU 70 36 0
FU 70 44 0
FU 70 50 86
FU 70 51 141
FU 70 53 62
FU 70 58 36
FU 70 64 53
FU 70 69 95
FU 70 75 0
FU 70 76 0
FU 70 84 949
FU 71 1 101
FU 71 3 126
FU 71 4 73
FU 71 5 0
FU 71 9 0
FU 71 11 0
FU 71 13 0
FU 71 15 0
FU 71 16 0
FU 71 22 0
FU 71 25 0
FU 71 26 26
FU 71 29 37
FU 71 31 0
FU 71 33 0
FU 71 36 0
FU 71 44 0
FU 71 45 0
FU 71 49 0
FU 71 51 15
FU 71 62 0
FU 71 67 0
FU 71 69 51
FU 71 74 0
FU 71 75 0
FU 71 83 0
FU 72 4 61
FU 72 5 350
FU 72 18 0
FU 72 25 0
FU 72 27 68
FU 72 28 0
FU 72 29 52
FU 72 35 9
FU 72 43 0
FU 72 49 0
FU 72 55 0
FU 72 56 0
FU 72 62 0
FU 72 63 378
FU 72 78 103
FU 72 79 0
FU 72 81 40
FU 73 1 51
FU 73 2 0
FU 73 7 0
FU 73 9 0
FU 73 10 58
FU 73 17 114
FU 73 18 0
FU 73 20 0
FU 73 22 0
FU 73 24 31
FU 73 30 62
FU 73 32 0
FU 73 34 0
FU 73 36 0
FU 73 38 0
FU 73 41 0
FU 73 44 0
FU 73 45 0
FU 73 47 45
FU 73 48 64
FU 73 50 46
FU 73 51 30
FU 73 52 40
FU 73 54 0
FU 73 57 0
FU 73 58 44
FU 73 59 53
FU 73 60 0
FU 73 61 46
FU 73 64 98
FU 73 65 0
FU 73 66 0
FU 73 75 0
FU 73 80 0
FU 73 82 99
FU 74 1 48
FU 74 2 0
FU 74 4 21
FU 74 5 0
FU 74 15 0
FU 74 16 0
FU 74 18 0
FU 74 22 0
FU 74 25 0
FU 74 26 33
FU 74 27 48
FU 74 28 0
FU 74 29 62
FU 74 30 35
FU 74 33 0
FU 74 35 21
FU 74 36 0
FU 74 43 0
FU 74 44 0
FU 74 45 0
FU 74 49 0
FU 74 51 8
FU 74 52 54
FU 74 55 0
FU 74 56 0
FU 74 62 0
FU 74 67 0
FU 74 71 0
FU 74 75 0
FU 74 78 117
FU 74 81 51
FU 74 83 0
FU 75 1 50
FU 75 2 0
FU 75 7 0
FU 75 8 118
FU 75 9 0
FU 75 10 35
FU 75 12 0
FU 75 13 0
FU 75 14 0
FU 75 17 146
FU 75 20 380
FU 75 21 0
FU 75 22 0
FU 75 24 90
FU 75 26 295
FU 75 28 0
FU 75 29 195
FU 75 31 0
FU 75 36 0
FU 75 40 61
FU 75 41 0
FU 75 44 0
FU 75 45 0
FU 75 47 51
FU 75 48 11
FU 75 50 38
FU 75 51 29
FU 75 52 19
FU 75 57 0
FU 75 58 59
FU 75 59 149
FU 75 60 0
FU 75 61 41
FU 75 64 98
FU 75 66 0
FU 75 69 81
FU 75 70 0
FU 75 71 0
FU 75 73 0
FU 75 74 0
FU 75 76 0
FU 75 84 0
FU 76 1 55
FU 76 7 0
FU 76 9 0
FU 76 10 56
FU 76 12 0
FU 76 14 0
FU 76 17 149
FU 76 21 0
FU 76 22 0
FU 76 24 51
FU 76 26 510
FU 76 29 129
FU 76 36 0
FU 76 41 0
FU 76 44 0
FU 76 45 0
FU 76 47 25
FU 76 48 29
FU 76 50 44
FU 76 51 4
FU 76 52 62
FU 76 53 50
FU 76 57 0
FU 76 58 34
FU 76 59 45
FU 76 60 0
FU 76 61 39
FU 76 64 39
FU 76 66 0
FU 76 69 35
FU 76 70 0
FU 76 75 0
FU 76 84 0
FU 77 1 71
FU 77 2 0
FU 77 7 0
FU 77 9 0
FU 77 18 0
FU 77 20 0
FU 77 22 0
FU 77 24 77
FU 77 30 60
FU 77 34 0
FU 77 35 231
FU 77 41 0
FU 77 45 0
FU 77 47 97
FU 77 48 45
FU 77 51 6
FU 77 52 54
FU 77 54 0
FU 77 57 0
FU 77 59 54
FU 77 60 0
FU 77 61 43
FU 77 65 0
FU 77 66 0
FU 77 80 0
FU 77 82 75
FU 77 90 57
FU 78 3 106
FU 78 5 8
FU 78 31 1
FU 79 4 119
FU 79 5 0
FU 79 25 0
FU 79 26 20
FU 79 27 15
FU 79 28 0
FU 79 29 0
FU 79 33 0
FU 79 35 44
FU 79 43 0
FU 79 49 0
FU 79 55 0
FU 79 56 0
FU 79 62 0
FU 79 63 120
FU 79 67 0
FU 79 72 0
FU 79 78 121
FU 79 81 86
FU 80 1 70
FU 80 2 0
FU 80 6 0
FU 80 7 0
FU 80 9 0
FU 80 10 48
FU 80 18 0
FU 80 19 0
FU 80 20 0
FU 80 22 0
FU 80 23 47
FU 80 24 34
FU 80 30 85
FU 80 32 0
FU 80 34 0
FU 80 38 1
FU 80 39 0
FU 80 40 97
FU 80 41 0
FU 80 42 83
FU 80 45 0
FU 80 46 0
FU 80 47 33
FU 80 48 30
FU 80 51 27
FU 80 52 64
FU 80 54 0
FU 80 57 0
FU 80 59 91
FU 80 60 0
FU 80 61 28
FU 80 65 0
FU 80 66 0
FU 80 68 56
FU 80 73 0
FU 80 77 0
FU 80 82 78
FU 80 90 68
FU 81 4 73
FU 81 5 0
FU 81 16 6
FU 81 18 0
FU 81 25 0
FU 81 27 83
FU 81 28 0
FU 81 29 30
FU 81 35 83
FU 81 49 1
FU 81 55 2
FU 81 56 2
FU 81 62 0
FU 81 72 2
FU 81 79 2
FU 82 2 0
FU 82 6 0
FU 82 19 1
FU 82 20 0
FU 82 22 0
FU 82 23 40
FU 82 24 34
FU 82 30 57
FU 82 39 0
FU 82 42 44
FU 82 45 0
FU 82 46 0
FU 82 54 3
FU 82 68 107
FU 83 3 101
FU 83 9 279
FU 83 22 0
FU 83 28 0
FU 83 29 29
FU 83 33 0
FU 83 49 2
FU 83 51 23
FU 83 62 889
FU 83 69 285
FU 83 71 1998
FU 83 89 1999
FU 84 8 67
FU 84 10 78
FU 84 12 0
FU 84 13 0
FU 84 14 0
FU 84 17 116
FU 84 21 0
FU 84 24 55
FU 84 36 0
FU 84 40 82
FU 84 44 0
FU 84 50 57
FU 84 51 20
FU 84 53 31
FU 84 58 124
FU 84 60 0
FU 84 64 108
FU 84 69 26
FU 84 70 241
FU 84 75 0
FU 84 76 0
FU 85 7 0
FU 85 9 0
FU 85 10 33
FU 85 12 0
FU 85 14 0
FU 85 17 152
FU 85 21 188
FU 85 24 59
FU 85 32 0
FU 85 38 1
FU 85 41 0
FU 85 47 49
FU 85 53 16
FU 85 58 93
FU 85 59 103
FU 85 61 101
FU 85 64 92
FU 85 88 214
FU 86 12 0
FU 86 14 0
FU 86 17 125
FU 86 21 231
FU 86 24 53
FU 86 38 0
FU 86 40 100
FU 86 53 37
FU 89 3 56
FU 89 11 0
FU 89 15 0
FU 89 28 0
FU 89 83 0
