Nodes: 51
Arcs: 1248
MVE: 6
MAE: 321
SAE: 31422
Terminals_rem: 0
Nodes_rem: 10
Arcs_rem: 527
First LB: 6
LB: 6
Iter. LB: 0
First UB: 17
UB: 13
Iter. UB: 365
gap: 53.8462
BM. Time: 0
Runtime: 108
FL 0 30 0
FL 0 36 0
FL 0 50 9
FL 0 24 0
FL 0 49 0
FL 0 1 5
FL 0 43 68
FL 0 31 19
FL 0 7 5
FL 0 2 11
FL 0 10 21
FL 0 8 4
FL 0 16 16
FL 0 40 341
FL 0 5 2
FL 0 18 0
FL 0 34 8
FL 0 48 11
FL 0 20 10
FL 0 13 18
FL 0 25 214
FL 0 12 19
FL 0 27 13
FL 0 3 7
FL 0 19 284
FL 0 33 0
FL 0 37 357
FL 0 23 421
FL 0 4 65
FL 0 6 46
FL 0 9 49
FL 0 11 999
FL 0 14 88
FL 0 15 998
FL 0 17 60
FL 0 21 162
FL 0 22 42
FL 0 26 998
FL 0 28 998
FL 0 29 999
FL 0 32 998
FL 0 38 998
FL 0 39 31
FL 0 41 60
FL 0 42 98
FL 0 44 999
FL 0 45 999
FL 0 46 35
FL 0 47 999
FL 1 3 3
FL 1 4 49
FL 1 5 0
FL 1 6 69
FL 1 7 2
FL 1 8 2
FL 1 9 34
FL 1 12 9
FL 1 13 12
FL 1 16 6
FL 1 17 45
FL 1 18 0
FL 1 19 262
FL 1 20 5
FL 1 21 94
FL 1 22 55
FL 1 23 262
FL 1 24 0
FL 1 25 194
FL 1 30 0
FL 1 33 0
FL 1 34 7
FL 1 35 0
FL 1 36 0
FL 1 39 48
FL 1 40 215
FL 1 41 36
FL 1 42 127
FL 1 43 95
FL 1 46 21
FL 1 49 0
FL 2 5 0
FL 2 6 60
FL 2 8 0
FL 2 10 0
FL 2 12 0
FL 2 13 0
FL 2 14 103
FL 2 16 3
FL 2 17 42
FL 2 23 3
FL 2 27 0
FL 2 30 0
FL 2 31 0
FL 2 37 5
FL 2 40 2
FL 2 48 0
FL 2 50 0
FL 3 1 2
FL 3 4 31
FL 3 5 0
FL 3 6 37
FL 3 7 216
FL 3 8 1
FL 3 9 41
FL 3 12 4
FL 3 17 40
FL 3 18 0
FL 3 19 21
FL 3 20 3
FL 3 21 34
FL 3 22 60
FL 3 24 0
FL 3 25 25
FL 3 30 0
FL 3 33 0
FL 3 34 998
FL 3 35 0
FL 3 36 0
FL 3 39 35
FL 3 40 17
FL 3 41 21
FL 3 42 14
FL 3 43 18
FL 3 46 50
FL 3 49 289
FL 4 9 72
FL 4 10 2
FL 4 18 0
FL 4 21 64
FL 4 22 72
FL 4 24 0
FL 4 30 0
FL 4 35 0
FL 4 39 24
FL 4 40 69
FL 4 41 24
FL 4 42 46
FL 4 46 51
FL 5 1 0
FL 5 2 0
FL 5 3 0
FL 5 4 17
FL 5 6 36
FL 5 7 0
FL 5 8 0
FL 5 9 40
FL 5 10 0
FL 5 12 0
FL 5 13 0
FL 5 14 11
FL 5 17 41
FL 5 18 0
FL 5 22 39
FL 5 23 4
FL 5 24 0
FL 5 27 0
FL 5 30 0
FL 5 31 0
FL 5 33 0
FL 5 35 0
FL 5 36 0
FL 5 37 5
FL 5 40 4
FL 5 41 26
FL 5 43 5
FL 5 50 0
FL 6 30 0
FL 7 1 0
FL 7 3 0
FL 7 4 24
FL 7 5 0
FL 7 6 47
FL 7 8 0
FL 7 9 27
FL 7 12 0
FL 7 13 0
FL 7 16 494
FL 7 17 27
FL 7 18 0
FL 7 19 11
FL 7 20 0
FL 7 21 35
FL 7 22 31
FL 7 24 0
FL 7 25 6
FL 7 30 0
FL 7 33 0
FL 7 34 0
FL 7 35 0
FL 7 36 0
FL 7 39 30
FL 7 40 7
FL 7 41 33
FL 7 42 3
FL 7 43 4
FL 7 46 54
FL 7 49 0
FL 8 1 0
FL 8 2 0
FL 8 3 0
FL 8 4 32
FL 8 5 0
FL 8 6 82
FL 8 7 0
FL 8 9 41
FL 8 10 0
FL 8 12 2
FL 8 13 2
FL 8 14 54
FL 8 16 1
FL 8 17 45
FL 8 18 0
FL 8 19 20
FL 8 20 998
FL 8 21 51
FL 8 22 48
FL 8 23 8
FL 8 24 0
FL 8 25 10
FL 8 27 2
FL 8 30 0
FL 8 31 1
FL 8 33 0
FL 8 34 1
FL 8 35 0
FL 8 36 0
FL 8 37 5
FL 8 40 9
FL 8 41 13
FL 8 42 4
FL 8 43 10
FL 8 46 44
FL 8 49 272
FL 8 50 1
FL 9 10 0
FL 9 41 32
FL 9 42 27
FL 10 2 0
FL 10 4 44
FL 10 5 0
FL 10 6 59
FL 10 8 0
FL 10 9 61
FL 10 12 0
FL 10 13 0
FL 10 14 55
FL 10 17 58
FL 10 18 0
FL 10 22 39
FL 10 23 4
FL 10 27 1
FL 10 30 0
FL 10 31 1
FL 10 33 0
FL 10 37 6
FL 10 40 7
FL 10 41 8
FL 10 43 12
FL 10 50 0
FL 12 1 0
FL 12 2 0
FL 12 3 0
FL 12 4 67
FL 12 5 0
FL 12 6 36
FL 12 7 0
FL 12 8 0
FL 12 9 16
FL 12 10 0
FL 12 13 0
FL 12 14 70
FL 12 16 0
FL 12 17 26
FL 12 18 0
FL 12 19 7
FL 12 20 0
FL 12 22 43
FL 12 23 6
FL 12 25 5
FL 12 27 0
FL 12 30 0
FL 12 31 0
FL 12 33 0
FL 12 34 0
FL 12 37 11
FL 12 40 4
FL 12 41 28
FL 12 42 7
FL 12 43 6
FL 12 48 0
FL 12 50 0
FL 13 1 0
FL 13 2 0
FL 13 4 21
FL 13 5 0
FL 13 6 51
FL 13 7 0
FL 13 8 0
FL 13 9 33
FL 13 10 0
FL 13 12 0
FL 13 14 71
FL 13 16 0
FL 13 17 81
FL 13 18 0
FL 13 19 11
FL 13 20 0
FL 13 21 61
FL 13 22 58
FL 13 23 3
FL 13 25 8
FL 13 27 1
FL 13 30 0
FL 13 31 0
FL 13 33 0
FL 13 34 0
FL 13 37 3
FL 13 39 19
FL 13 40 1
FL 13 41 32
FL 13 42 9
FL 13 43 3
FL 13 46 35
FL 13 48 0
FL 13 49 0
FL 13 50 0
FL 14 2 0
FL 14 10 1
FL 14 30 0
FL 16 1 260
FL 16 2 0
FL 16 7 270
FL 16 8 0
FL 16 12 0
FL 16 13 0
FL 16 14 75
FL 16 17 36
FL 16 19 9
FL 16 20 0
FL 16 21 27
FL 16 23 4
FL 16 25 7
FL 16 27 0
FL 16 34 0
FL 16 37 6
FL 16 40 3
FL 16 41 36
FL 16 42 410
FL 16 48 0
FL 16 50 0
FL 17 16 0
FL 18 1 0
FL 18 3 0
FL 18 4 30
FL 18 5 0
FL 18 7 0
FL 18 8 0
FL 18 9 37
FL 18 10 0
FL 18 12 0
FL 18 13 0
FL 18 23 32
FL 18 30 0
FL 18 31 0
FL 18 35 0
FL 18 36 0
FL 18 39 14
FL 18 40 38
FL 18 41 12
FL 18 46 70
FL 18 49 0
FL 19 1 0
FL 19 3 0
FL 19 7 1
FL 19 8 0
FL 19 12 0
FL 19 13 0
FL 19 16 2
FL 19 20 0
FL 19 21 60
FL 19 23 33
FL 19 34 0
FL 19 40 13
FL 19 41 23
FL 19 42 31
FL 20 1 0
FL 20 3 0
FL 20 6 44
FL 20 7 0
FL 20 8 0
FL 20 12 0
FL 20 13 0
FL 20 16 0
FL 20 17 30
FL 20 19 9
FL 20 21 84
FL 20 23 3
FL 20 25 4
FL 20 34 0
FL 20 40 3
FL 20 41 25
FL 20 42 9
FL 21 8 0
FL 21 25 114
FL 21 34 0
FL 21 42 16
FL 22 4 13
FL 22 10 0
FL 22 30 0
FL 22 35 0
FL 22 36 0
FL 22 39 10
FL 22 40 21
FL 22 41 32
FL 23 1 0
FL 23 2 0
FL 23 4 52
FL 23 5 0
FL 23 6 79
FL 23 8 0
FL 23 9 43
FL 23 10 0
FL 23 12 0
FL 23 13 0
FL 23 14 76
FL 23 16 2
FL 23 17 64
FL 23 18 0
FL 23 19 185
FL 23 20 2
FL 23 21 49
FL 23 22 83
FL 23 25 105
FL 23 27 1
FL 23 30 0
FL 23 31 1
FL 23 33 0
FL 23 34 0
FL 23 37 263
FL 23 40 42
FL 23 41 35
FL 23 42 11
FL 23 43 122
FL 23 48 0
FL 23 50 0
FL 24 1 0
FL 24 3 0
FL 24 4 16
FL 24 5 0
FL 24 7 0
FL 24 8 0
FL 24 9 20
FL 24 30 0
FL 24 35 0
FL 24 36 0
FL 24 39 13
FL 24 41 29
FL 24 46 19
FL 24 49 0
FL 25 1 0
FL 25 3 0
FL 25 7 1
FL 25 8 0
FL 25 12 0
FL 25 13 0
FL 25 16 0
FL 25 20 3
FL 25 21 49
FL 25 23 41
FL 25 34 0
FL 25 40 13
FL 25 41 7
FL 25 42 7
FL 27 2 504
FL 27 5 0
FL 27 6 27
FL 27 8 0
FL 27 10 506
FL 27 12 0
FL 27 13 0
FL 27 14 65
FL 27 16 518
FL 27 23 4
FL 27 30 1
FL 27 31 2
FL 27 37 6
FL 27 40 2
FL 27 41 34
FL 27 48 999
FL 27 50 999
FL 30 1 241
FL 30 2 510
FL 30 3 999
FL 30 4 32
FL 30 5 999
FL 30 6 60
FL 30 7 507
FL 30 8 389
FL 30 9 37
FL 30 10 506
FL 30 12 619
FL 30 13 532
FL 30 14 76
FL 30 17 70
FL 30 18 240
FL 30 22 24
FL 30 23 23
FL 30 24 258
FL 30 27 999
FL 30 31 1
FL 30 33 505
FL 30 35 1
FL 30 36 433
FL 30 37 196
FL 30 39 495
FL 30 40 39
FL 30 41 22
FL 30 43 131
FL 31 2 2
FL 31 5 2
FL 31 6 28
FL 31 8 2
FL 31 9 39
FL 31 10 2
FL 31 12 1
FL 31 13 2
FL 31 14 45
FL 31 17 36
FL 31 18 1
FL 31 22 47
FL 31 23 3
FL 31 27 0
FL 31 30 0
FL 31 33 0
FL 31 37 10
FL 31 40 1
FL 31 41 34
FL 31 43 9
FL 31 50 0
FL 33 1 0
FL 33 3 0
FL 33 4 30
FL 33 5 0
FL 33 7 0
FL 33 8 0
FL 33 9 45
FL 33 10 0
FL 33 12 0
FL 33 13 0
FL 33 23 19
FL 33 30 0
FL 33 31 999
FL 33 35 0
FL 33 36 0
FL 33 39 16
FL 33 40 25
FL 33 41 16
FL 33 46 26
FL 33 49 0
FL 34 1 0
FL 34 3 0
FL 34 6 59
FL 34 7 0
FL 34 8 0
FL 34 12 0
FL 34 13 0
FL 34 16 0
FL 34 17 52
FL 34 19 4
FL 34 20 3
FL 34 21 45
FL 34 23 2
FL 34 25 4
FL 34 40 2
FL 34 41 31
FL 34 42 5
FL 35 1 499
FL 35 3 46
FL 35 4 276
FL 35 5 13
FL 35 7 16
FL 35 8 42
FL 35 9 119
FL 35 17 76
FL 35 18 336
FL 35 22 107
FL 35 24 258
FL 35 30 999
FL 35 33 504
FL 35 36 380
FL 35 39 105
FL 35 41 210
FL 35 43 221
FL 35 46 358
FL 35 49 449
FL 35 0 1000
FL 36 1 0
FL 36 3 0
FL 36 4 24
FL 36 5 0
FL 36 6 33
FL 36 7 0
FL 36 8 0
FL 36 9 31
FL 36 17 53
FL 36 18 244
FL 36 22 58
FL 36 24 216
FL 36 30 1
FL 36 33 0
FL 36 35 0
FL 36 39 19
FL 36 41 15
FL 36 42 5
FL 36 43 92
FL 36 46 39
FL 36 49 0
FL 37 2 0
FL 37 5 0
FL 37 8 0
FL 37 10 1
FL 37 12 0
FL 37 13 3
FL 37 14 24
FL 37 16 2
FL 37 23 39
FL 37 27 2
FL 37 30 0
FL 37 31 2
FL 37 40 31
FL 37 41 10
FL 37 48 0
FL 37 50 5
FL 39 4 37
FL 39 9 17
FL 39 13 482
FL 39 18 190
FL 39 22 14
FL 39 24 282
FL 39 30 0
FL 39 33 5
FL 39 36 196
FL 39 41 8
FL 39 46 119
FL 40 1 0
FL 40 2 0
FL 40 3 1
FL 40 4 54
FL 40 5 0
FL 40 6 58
FL 40 7 1
FL 40 8 0
FL 40 9 42
FL 40 10 0
FL 40 12 0
FL 40 13 0
FL 40 14 54
FL 40 16 0
FL 40 17 56
FL 40 18 0
FL 40 19 177
FL 40 20 1
FL 40 21 56
FL 40 22 69
FL 40 23 20
FL 40 25 84
FL 40 27 0
FL 40 30 0
FL 40 31 0
FL 40 33 0
FL 40 34 0
FL 40 37 114
FL 40 41 35
FL 40 42 13
FL 40 43 103
FL 40 48 0
FL 40 50 0
FL 41 1 0
FL 41 4 12
FL 41 5 0
FL 41 9 31
FL 41 10 0
FL 41 12 0
FL 41 13 0
FL 41 16 0
FL 41 18 0
FL 41 21 46
FL 41 22 44
FL 41 24 0
FL 41 25 148
FL 41 27 1
FL 41 33 0
FL 41 34 0
FL 41 35 0
FL 41 36 0
FL 41 39 7
FL 41 40 27
FL 41 42 5
FL 42 8 0
FL 42 9 47
FL 42 12 392
FL 42 13 2
FL 42 16 1
FL 42 21 62
FL 42 25 68
FL 42 34 2
FL 43 1 0
FL 43 3 0
FL 43 4 31
FL 43 5 0
FL 43 7 0
FL 43 8 0
FL 43 9 26
FL 43 10 0
FL 43 12 0
FL 43 13 0
FL 43 23 34
FL 43 30 0
FL 43 31 0
FL 43 35 0
FL 43 36 0
FL 43 39 42
FL 43 40 21
FL 43 41 20
FL 43 46 25
FL 43 49 0
FL 46 8 332
FL 48 2 0
FL 48 12 0
FL 48 13 0
FL 48 14 39
FL 48 16 4
FL 48 23 2
FL 48 27 1
FL 48 37 6
FL 48 40 2
FL 48 50 0
FL 49 1 0
FL 49 3 0
FL 49 4 7
FL 49 6 73
FL 49 7 0
FL 49 8 278
FL 49 9 26
FL 49 13 0
FL 49 17 43
FL 49 18 0
FL 49 22 52
FL 49 24 0
FL 49 33 0
FL 49 35 0
FL 49 36 0
FL 49 39 19
FL 49 41 18
FL 49 42 1
FL 49 43 87
FL 49 46 26
FL 50 2 0
FL 50 5 0
FL 50 8 0
FL 50 10 0
FL 50 12 0
FL 50 13 0
FL 50 14 85
FL 50 16 0
FL 50 23 2
FL 50 27 0
FL 50 31 0
FL 50 37 2
FL 50 40 3
FL 50 48 0
FU 0 30 2
FU 0 36 3
FU 0 50 6
FU 0 24 2
FU 0 49 2
FU 0 1 5
FU 0 43 79
FU 0 31 12
FU 0 7 17
FU 0 2 12
FU 0 10 21
FU 0 8 3
FU 0 16 7
FU 0 40 338
FU 0 5 3
FU 0 18 2
FU 0 34 2
FU 0 48 7
FU 0 20 2
FU 0 13 16
FU 0 25 216
FU 0 12 18
FU 0 27 3
FU 0 3 5
FU 0 19 260
FU 0 33 2
FU 0 37 365
FU 0 23 404
FU 0 4 76
FU 0 6 49
FU 0 9 44
FU 0 11 1000
FU 0 14 90
FU 0 15 1000
FU 0 17 61
FU 0 21 165
FU 0 22 48
FU 0 26 1000
FU 0 28 1000
FU 0 29 1000
FU 0 32 1000
FU 0 38 1000
FU 0 39 19
FU 0 41 58
FU 0 42 80
FU 0 44 1000
FU 0 45 1000
FU 0 46 39
FU 0 47 1000
FU 1 3 0
FU 1 4 46
FU 1 5 0
FU 1 6 69
FU 1 7 1
FU 1 8 0
FU 1 9 38
FU 1 12 6
FU 1 13 8
FU 1 16 2
FU 1 17 45
FU 1 18 0
FU 1 19 284
FU 1 20 0
FU 1 21 98
FU 1 22 52
FU 1 23 219
FU 1 24 0
FU 1 25 196
FU 1 30 0
FU 1 33 0
FU 1 34 0
FU 1 35 0
FU 1 36 0
FU 1 39 44
FU 1 40 167
FU 1 41 34
FU 1 42 114
FU 1 43 92
FU 1 46 21
FU 1 49 0
FU 2 5 0
FU 2 6 66
FU 2 8 0
FU 2 10 0
FU 2 12 0
FU 2 13 0
FU 2 14 101
FU 2 16 2
FU 2 17 42
FU 2 23 1
FU 2 27 0
FU 2 30 0
FU 2 31 0
FU 2 37 7
FU 2 40 2
FU 2 48 0
FU 2 50 0
FU 3 1 1
FU 3 4 25
FU 3 5 0
FU 3 6 43
FU 3 7 240
FU 3 8 10
FU 3 9 44
FU 3 12 1
FU 3 17 43
FU 3 18 0
FU 3 19 20
FU 3 20 0
FU 3 21 39
FU 3 22 68
FU 3 24 0
FU 3 25 25
FU 3 30 0
FU 3 33 0
FU 3 34 998
FU 3 35 0
FU 3 36 0
FU 3 39 44
FU 3 40 29
FU 3 41 28
FU 3 42 39
FU 3 43 24
FU 3 46 51
FU 3 49 293
FU 4 9 73
FU 4 10 1
FU 4 18 0
FU 4 21 67
FU 4 22 73
FU 4 24 0
FU 4 30 0
FU 4 35 0
FU 4 39 34
FU 4 40 61
FU 4 41 22
FU 4 42 50
FU 4 46 52
FU 5 1 0
FU 5 2 0
FU 5 3 0
FU 5 4 15
FU 5 6 30
FU 5 7 0
FU 5 8 0
FU 5 9 40
FU 5 10 0
FU 5 12 0
FU 5 13 0
FU 5 14 10
FU 5 17 36
FU 5 18 0
FU 5 22 33
FU 5 23 4
FU 5 24 0
FU 5 27 0
FU 5 30 0
FU 5 31 0
FU 5 33 0
FU 5 35 0
FU 5 36 0
FU 5 37 5
FU 5 40 3
FU 5 41 21
FU 5 43 5
FU 5 50 0
FU 6 30 0
FU 7 1 0
FU 7 3 0
FU 7 4 25
FU 7 5 0
FU 7 6 44
FU 7 8 0
FU 7 9 27
FU 7 12 0
FU 7 13 0
FU 7 16 456
FU 7 17 30
FU 7 18 0
FU 7 19 6
FU 7 20 0
FU 7 21 42
FU 7 22 37
FU 7 24 0
FU 7 25 17
FU 7 30 0
FU 7 33 0
FU 7 34 0
FU 7 35 0
FU 7 36 0
FU 7 39 26
FU 7 40 15
FU 7 41 29
FU 7 42 8
FU 7 43 8
FU 7 46 59
FU 7 49 0
FU 8 1 0
FU 8 2 0
FU 8 3 0
FU 8 4 23
FU 8 5 0
FU 8 6 78
FU 8 7 0
FU 8 9 40
FU 8 10 0
FU 8 12 2
FU 8 13 2
FU 8 14 61
FU 8 16 1
FU 8 17 44
FU 8 18 0
FU 8 19 28
FU 8 20 998
FU 8 21 50
FU 8 22 48
FU 8 23 9
FU 8 24 0
FU 8 25 15
FU 8 27 0
FU 8 30 0
FU 8 31 0
FU 8 33 0
FU 8 34 0
FU 8 35 0
FU 8 36 0
FU 8 37 4
FU 8 40 17
FU 8 41 15
FU 8 42 8
FU 8 43 11
FU 8 46 41
FU 8 49 239
FU 8 50 0
FU 9 10 0
FU 9 41 38
FU 9 42 48
FU 10 2 0
FU 10 4 49
FU 10 5 0
FU 10 6 66
FU 10 8 0
FU 10 9 73
FU 10 12 0
FU 10 13 0
FU 10 14 60
FU 10 17 61
FU 10 18 0
FU 10 22 34
FU 10 23 12
FU 10 27 0
FU 10 30 0
FU 10 31 0
FU 10 33 0
FU 10 37 3
FU 10 40 10
FU 10 41 19
FU 10 43 14
FU 10 50 0
FU 12 1 0
FU 12 2 0
FU 12 3 0
FU 12 4 71
FU 12 5 0
FU 12 6 38
FU 12 7 0
FU 12 8 0
FU 12 9 16
FU 12 10 0
FU 12 13 0
FU 12 14 67
FU 12 16 0
FU 12 17 27
FU 12 18 0
FU 12 19 8
FU 12 20 0
FU 12 22 41
FU 12 23 7
FU 12 25 7
FU 12 27 0
FU 12 30 0
FU 12 31 0
FU 12 33 0
FU 12 34 0
FU 12 37 12
FU 12 40 2
FU 12 41 31
FU 12 42 26
FU 12 43 10
FU 12 48 0
FU 12 50 0
FU 13 1 0
FU 13 2 0
FU 13 4 23
FU 13 5 0
FU 13 6 48
FU 13 7 0
FU 13 8 0
FU 13 9 32
FU 13 10 0
FU 13 12 0
FU 13 14 75
FU 13 16 0
FU 13 17 79
FU 13 18 0
FU 13 19 6
FU 13 20 0
FU 13 21 58
FU 13 22 59
FU 13 23 0
FU 13 25 12
FU 13 27 0
FU 13 30 0
FU 13 31 0
FU 13 33 0
FU 13 34 0
FU 13 37 6
FU 13 39 36
FU 13 40 14
FU 13 41 35
FU 13 42 24
FU 13 43 4
FU 13 46 46
FU 13 48 0
FU 13 49 0
FU 13 50 0
FU 14 2 0
FU 14 10 1
FU 14 30 0
FU 16 1 260
FU 16 2 0
FU 16 7 212
FU 16 8 0
FU 16 12 0
FU 16 13 0
FU 16 14 71
FU 16 17 43
FU 16 19 17
FU 16 20 0
FU 16 21 29
FU 16 23 22
FU 16 25 6
FU 16 27 0
FU 16 34 0
FU 16 37 6
FU 16 40 4
FU 16 41 37
FU 16 42 382
FU 16 48 0
FU 16 50 0
FU 17 16 0
FU 18 1 0
FU 18 3 0
FU 18 4 28
FU 18 5 0
FU 18 7 0
FU 18 8 0
FU 18 9 42
FU 18 10 0
FU 18 12 0
FU 18 13 0
FU 18 23 38
FU 18 30 0
FU 18 31 0
FU 18 35 0
FU 18 36 0
FU 18 39 14
FU 18 40 70
FU 18 41 16
FU 18 46 71
FU 18 49 0
FU 19 1 0
FU 19 3 0
FU 19 7 1
FU 19 8 0
FU 19 12 0
FU 19 13 0
FU 19 16 1
FU 19 20 0
FU 19 21 65
FU 19 23 23
FU 19 34 0
FU 19 40 9
FU 19 41 26
FU 19 42 25
FU 20 1 0
FU 20 3 0
FU 20 6 50
FU 20 7 0
FU 20 8 0
FU 20 12 0
FU 20 13 0
FU 20 16 0
FU 20 17 28
FU 20 19 12
FU 20 21 84
FU 20 23 7
FU 20 25 5
FU 20 34 0
FU 20 40 3
FU 20 41 28
FU 20 42 33
FU 21 8 0
FU 21 25 113
FU 21 34 0
FU 21 42 14
FU 22 4 19
FU 22 10 0
FU 22 30 0
FU 22 35 0
FU 22 36 0
FU 22 39 29
FU 22 40 28
FU 22 41 29
FU 23 1 0
FU 23 2 0
FU 23 4 54
FU 23 5 0
FU 23 6 84
FU 23 8 0
FU 23 9 39
FU 23 10 0
FU 23 12 0
FU 23 13 0
FU 23 14 76
FU 23 16 1
FU 23 17 62
FU 23 18 0
FU 23 19 189
FU 23 20 0
FU 23 21 56
FU 23 22 82
FU 23 25 100
FU 23 27 0
FU 23 30 0
FU 23 31 0
FU 23 33 0
FU 23 34 0
FU 23 37 247
FU 23 40 43
FU 23 41 29
FU 23 42 13
FU 23 43 106
FU 23 48 0
FU 23 50 0
FU 24 1 0
FU 24 3 0
FU 24 4 34
FU 24 5 0
FU 24 7 0
FU 24 8 0
FU 24 9 17
FU 24 30 0
FU 24 35 0
FU 24 36 0
FU 24 39 12
FU 24 41 25
FU 24 46 37
FU 24 49 0
FU 25 1 0
FU 25 3 0
FU 25 7 0
FU 25 8 0
FU 25 12 0
FU 25 13 0
FU 25 16 0
FU 25 20 0
FU 25 21 44
FU 25 23 54
FU 25 34 0
FU 25 40 24
FU 25 41 8
FU 25 42 15
FU 27 2 491
FU 27 5 0
FU 27 6 37
FU 27 8 0
FU 27 10 483
FU 27 12 0
FU 27 13 0
FU 27 14 70
FU 27 16 524
FU 27 23 2
FU 27 30 0
FU 27 31 0
FU 27 37 21
FU 27 40 0
FU 27 41 33
FU 27 48 993
FU 27 50 994
FU 30 1 229
FU 30 2 497
FU 30 3 963
FU 30 4 27
FU 30 5 989
FU 30 6 57
FU 30 7 515
FU 30 8 402
FU 30 9 33
FU 30 10 493
FU 30 12 580
FU 30 13 516
FU 30 14 68
FU 30 17 70
FU 30 18 210
FU 30 22 24
FU 30 23 39
FU 30 24 250
FU 30 27 997
FU 30 31 0
FU 30 33 475
FU 30 35 0
FU 30 36 412
FU 30 37 196
FU 30 39 490
FU 30 40 41
FU 30 41 28
FU 30 43 125
FU 31 2 0
FU 31 5 0
FU 31 6 19
FU 31 8 0
FU 31 9 46
FU 31 10 0
FU 31 12 0
FU 31 13 0
FU 31 14 44
FU 31 17 34
FU 31 18 0
FU 31 22 60
FU 31 23 16
FU 31 27 0
FU 31 30 0
FU 31 33 0
FU 31 37 13
FU 31 40 0
FU 31 41 39
FU 31 43 11
FU 31 50 0
FU 33 1 0
FU 33 3 0
FU 33 4 31
FU 33 5 0
FU 33 7 0
FU 33 8 0
FU 33 9 46
FU 33 10 0
FU 33 12 0
FU 33 13 0
FU 33 23 26
FU 33 30 0
FU 33 31 988
FU 33 35 0
FU 33 36 0
FU 33 39 25
FU 33 40 36
FU 33 41 16
FU 33 46 32
FU 33 49 0
FU 34 1 0
FU 34 3 0
FU 34 6 61
FU 34 7 0
FU 34 8 0
FU 34 12 0
FU 34 13 0
FU 34 16 0
FU 34 17 56
FU 34 19 3
FU 34 20 0
FU 34 21 47
FU 34 23 3
FU 34 25 2
FU 34 40 0
FU 34 41 28
FU 34 42 54
FU 35 1 505
FU 35 3 32
FU 35 4 266
FU 35 5 8
FU 35 7 14
FU 35 8 45
FU 35 9 133
FU 35 17 78
FU 35 18 383
FU 35 22 106
FU 35 24 273
FU 35 30 998
FU 35 33 523
FU 35 36 378
FU 35 39 88
FU 35 41 211
FU 35 43 233
FU 35 46 348
FU 35 49 466
FU 35 0 1000
FU 36 1 0
FU 36 3 0
FU 36 4 20
FU 36 5 0
FU 36 6 30
FU 36 7 0
FU 36 8 0
FU 36 9 28
FU 36 17 54
FU 36 18 231
FU 36 22 64
FU 36 24 210
FU 36 30 0
FU 36 33 0
FU 36 35 0
FU 36 39 18
FU 36 41 19
FU 36 42 19
FU 36 43 92
FU 36 46 47
FU 36 49 0
FU 37 2 0
FU 37 5 0
FU 37 8 0
FU 37 10 1
FU 37 12 0
FU 37 13 3
FU 37 14 26
FU 37 16 2
FU 37 23 46
FU 37 27 0
FU 37 30 0
FU 37 31 0
FU 37 40 31
FU 37 41 17
FU 37 48 0
FU 37 50 0
FU 39 4 36
FU 39 9 16
FU 39 13 455
FU 39 18 174
FU 39 22 11
FU 39 24 265
FU 39 30 0
FU 39 33 0
FU 39 36 207
FU 39 41 7
FU 39 46 111
FU 40 1 0
FU 40 2 0
FU 40 3 0
FU 40 4 67
FU 40 5 0
FU 40 6 64
FU 40 7 0
FU 40 8 0
FU 40 9 42
FU 40 10 0
FU 40 12 0
FU 40 13 0
FU 40 14 53
FU 40 16 0
FU 40 17 61
FU 40 18 0
FU 40 19 167
FU 40 20 0
FU 40 21 66
FU 40 22 65
FU 40 23 24
FU 40 25 80
FU 40 27 0
FU 40 30 0
FU 40 31 0
FU 40 33 0
FU 40 34 0
FU 40 37 106
FU 40 41 33
FU 40 42 35
FU 40 43 94
FU 40 48 0
FU 40 50 0
FU 41 1 0
FU 41 4 8
FU 41 5 0
FU 41 9 27
FU 41 10 0
FU 41 12 0
FU 41 13 0
FU 41 16 0
FU 41 18 0
FU 41 21 35
FU 41 22 43
FU 41 24 0
FU 41 25 132
FU 41 27 0
FU 41 33 0
FU 41 34 0
FU 41 35 0
FU 41 36 0
FU 41 39 4
FU 41 40 34
FU 41 42 8
FU 42 8 0
FU 42 9 52
FU 42 12 393
FU 42 13 0
FU 42 16 0
FU 42 21 55
FU 42 25 74
FU 42 34 0
FU 43 1 0
FU 43 3 0
FU 43 4 38
FU 43 5 0
FU 43 7 0
FU 43 8 0
FU 43 9 25
FU 43 10 0
FU 43 12 0
FU 43 13 0
FU 43 23 41
FU 43 30 0
FU 43 31 0
FU 43 35 0
FU 43 36 0
FU 43 39 82
FU 43 40 15
FU 43 41 15
FU 43 46 17
FU 43 49 0
FU 46 8 298
FU 48 2 0
FU 48 12 0
FU 48 13 0
FU 48 14 41
FU 48 16 4
FU 48 23 1
FU 48 27 0
FU 48 37 6
FU 48 40 1
FU 48 50 0
FU 49 1 0
FU 49 3 0
FU 49 4 19
FU 49 6 67
FU 49 7 0
FU 49 8 242
FU 49 9 27
FU 49 13 0
FU 49 17 46
FU 49 18 0
FU 49 22 52
FU 49 24 0
FU 49 33 0
FU 49 35 0
FU 49 36 0
FU 49 39 35
FU 49 41 26
FU 49 42 5
FU 49 43 92
FU 49 46 28
FU 50 2 0
FU 50 5 0
FU 50 8 0
FU 50 10 0
FU 50 12 0
FU 50 13 0
FU 50 14 87
FU 50 16 0
FU 50 23 2
FU 50 27 0
FU 50 31 0
FU 50 37 3
FU 50 40 3
FU 50 48 0
