Nodes: 31
Arcs: 318
MVE: 0
MAE: 39
SAE: 4190
Terminals_rem: 0
Nodes_rem: 1
Arcs_rem: 44
First LB: 0
LB: 0
Iter. LB: 0
First UB: 12
UB: 5
Iter. UB: 23
gap: 100
BM. Time: 0
Runtime: 44
FL 0 3 2
FL 0 14 1
FL 0 24 0
FL 0 21 2
FL 0 18 0
FL 0 15 1
FL 0 17 11
FL 0 2 0
FL 0 9 3
FL 0 6 0
FL 0 26 4
FL 0 10 4
FL 0 5 3
FL 0 28 12
FL 0 25 5
FL 0 4 3
FL 0 1 32
FL 0 7 50
FL 0 8 13
FL 0 11 998
FL 0 12 227
FL 0 13 103
FL 0 16 187
FL 0 20 0
FL 0 22 99
FL 0 23 0
FL 0 27 239
FL 0 29 264
FL 0 30 1
FL 1 2 114
FL 1 5 172
FL 1 6 78
FL 1 7 93
FL 1 9 1
FL 1 10 4
FL 1 13 82
FL 1 18 112
FL 1 19 0
FL 1 20 1
FL 1 22 94
FL 1 23 1
FL 1 24 67
FL 1 30 1
FL 2 1 90
FL 2 6 67
FL 2 7 71
FL 2 9 3
FL 2 18 50
FL 2 19 0
FL 2 20 0
FL 2 22 34
FL 2 23 1
FL 2 24 59
FL 2 30 0
FL 3 4 0
FL 3 5 0
FL 3 13 120
FL 3 15 0
FL 3 16 37
FL 3 26 0
FL 3 28 0
FL 4 3 0
FL 4 15 1
FL 4 16 46
FL 4 26 0
FL 4 28 2
FL 5 1 11
FL 5 3 298
FL 5 8 1
FL 5 9 0
FL 5 10 0
FL 5 13 97
FL 5 15 0
FL 5 17 0
FL 5 22 51
FL 5 28 0
FL 6 1 30
FL 6 2 92
FL 6 7 35
FL 6 9 0
FL 6 18 34
FL 6 19 0
FL 6 20 0
FL 6 22 41
FL 6 23 2
FL 6 24 87
FL 6 30 0
FL 7 1 20
FL 7 2 101
FL 7 6 37
FL 7 8 0
FL 7 9 0
FL 7 18 79
FL 7 19 0
FL 7 20 0
FL 7 22 35
FL 7 23 0
FL 7 24 50
FL 7 30 0
FL 8 5 202
FL 8 7 24
FL 8 10 1
FL 8 12 142
FL 8 13 118
FL 8 14 998
FL 8 20 0
FL 8 22 29
FL 9 1 14
FL 9 2 54
FL 9 5 380
FL 9 6 57
FL 9 7 47
FL 9 8 0
FL 9 10 1
FL 9 13 109
FL 9 15 255
FL 9 17 530
FL 9 18 52
FL 9 19 0
FL 9 20 0
FL 9 22 49
FL 9 23 0
FL 9 24 0
FL 9 25 325
FL 9 26 998
FL 9 28 998
FL 9 29 316
FL 9 30 0
FL 10 1 25
FL 10 5 132
FL 10 7 46
FL 10 8 1
FL 10 9 0
FL 10 12 182
FL 10 13 76
FL 10 14 0
FL 10 17 0
FL 10 21 998
FL 10 22 38
FL 10 24 0
FL 10 30 0
FL 12 8 2
FL 12 21 0
FL 13 8 5
FL 14 8 1
FL 14 10 0
FL 14 12 136
FL 14 17 0
FL 14 21 0
FL 15 3 0
FL 15 4 0
FL 15 5 0
FL 15 9 0
FL 15 13 97
FL 15 16 31
FL 15 18 0
FL 15 22 113
FL 15 25 0
FL 15 26 0
FL 15 28 0
FL 15 29 52
FL 16 3 363
FL 16 4 1
FL 16 18 0
FL 16 25 140
FL 16 27 118
FL 16 28 3
FL 16 29 25
FL 17 1 16
FL 17 5 0
FL 17 7 32
FL 17 8 4
FL 17 9 0
FL 17 10 0
FL 17 12 179
FL 17 14 0
FL 17 21 0
FL 17 22 38
FL 17 24 0
FL 18 1 293
FL 18 2 0
FL 18 6 80
FL 18 7 78
FL 18 9 2
FL 18 15 255
FL 18 16 412
FL 18 19 0
FL 18 22 33
FL 18 23 0
FL 18 25 253
FL 18 26 3
FL 18 29 113
FL 18 30 1
FL 19 1 283
FL 19 2 333
FL 19 6 270
FL 19 7 269
FL 19 9 12
FL 19 18 490
FL 19 20 999
FL 19 22 84
FL 19 23 998
FL 19 24 497
FL 19 30 999
FL 19 0 1000
FL 20 1 32
FL 20 2 61
FL 20 6 86
FL 20 7 16
FL 20 8 999
FL 20 9 1
FL 20 19 0
FL 20 22 59
FL 20 30 0
FL 21 10 0
FL 21 12 140
FL 21 14 0
FL 21 17 0
FL 22 1 12
FL 22 2 1
FL 22 6 1
FL 22 7 45
FL 22 8 1
FL 22 15 1
FL 22 20 1
FL 22 23 1
FL 22 24 1
FL 22 30 1
FL 23 1 36
FL 23 2 83
FL 23 6 94
FL 23 7 58
FL 23 9 998
FL 23 18 43
FL 23 19 0
FL 23 22 46
FL 23 24 116
FL 23 30 1
FL 24 1 13
FL 24 2 72
FL 24 6 66
FL 24 7 48
FL 24 8 0
FL 24 9 0
FL 24 10 0
FL 24 17 484
FL 24 19 0
FL 24 22 34
FL 24 23 0
FL 24 30 0
FL 25 9 2
FL 25 15 254
FL 25 16 26
FL 25 18 53
FL 25 26 0
FL 25 27 119
FL 25 28 1
FL 25 29 65
FL 26 3 0
FL 26 4 1
FL 26 9 0
FL 26 13 83
FL 26 15 0
FL 26 16 53
FL 26 18 0
FL 26 25 0
FL 26 27 89
FL 26 28 1
FL 26 29 40
FL 27 16 74
FL 27 25 2
FL 27 28 4
FL 27 29 54
FL 28 3 349
FL 28 4 998
FL 28 5 112
FL 28 9 1
FL 28 13 115
FL 28 15 0
FL 28 16 31
FL 28 22 51
FL 28 25 153
FL 28 26 0
FL 28 27 206
FL 28 29 49
FL 29 9 0
FL 29 15 243
FL 29 16 93
FL 29 18 37
FL 29 25 128
FL 29 27 234
FL 29 28 4
FL 30 1 39
FL 30 2 84
FL 30 6 158
FL 30 7 69
FL 30 9 2
FL 30 10 998
FL 30 18 26
FL 30 19 0
FL 30 20 0
FL 30 22 55
FL 30 23 0
FL 30 24 115
FU 0 3 4
FU 0 14 2
FU 0 24 4
FU 0 21 2
FU 0 18 4
FU 0 15 3
FU 0 17 7
FU 0 2 3
FU 0 9 2
FU 0 6 3
FU 0 26 2
FU 0 10 2
FU 0 5 4
FU 0 28 2
FU 0 25 7
FU 0 4 2
FU 0 1 56
FU 0 7 53
FU 0 8 5
FU 0 11 1000
FU 0 12 225
FU 0 13 102
FU 0 16 172
FU 0 20 4
FU 0 22 114
FU 0 23 4
FU 0 27 245
FU 0 29 269
FU 0 30 5
FU 1 2 112
FU 1 5 169
FU 1 6 75
FU 1 7 88
FU 1 9 0
FU 1 10 0
FU 1 13 84
FU 1 18 87
FU 1 19 0
FU 1 20 1
FU 1 22 91
FU 1 23 0
FU 1 24 61
FU 1 30 0
FU 2 1 88
FU 2 6 63
FU 2 7 81
FU 2 9 0
FU 2 18 50
FU 2 19 0
FU 2 20 0
FU 2 22 36
FU 2 23 0
FU 2 24 67
FU 2 30 0
FU 3 4 0
FU 3 5 0
FU 3 13 119
FU 3 15 0
FU 3 16 50
FU 3 26 0
FU 3 28 0
FU 4 3 0
FU 4 15 11
FU 4 16 48
FU 4 26 0
FU 4 28 0
FU 5 1 32
FU 5 3 306
FU 5 8 0
FU 5 9 0
FU 5 10 0
FU 5 13 100
FU 5 15 0
FU 5 17 0
FU 5 22 55
FU 5 28 0
FU 6 1 36
FU 6 2 88
FU 6 7 44
FU 6 9 0
FU 6 18 51
FU 6 19 0
FU 6 20 0
FU 6 22 36
FU 6 23 1
FU 6 24 82
FU 6 30 0
FU 7 1 37
FU 7 2 102
FU 7 6 51
FU 7 8 0
FU 7 9 0
FU 7 18 83
FU 7 19 0
FU 7 20 0
FU 7 22 34
FU 7 23 0
FU 7 24 60
FU 7 30 0
FU 8 5 192
FU 8 7 29
FU 8 10 0
FU 8 12 140
FU 8 13 117
FU 8 14 998
FU 8 20 0
FU 8 22 33
FU 9 1 10
FU 9 2 48
FU 9 5 410
FU 9 6 53
FU 9 7 47
FU 9 8 0
FU 9 10 1
FU 9 13 107
FU 9 15 230
FU 9 17 522
FU 9 18 75
FU 9 19 0
FU 9 20 0
FU 9 22 44
FU 9 23 0
FU 9 24 0
FU 9 25 321
FU 9 26 998
FU 9 28 997
FU 9 29 283
FU 9 30 0
FU 10 1 30
FU 10 5 118
FU 10 7 42
FU 10 8 0
FU 10 9 0
FU 10 12 177
FU 10 13 74
FU 10 14 0
FU 10 17 0
FU 10 21 998
FU 10 22 39
FU 10 24 0
FU 10 30 0
FU 12 8 0
FU 12 21 0
FU 13 8 1
FU 14 8 0
FU 14 10 0
FU 14 12 137
FU 14 17 0
FU 14 21 0
FU 15 3 0
FU 15 4 0
FU 15 5 0
FU 15 9 0
FU 15 13 98
FU 15 16 39
FU 15 18 0
FU 15 22 108
FU 15 25 0
FU 15 26 0
FU 15 28 0
FU 15 29 67
FU 16 3 354
FU 16 4 0
FU 16 18 0
FU 16 25 136
FU 16 27 127
FU 16 28 1
FU 16 29 30
FU 17 1 11
FU 17 5 0
FU 17 7 29
FU 17 8 0
FU 17 9 0
FU 17 10 0
FU 17 12 178
FU 17 14 0
FU 17 21 0
FU 17 22 42
FU 17 24 0
FU 18 1 252
FU 18 2 0
FU 18 6 80
FU 18 7 83
FU 18 9 0
FU 18 15 263
FU 18 16 406
FU 18 19 0
FU 18 22 36
FU 18 23 0
FU 18 25 249
FU 18 26 0
FU 18 29 125
FU 18 30 0
FU 19 1 244
FU 19 2 336
FU 19 6 278
FU 19 7 265
FU 19 9 1
FU 19 18 487
FU 19 20 995
FU 19 22 84
FU 19 23 995
FU 19 24 499
FU 19 30 995
FU 19 0 1000
FU 20 1 32
FU 20 2 61
FU 20 6 95
FU 20 7 23
FU 20 8 994
FU 20 9 0
FU 20 19 0
FU 20 22 66
FU 20 30 0
FU 21 10 0
FU 21 12 143
FU 21 14 0
FU 21 17 0
FU 22 1 31
FU 22 2 0
FU 22 6 0
FU 22 7 42
FU 22 8 0
FU 22 15 0
FU 22 20 0
FU 22 23 0
FU 22 24 0
FU 22 30 0
FU 23 1 42
FU 23 2 93
FU 23 6 100
FU 23 7 63
FU 23 9 997
FU 23 18 56
FU 23 19 0
FU 23 22 40
FU 23 24 108
FU 23 30 0
FU 24 1 51
FU 24 2 81
FU 24 6 60
FU 24 7 41
FU 24 8 0
FU 24 9 0
FU 24 10 0
FU 24 17 471
FU 24 19 0
FU 24 22 32
FU 24 23 0
FU 24 30 0
FU 25 9 0
FU 25 15 241
FU 25 16 25
FU 25 18 46
FU 25 26 0
FU 25 27 117
FU 25 28 0
FU 25 29 66
FU 26 3 0
FU 26 4 0
FU 26 9 0
FU 26 13 85
FU 26 15 0
FU 26 16 84
FU 26 18 0
FU 26 25 0
FU 26 27 90
FU 26 28 0
FU 26 29 47
FU 27 16 68
FU 27 25 1
FU 27 28 0
FU 27 29 66
FU 28 3 336
FU 28 4 998
FU 28 5 107
FU 28 9 0
FU 28 13 114
FU 28 15 0
FU 28 16 21
FU 28 22 55
FU 28 25 142
FU 28 26 0
FU 28 27 205
FU 28 29 47
FU 29 9 0
FU 29 15 252
FU 29 16 87
FU 29 18 27
FU 29 25 144
FU 29 27 216
FU 29 28 0
FU 30 1 48
FU 30 2 76
FU 30 6 142
FU 30 7 70
FU 30 9 0
FU 30 10 997
FU 30 18 34
FU 30 19 0
FU 30 20 0
FU 30 22 55
FU 30 23 0
FU 30 24 119
