Nodes: 51
Arcs: 876
MVE: 0
MAE: 212
SAE: 22354
Terminals_rem: 0
Nodes_rem: 4
Arcs_rem: 259
First LB: 3
LB: 3
Iter. LB: 0
First UB: 19
UB: 10
Iter. UB: 201
gap: 70
BM. Time: 0
Runtime: 113
FL 0 46 5
FL 0 5 15
FL 0 44 10
FL 0 26 0
FL 0 33 0
FL 0 14 487
FL 0 38 6
FL 0 20 0
FL 0 29 0
FL 0 8 17
FL 0 4 4
FL 0 36 11
FL 0 7 18
FL 0 6 7
FL 0 18 1
FL 0 39 6
FL 0 48 5
FL 0 23 14
FL 0 11 4
FL 0 12 477
FL 0 3 7
FL 0 49 0
FL 0 34 17
FL 0 50 8
FL 0 30 0
FL 0 17 16
FL 0 1 26
FL 0 43 0
FL 0 35 0
FL 0 32 438
FL 0 2 182
FL 0 9 1
FL 0 10 998
FL 0 13 998
FL 0 15 76
FL 0 16 46
FL 0 19 89
FL 0 21 76
FL 0 22 114
FL 0 24 232
FL 0 25 29
FL 0 28 27
FL 0 31 188
FL 0 37 30
FL 0 40 998
FL 0 41 79
FL 0 42 222
FL 0 45 998
FL 0 47 1
FL 1 2 53
FL 1 5 0
FL 1 6 1
FL 1 7 298
FL 1 8 0
FL 1 9 0
FL 1 17 0
FL 1 18 0
FL 1 19 37
FL 1 20 185
FL 1 22 33
FL 1 23 272
FL 1 24 80
FL 1 29 0
FL 1 30 183
FL 1 33 0
FL 1 34 998
FL 1 36 2
FL 1 37 42
FL 1 39 353
FL 1 41 28
FL 1 44 2
FL 1 47 502
FL 1 48 162
FL 1 50 505
FL 2 6 0
FL 2 19 34
FL 2 20 0
FL 2 23 2
FL 2 24 84
FL 2 30 0
FL 2 39 0
FL 2 42 67
FL 2 46 0
FL 2 48 3
FL 3 4 49
FL 3 5 1
FL 3 11 140
FL 3 15 36
FL 3 16 8
FL 3 25 28
FL 3 26 33
FL 3 28 14
FL 3 31 97
FL 4 3 96
FL 4 11 262
FL 4 15 27
FL 4 16 12
FL 4 25 20
FL 4 26 21
FL 4 28 18
FL 4 29 0
FL 4 31 91
FL 4 33 47
FL 4 49 37
FL 5 1 0
FL 5 2 31
FL 5 3 130
FL 5 6 527
FL 5 8 263
FL 5 9 0
FL 5 15 49
FL 5 16 23
FL 5 17 0
FL 5 18 21
FL 5 19 46
FL 5 20 179
FL 5 22 26
FL 5 23 503
FL 5 26 20
FL 5 28 10
FL 5 29 0
FL 5 30 170
FL 5 31 33
FL 5 33 34
FL 5 36 1
FL 5 41 24
FL 5 44 182
FL 5 48 148
FL 5 50 505
FL 6 1 1
FL 6 2 119
FL 6 5 0
FL 6 7 0
FL 6 9 0
FL 6 19 14
FL 6 20 0
FL 6 23 0
FL 6 24 24
FL 6 34 0
FL 6 37 35
FL 6 39 0
FL 6 41 49
FL 6 42 27
FL 6 46 0
FL 6 48 0
FL 7 1 0
FL 7 2 41
FL 7 6 0
FL 7 8 0
FL 7 9 0
FL 7 17 0
FL 7 18 0
FL 7 19 21
FL 7 22 30
FL 7 23 0
FL 7 24 43
FL 7 30 0
FL 7 32 16
FL 7 34 0
FL 7 36 1
FL 7 37 40
FL 7 39 0
FL 7 41 31
FL 7 42 55
FL 7 44 1
FL 7 46 0
FL 7 47 1
FL 7 48 0
FL 8 1 0
FL 8 5 0
FL 8 7 0
FL 8 9 0
FL 8 12 11
FL 8 14 11
FL 8 17 0
FL 8 21 66
FL 8 22 40
FL 8 24 16
FL 8 30 159
FL 8 32 14
FL 8 36 0
FL 8 37 23
FL 8 41 58
FL 8 44 0
FL 8 47 1
FL 8 48 0
FL 8 50 0
FL 9 8 259
FL 9 15 100
FL 9 17 998
FL 9 18 78
FL 9 19 119
FL 9 20 326
FL 9 22 171
FL 9 25 46
FL 9 26 29
FL 9 27 0
FL 9 29 0
FL 9 30 292
FL 9 33 52
FL 9 35 151
FL 9 37 405
FL 9 41 86
FL 9 47 504
FL 9 48 403
FL 11 3 0
FL 11 4 1
FL 11 15 76
FL 11 16 4
FL 11 25 35
FL 11 26 0
FL 11 28 32
FL 11 31 89
FL 12 8 0
FL 12 14 261
FL 12 17 0
FL 12 21 91
FL 12 24 16
FL 12 32 225
FL 12 36 1
FL 12 38 1
FL 12 44 1
FL 12 47 2
FL 12 50 0
FL 14 8 0
FL 14 12 304
FL 14 17 0
FL 14 21 70
FL 14 24 23
FL 14 32 296
FL 14 36 2
FL 14 38 1
FL 14 44 0
FL 14 50 0
FL 15 49 0
FL 16 3 358
FL 16 4 273
FL 16 5 480
FL 16 11 247
FL 16 15 57
FL 16 18 144
FL 16 25 65
FL 16 26 33
FL 16 27 0
FL 16 28 64
FL 16 29 1
FL 16 31 91
FL 16 33 100
FL 16 35 149
FL 16 44 461
FL 16 49 119
FL 17 1 0
FL 17 5 0
FL 17 7 0
FL 17 8 0
FL 17 9 0
FL 17 12 10
FL 17 14 12
FL 17 21 70
FL 17 24 30
FL 17 32 6
FL 17 36 0
FL 17 37 21
FL 17 41 25
FL 17 44 0
FL 17 47 4
FL 17 48 0
FL 17 50 0
FL 18 1 0
FL 18 2 26
FL 18 5 1
FL 18 7 323
FL 18 9 0
FL 18 16 20
FL 18 19 55
FL 18 20 132
FL 18 23 230
FL 18 25 22
FL 18 26 29
FL 18 28 13
FL 18 29 0
FL 18 33 14
FL 18 39 286
FL 18 41 50
FL 18 42 44
FL 18 46 523
FL 18 48 81
FL 18 49 28
FL 19 2 52
FL 19 5 0
FL 19 6 0
FL 19 7 0
FL 19 18 0
FL 19 20 0
FL 19 23 0
FL 19 24 38
FL 19 30 0
FL 19 34 0
FL 19 37 31
FL 19 39 0
FL 19 41 36
FL 19 42 36
FL 19 46 0
FL 19 48 0
FL 20 1 0
FL 20 2 42
FL 20 5 0
FL 20 6 0
FL 20 9 0
FL 20 18 0
FL 20 19 38
FL 20 22 75
FL 20 23 0
FL 20 24 8
FL 20 30 0
FL 20 37 23
FL 20 41 22
FL 20 42 50
FL 20 46 0
FL 20 48 0
FL 21 36 1
FL 22 2 39
FL 22 5 0
FL 22 7 0
FL 22 8 0
FL 22 9 0
FL 22 19 36
FL 22 20 0
FL 22 23 0
FL 22 24 24
FL 22 29 0
FL 22 33 0
FL 22 39 0
FL 22 41 23
FL 22 44 0
FL 22 48 0
FL 22 50 0
FL 23 1 1
FL 23 2 33
FL 23 5 0
FL 23 6 485
FL 23 7 207
FL 23 9 0
FL 23 18 14
FL 23 19 65
FL 23 20 188
FL 23 22 28
FL 23 24 16
FL 23 30 192
FL 23 34 0
FL 23 37 187
FL 23 39 370
FL 23 41 45
FL 23 42 66
FL 23 46 492
FL 23 48 101
FL 24 2 61
FL 24 6 2
FL 24 7 1
FL 24 19 42
FL 24 20 0
FL 24 22 44
FL 24 23 3
FL 24 30 0
FL 24 42 81
FL 24 46 0
FL 24 48 3
FL 25 3 142
FL 25 4 63
FL 25 9 0
FL 25 11 207
FL 25 15 50
FL 25 16 17
FL 25 18 39
FL 25 26 69
FL 25 27 0
FL 25 28 38
FL 25 29 0
FL 25 31 78
FL 25 33 78
FL 25 35 51
FL 25 43 157
FL 25 49 27
FL 26 3 143
FL 26 4 31
FL 26 5 167
FL 26 9 0
FL 26 11 0
FL 26 15 54
FL 26 16 3
FL 26 18 0
FL 26 25 9
FL 26 27 0
FL 26 28 11
FL 26 29 0
FL 26 31 44
FL 26 33 17
FL 26 35 0
FL 26 43 0
FL 26 44 141
FL 26 49 0
FL 27 9 998
FL 27 16 526
FL 27 25 414
FL 27 26 418
FL 27 28 438
FL 27 29 998
FL 27 33 379
FL 27 43 297
FL 27 49 495
FL 27 0 1000
FL 28 3 128
FL 28 4 88
FL 28 5 1
FL 28 11 154
FL 28 15 92
FL 28 16 6
FL 28 18 20
FL 28 25 33
FL 28 26 30
FL 28 27 1
FL 28 29 1
FL 28 31 104
FL 28 33 39
FL 28 35 127
FL 28 36 514
FL 28 44 218
FL 28 49 43
FL 29 1 999
FL 29 4 124
FL 29 5 326
FL 29 9 1
FL 29 15 83
FL 29 16 83
FL 29 18 201
FL 29 22 72
FL 29 25 77
FL 29 26 57
FL 29 27 1
FL 29 28 98
FL 29 33 85
FL 29 35 128
FL 29 43 175
FL 29 49 82
FL 30 1 1
FL 30 2 57
FL 30 5 1
FL 30 7 1
FL 30 8 248
FL 30 9 1
FL 30 19 47
FL 30 20 1
FL 30 23 1
FL 30 24 16
FL 30 34 1
FL 30 37 18
FL 30 39 1
FL 30 41 42
FL 30 42 44
FL 30 46 0
FL 30 48 0
FL 31 5 1
FL 31 25 43
FL 31 28 13
FL 32 7 0
FL 32 8 0
FL 32 9 0
FL 32 12 187
FL 32 14 219
FL 32 17 0
FL 32 21 162
FL 32 24 34
FL 32 34 1
FL 32 37 13
FL 32 38 1
FL 32 41 26
FL 32 47 1
FL 33 1 2
FL 33 4 145
FL 33 5 4
FL 33 9 1
FL 33 15 52
FL 33 16 24
FL 33 18 38
FL 33 22 36
FL 33 25 31
FL 33 26 79
FL 33 27 0
FL 33 28 51
FL 33 29 1
FL 33 35 72
FL 33 43 115
FL 33 49 46
FL 34 1 1
FL 34 6 1
FL 34 7 0
FL 34 9 0
FL 34 19 11
FL 34 23 1
FL 34 24 40
FL 34 30 0
FL 34 32 11
FL 34 37 17
FL 34 39 0
FL 34 41 50
FL 34 42 79
FL 34 46 0
FL 34 47 1
FL 34 48 0
FL 35 2 31
FL 35 9 0
FL 35 16 16
FL 35 25 19
FL 35 26 31
FL 35 28 6
FL 35 29 0
FL 35 33 31
FL 35 43 158
FL 35 49 17
FL 36 1 0
FL 36 5 0
FL 36 7 0
FL 36 8 0
FL 36 9 0
FL 36 12 3
FL 36 14 5
FL 36 15 142
FL 36 17 0
FL 36 21 68
FL 36 22 33
FL 36 24 21
FL 36 28 4
FL 36 31 102
FL 36 37 26
FL 36 41 30
FL 36 44 0
FL 36 48 97
FL 36 50 0
FL 37 6 0
FL 37 19 45
FL 37 20 0
FL 37 23 0
FL 37 30 0
FL 37 36 499
FL 37 48 0
FL 38 12 2
FL 38 14 3
FL 38 21 206
FL 38 32 3
FL 38 47 1
FL 39 1 1
FL 39 2 30
FL 39 6 0
FL 39 7 0
FL 39 18 0
FL 39 19 38
FL 39 22 37
FL 39 23 0
FL 39 30 0
FL 39 34 0
FL 39 41 25
FL 39 42 67
FL 39 46 0
FL 39 48 0
FL 41 18 0
FL 42 2 76
FL 42 6 1
FL 42 7 0
FL 42 18 0
FL 42 19 110
FL 42 20 0
FL 42 23 2
FL 42 24 54
FL 42 30 0
FL 42 39 0
FL 42 46 0
FL 42 48 3
FL 43 25 8
FL 43 26 46
FL 43 27 0
FL 43 28 9
FL 43 29 0
FL 43 33 29
FL 43 35 118
FL 43 49 70
FL 44 1 0
FL 44 5 0
FL 44 7 178
FL 44 8 236
FL 44 9 1
FL 44 12 3
FL 44 14 3
FL 44 15 63
FL 44 16 19
FL 44 17 0
FL 44 21 129
FL 44 22 115
FL 44 26 24
FL 44 28 15
FL 44 31 84
FL 44 36 1
FL 44 41 89
FL 44 50 0
FL 46 2 14
FL 46 6 1
FL 46 7 0
FL 46 18 0
FL 46 19 43
FL 46 20 0
FL 46 23 1
FL 46 24 27
FL 46 30 0
FL 46 34 0
FL 46 39 0
FL 46 42 38
FL 46 48 0
FL 47 38 998
FL 48 1 5
FL 48 2 96
FL 48 5 2
FL 48 6 1
FL 48 7 1
FL 48 8 0
FL 48 9 0
FL 48 17 0
FL 48 18 0
FL 48 19 87
FL 48 20 0
FL 48 22 73
FL 48 23 3
FL 48 24 111
FL 48 30 0
FL 48 34 2
FL 48 36 2
FL 48 37 28
FL 48 39 0
FL 48 41 121
FL 48 42 118
FL 48 46 1
FL 49 4 220
FL 49 15 52
FL 49 16 135
FL 49 18 391
FL 49 25 94
FL 49 26 64
FL 49 27 0
FL 49 28 101
FL 49 29 1
FL 49 33 87
FL 49 35 205
FL 49 43 99
FL 50 1 1
FL 50 5 0
FL 50 8 0
FL 50 9 0
FL 50 12 2
FL 50 14 3
FL 50 17 0
FL 50 21 72
FL 50 22 63
FL 50 24 34
FL 50 36 2
FL 50 37 26
FL 50 41 44
FL 50 44 1
FU 0 46 7
FU 0 5 7
FU 0 44 24
FU 0 26 2
FU 0 33 2
FU 0 14 504
FU 0 38 2
FU 0 20 2
FU 0 29 2
FU 0 8 14
FU 0 4 6
FU 0 36 11
FU 0 7 11
FU 0 6 7
FU 0 18 3
FU 0 39 12
FU 0 48 25
FU 0 23 9
FU 0 11 6
FU 0 12 493
FU 0 3 8
FU 0 49 2
FU 0 34 2
FU 0 50 9
FU 0 30 2
FU 0 17 2
FU 0 1 9
FU 0 43 2
FU 0 35 2
FU 0 32 463
FU 0 2 187
FU 0 9 3
FU 0 10 1000
FU 0 13 1000
FU 0 15 86
FU 0 16 65
FU 0 19 107
FU 0 21 76
FU 0 22 111
FU 0 24 241
FU 0 25 36
FU 0 28 29
FU 0 31 184
FU 0 37 44
FU 0 40 1000
FU 0 41 84
FU 0 42 230
FU 0 45 1000
FU 0 47 3
FU 1 2 47
FU 1 5 0
FU 1 6 0
FU 1 7 285
FU 1 8 0
FU 1 9 0
FU 1 17 0
FU 1 18 0
FU 1 19 31
FU 1 20 169
FU 1 22 33
FU 1 23 250
FU 1 24 92
FU 1 29 0
FU 1 30 186
FU 1 33 0
FU 1 34 998
FU 1 36 0
FU 1 37 40
FU 1 39 347
FU 1 41 27
FU 1 44 1
FU 1 47 480
FU 1 48 170
FU 1 50 493
FU 2 6 0
FU 2 19 35
FU 2 20 0
FU 2 23 1
FU 2 24 82
FU 2 30 0
FU 2 39 0
FU 2 42 63
FU 2 46 0
FU 2 48 4
FU 3 4 71
FU 3 5 0
FU 3 11 138
FU 3 15 42
FU 3 16 6
FU 3 25 23
FU 3 26 29
FU 3 28 15
FU 3 31 94
FU 4 3 90
FU 4 11 247
FU 4 15 27
FU 4 16 20
FU 4 25 17
FU 4 26 18
FU 4 28 14
FU 4 29 0
FU 4 31 95
FU 4 33 46
FU 4 49 38
FU 5 1 0
FU 5 2 36
FU 5 3 131
FU 5 6 515
FU 5 8 265
FU 5 9 0
FU 5 15 48
FU 5 16 28
FU 5 17 0
FU 5 18 47
FU 5 19 47
FU 5 20 195
FU 5 22 21
FU 5 23 516
FU 5 26 26
FU 5 28 16
FU 5 29 0
FU 5 30 185
FU 5 31 37
FU 5 33 40
FU 5 36 0
FU 5 41 28
FU 5 44 152
FU 5 48 122
FU 5 50 498
FU 6 1 0
FU 6 2 113
FU 6 5 0
FU 6 7 0
FU 6 9 0
FU 6 19 20
FU 6 20 0
FU 6 23 0
FU 6 24 26
FU 6 34 0
FU 6 37 46
FU 6 39 0
FU 6 41 52
FU 6 42 28
FU 6 46 0
FU 6 48 0
FU 7 1 0
FU 7 2 37
FU 7 6 0
FU 7 8 0
FU 7 9 0
FU 7 17 0
FU 7 18 0
FU 7 19 28
FU 7 22 34
FU 7 23 0
FU 7 24 37
FU 7 30 0
FU 7 32 22
FU 7 34 0
FU 7 36 0
FU 7 37 42
FU 7 39 0
FU 7 41 31
FU 7 42 55
FU 7 44 1
FU 7 46 0
FU 7 47 0
FU 7 48 0
FU 8 1 0
FU 8 5 0
FU 8 7 0
FU 8 9 0
FU 8 12 18
FU 8 14 13
FU 8 17 0
FU 8 21 64
FU 8 22 37
FU 8 24 35
FU 8 30 131
FU 8 32 14
FU 8 36 0
FU 8 37 20
FU 8 41 59
FU 8 44 0
FU 8 47 53
FU 8 48 0
FU 8 50 0
FU 9 8 304
FU 9 15 99
FU 9 17 998
FU 9 18 78
FU 9 19 115
FU 9 20 326
FU 9 22 182
FU 9 25 45
FU 9 26 33
FU 9 27 0
FU 9 29 0
FU 9 30 306
FU 9 33 49
FU 9 35 150
FU 9 37 395
FU 9 41 80
FU 9 47 460
FU 9 48 407
FU 11 3 0
FU 11 4 0
FU 11 15 81
FU 11 16 3
FU 11 25 61
FU 11 26 0
FU 11 28 31
FU 11 31 88
FU 12 8 0
FU 12 14 236
FU 12 17 0
FU 12 21 91
FU 12 24 22
FU 12 32 234
FU 12 36 0
FU 12 38 0
FU 12 44 0
FU 12 47 0
FU 12 50 0
FU 14 8 0
FU 14 12 280
FU 14 17 0
FU 14 21 72
FU 14 24 25
FU 14 32 230
FU 14 36 2
FU 14 38 0
FU 14 44 0
FU 14 50 0
FU 15 49 0
FU 16 3 393
FU 16 4 263
FU 16 5 488
FU 16 11 263
FU 16 15 57
FU 16 18 134
FU 16 25 71
FU 16 26 47
FU 16 27 0
FU 16 28 57
FU 16 29 0
FU 16 31 86
FU 16 33 96
FU 16 35 150
FU 16 44 474
FU 16 49 96
FU 17 1 0
FU 17 5 0
FU 17 7 0
FU 17 8 0
FU 17 9 0
FU 17 12 9
FU 17 14 37
FU 17 21 70
FU 17 24 23
FU 17 32 18
FU 17 36 0
FU 17 37 20
FU 17 41 27
FU 17 44 0
FU 17 47 3
FU 17 48 0
FU 17 50 0
FU 18 1 0
FU 18 2 30
FU 18 5 0
FU 18 7 300
FU 18 9 0
FU 18 16 20
FU 18 19 51
FU 18 20 128
FU 18 23 210
FU 18 25 26
FU 18 26 32
FU 18 28 20
FU 18 29 0
FU 18 33 39
FU 18 39 272
FU 18 41 49
FU 18 42 43
FU 18 46 510
FU 18 48 85
FU 18 49 43
FU 19 2 49
FU 19 5 0
FU 19 6 0
FU 19 7 0
FU 19 18 0
FU 19 20 0
FU 19 23 0
FU 19 24 40
FU 19 30 0
FU 19 34 0
FU 19 37 35
FU 19 39 0
FU 19 41 37
FU 19 42 40
FU 19 46 0
FU 19 48 0
FU 20 1 0
FU 20 2 49
FU 20 5 0
FU 20 6 0
FU 20 9 0
FU 20 18 0
FU 20 19 44
FU 20 22 77
FU 20 23 0
FU 20 24 7
FU 20 30 0
FU 20 37 19
FU 20 41 19
FU 20 42 69
FU 20 46 0
FU 20 48 0
FU 21 36 0
FU 22 2 32
FU 22 5 0
FU 22 7 0
FU 22 8 0
FU 22 9 0
FU 22 19 38
FU 22 20 0
FU 22 23 0
FU 22 24 22
FU 22 29 0
FU 22 33 0
FU 22 39 0
FU 22 41 23
FU 22 44 0
FU 22 48 0
FU 22 50 0
FU 23 1 0
FU 23 2 40
FU 23 5 0
FU 23 6 476
FU 23 7 220
FU 23 9 0
FU 23 18 40
FU 23 19 60
FU 23 20 180
FU 23 22 23
FU 23 24 19
FU 23 30 190
FU 23 34 0
FU 23 37 173
FU 23 39 369
FU 23 41 54
FU 23 42 57
FU 23 46 483
FU 23 48 97
FU 24 2 56
FU 24 6 1
FU 24 7 1
FU 24 19 45
FU 24 20 0
FU 24 22 46
FU 24 23 4
FU 24 30 0
FU 24 42 73
FU 24 46 0
FU 24 48 2
FU 25 3 133
FU 25 4 59
FU 25 9 0
FU 25 11 198
FU 25 15 45
FU 25 16 20
FU 25 18 63
FU 25 26 73
FU 25 27 0
FU 25 28 53
FU 25 29 0
FU 25 31 84
FU 25 33 72
FU 25 35 54
FU 25 43 167
FU 25 49 54
FU 26 3 117
FU 26 4 53
FU 26 5 185
FU 26 9 0
FU 26 11 0
FU 26 15 52
FU 26 16 17
FU 26 18 0
FU 26 25 12
FU 26 27 0
FU 26 28 6
FU 26 29 0
FU 26 31 50
FU 26 33 8
FU 26 35 0
FU 26 43 0
FU 26 44 144
FU 26 49 0
FU 27 9 997
FU 27 16 520
FU 27 25 412
FU 27 26 416
FU 27 28 414
FU 27 29 997
FU 27 33 368
FU 27 43 319
FU 27 49 500
FU 27 0 1000
FU 28 3 128
FU 28 4 112
FU 28 5 20
FU 28 11 148
FU 28 15 85
FU 28 16 21
FU 28 18 51
FU 28 25 33
FU 28 26 40
FU 28 27 0
FU 28 29 0
FU 28 31 98
FU 28 33 33
FU 28 35 129
FU 28 36 493
FU 28 44 203
FU 28 49 38
FU 29 1 991
FU 29 4 100
FU 29 5 289
FU 29 9 0
FU 29 15 79
FU 29 16 78
FU 29 18 161
FU 29 22 67
FU 29 25 74
FU 29 26 50
FU 29 27 0
FU 29 28 74
FU 29 33 89
FU 29 35 127
FU 29 43 162
FU 29 49 71
FU 30 1 0
FU 30 2 63
FU 30 5 0
FU 30 7 0
FU 30 8 229
FU 30 9 0
FU 30 19 46
FU 30 20 0
FU 30 23 0
FU 30 24 22
FU 30 34 0
FU 30 37 25
FU 30 39 0
FU 30 41 41
FU 30 42 35
FU 30 46 0
FU 30 48 0
FU 31 5 1
FU 31 25 29
FU 31 28 34
FU 32 7 0
FU 32 8 0
FU 32 9 0
FU 32 12 169
FU 32 14 193
FU 32 17 0
FU 32 21 159
FU 32 24 40
FU 32 34 0
FU 32 37 18
FU 32 38 0
FU 32 41 27
FU 32 47 0
FU 33 1 0
FU 33 4 128
FU 33 5 9
FU 33 9 0
FU 33 15 48
FU 33 16 35
FU 33 18 62
FU 33 22 35
FU 33 25 27
FU 33 26 68
FU 33 27 0
FU 33 28 70
FU 33 29 0
FU 33 35 70
FU 33 43 106
FU 33 49 60
FU 34 1 0
FU 34 6 0
FU 34 7 0
FU 34 9 0
FU 34 19 12
FU 34 23 0
FU 34 24 38
FU 34 30 0
FU 34 32 16
FU 34 37 19
FU 34 39 0
FU 34 41 50
FU 34 42 78
FU 34 46 0
FU 34 47 1
FU 34 48 0
FU 35 2 31
FU 35 9 0
FU 35 16 18
FU 35 25 27
FU 35 26 33
FU 35 28 11
FU 35 29 0
FU 35 33 38
FU 35 43 146
FU 35 49 17
FU 36 1 0
FU 36 5 0
FU 36 7 0
FU 36 8 0
FU 36 9 0
FU 36 12 4
FU 36 14 8
FU 36 15 144
FU 36 17 0
FU 36 21 67
FU 36 22 29
FU 36 24 22
FU 36 28 15
FU 36 31 100
FU 36 37 29
FU 36 41 25
FU 36 44 0
FU 36 48 85
FU 36 50 0
FU 37 6 0
FU 37 19 45
FU 37 20 0
FU 37 23 0
FU 37 30 0
FU 37 36 492
FU 37 48 0
FU 38 12 24
FU 38 14 3
FU 38 21 212
FU 38 32 3
FU 38 47 0
FU 39 1 0
FU 39 2 37
FU 39 6 0
FU 39 7 0
FU 39 18 0
FU 39 19 36
FU 39 22 38
FU 39 23 0
FU 39 30 0
FU 39 34 0
FU 39 41 23
FU 39 42 72
FU 39 46 0
FU 39 48 0
FU 41 18 0
FU 42 2 80
FU 42 6 1
FU 42 7 0
FU 42 18 0
FU 42 19 107
FU 42 20 0
FU 42 23 8
FU 42 24 47
FU 42 30 0
FU 42 39 0
FU 42 46 0
FU 42 48 3
FU 43 25 32
FU 43 26 44
FU 43 27 0
FU 43 28 17
FU 43 29 0
FU 43 33 33
FU 43 35 121
FU 43 49 81
FU 44 1 0
FU 44 5 0
FU 44 7 181
FU 44 8 188
FU 44 9 0
FU 44 12 2
FU 44 14 2
FU 44 15 56
FU 44 16 28
FU 44 17 0
FU 44 21 121
FU 44 22 117
FU 44 26 26
FU 44 28 21
FU 44 31 84
FU 44 36 0
FU 44 41 85
FU 44 50 0
FU 46 2 14
FU 46 6 0
FU 46 7 0
FU 46 18 0
FU 46 19 43
FU 46 20 0
FU 46 23 1
FU 46 24 22
FU 46 30 0
FU 46 34 0
FU 46 39 0
FU 46 42 44
FU 46 48 0
FU 47 38 998
FU 48 1 0
FU 48 2 99
FU 48 5 1
FU 48 6 0
FU 48 7 2
FU 48 8 0
FU 48 9 0
FU 48 17 0
FU 48 18 0
FU 48 19 90
FU 48 20 0
FU 48 22 80
FU 48 23 1
FU 48 24 109
FU 48 30 0
FU 48 34 0
FU 48 36 1
FU 48 37 27
FU 48 39 0
FU 48 41 129
FU 48 42 113
FU 48 46 0
FU 49 4 208
FU 49 15 51
FU 49 16 121
FU 49 18 361
FU 49 25 75
FU 49 26 63
FU 49 27 0
FU 49 28 103
FU 49 29 1
FU 49 33 87
FU 49 35 197
FU 49 43 98
FU 50 1 0
FU 50 5 0
FU 50 8 0
FU 50 9 0
FU 50 12 1
FU 50 14 4
FU 50 17 0
FU 50 21 68
FU 50 22 70
FU 50 24 29
FU 50 36 1
FU 50 37 48
FU 50 41 50
FU 50 44 1
