Nodes: 91
Arcs: 4218
MVE: 14
MAE: 1049
SAE: 198888
Terminals_rem: 0
Nodes_rem: 19
Arcs_rem: 1775
First LB: 17
LB: 17
Iter. LB: 0
First UB: 49
UB: 35
Iter. UB: 170
gap: 51.4286
BM. Time: 0
Runtime: 787
FL 0 40 4
FL 0 82 104
FL 0 5 4
FL 0 62 6
FL 0 6 68
FL 0 70 6
FL 0 41 53
FL 0 64 74
FL 0 52 70
FL 0 68 53
FL 0 67 104
FL 0 44 3
FL 0 55 13
FL 0 42 0
FL 0 48 4
FL 0 81 61
FL 0 54 57
FL 0 60 5
FL 0 36 1
FL 0 1 2
FL 0 71 4
FL 0 21 2
FL 0 34 0
FL 0 86 166
FL 0 50 2
FL 0 32 3
FL 0 69 7
FL 0 10 51
FL 0 16 5
FL 0 38 22
FL 0 8 61
FL 0 15 131
FL 0 14 3
FL 0 33 0
FL 0 2 75
FL 0 49 0
FL 0 56 0
FL 0 65 2
FL 0 35 18
FL 0 73 9
FL 0 7 62
FL 0 78 0
FL 0 31 78
FL 0 17 0
FL 0 12 5
FL 0 9 0
FL 0 7 62
FL 0 11 113
FL 0 4 195
FL 0 79 3
FL 0 23 6
FL 0 3 999
FL 0 18 38
FL 0 19 10
FL 0 20 50
FL 0 22 28
FL 0 24 52
FL 0 25 13
FL 0 26 998
FL 0 27 30
FL 0 28 998
FL 0 29 998
FL 0 30 31
FL 0 37 28
FL 0 39 0
FL 0 43 13
FL 0 45 998
FL 0 46 998
FL 0 47 998
FL 0 51 998
FL 0 53 22
FL 0 57 7
FL 0 58 998
FL 0 59 998
FL 0 61 20
FL 0 63 998
FL 0 66 998
FL 0 72 42
FL 0 74 1
FL 0 75 998
FL 0 76 18
FL 0 77 7
FL 0 80 151
FL 0 83 63
FL 0 84 999
FL 0 85 999
FL 0 87 999
FL 0 88 999
FL 0 89 999
FL 0 90 999
FL 1 4 149
FL 1 5 2
FL 1 6 37
FL 1 7 3
FL 1 8 62
FL 1 9 0
FL 1 11 48
FL 1 12 6
FL 1 13 0
FL 1 14 2
FL 1 16 7
FL 1 17 0
FL 1 18 14
FL 1 19 36
FL 1 20 37
FL 1 21 1
FL 1 22 18
FL 1 23 5
FL 1 24 36
FL 1 25 27
FL 1 27 55
FL 1 30 25
FL 1 31 43
FL 1 33 2
FL 1 34 0
FL 1 35 9
FL 1 36 0
FL 1 37 21
FL 1 38 16
FL 1 39 1
FL 1 40 6
FL 1 41 48
FL 1 42 0
FL 1 43 32
FL 1 44 3
FL 1 48 275
FL 1 49 0
FL 1 50 2
FL 1 52 49
FL 1 53 54
FL 1 54 53
FL 1 55 15
FL 1 56 0
FL 1 57 9
FL 1 61 36
FL 1 64 58
FL 1 65 3
FL 1 67 56
FL 1 68 41
FL 1 69 4
FL 1 70 1
FL 1 71 3
FL 1 72 43
FL 1 73 9
FL 1 74 1
FL 1 77 22
FL 1 79 3
FL 1 81 42
FL 1 86 199
FL 2 6 66
FL 2 10 15
FL 2 11 69
FL 2 12 0
FL 2 13 0
FL 2 14 0
FL 2 15 116
FL 2 16 2
FL 2 17 0
FL 2 23 2
FL 2 27 70
FL 2 30 12
FL 2 31 37
FL 2 32 0
FL 2 37 32
FL 2 40 0
FL 2 41 18
FL 2 44 0
FL 2 48 2
FL 2 50 0
FL 2 52 19
FL 2 57 6
FL 2 60 1
FL 2 62 0
FL 2 64 44
FL 2 65 2
FL 2 68 57
FL 2 69 0
FL 2 70 0
FL 2 71 0
FL 2 76 23
FL 2 77 4
FL 2 78 0
FL 2 79 0
FL 2 81 12
FL 2 82 37
FL 4 1 0
FL 4 5 0
FL 4 6 33
FL 4 7 0
FL 4 8 8
FL 4 9 0
FL 4 17 0
FL 4 18 7
FL 4 21 0
FL 4 22 11
FL 4 24 34
FL 4 31 11
FL 4 33 0
FL 4 35 0
FL 4 36 0
FL 4 38 3
FL 4 39 0
FL 4 40 0
FL 4 42 0
FL 4 43 26
FL 4 49 0
FL 4 52 14
FL 4 53 9
FL 4 54 17
FL 4 56 0
FL 4 61 34
FL 4 67 18
FL 4 68 28
FL 4 72 21
FL 4 74 1
FL 4 77 2
FL 4 81 35
FL 5 1 0
FL 5 4 5
FL 5 6 5
FL 5 7 0
FL 5 8 4
FL 5 9 0
FL 5 10 7
FL 5 11 4
FL 5 12 0
FL 5 13 0
FL 5 14 0
FL 5 16 0
FL 5 17 0
FL 5 18 20
FL 5 19 28
FL 5 20 65
FL 5 21 0
FL 5 22 6
FL 5 23 0
FL 5 24 23
FL 5 25 7
FL 5 27 13
FL 5 30 8
FL 5 31 8
FL 5 33 0
FL 5 34 0
FL 5 35 0
FL 5 36 0
FL 5 37 29
FL 5 38 0
FL 5 39 0
FL 5 40 0
FL 5 42 0
FL 5 43 19
FL 5 44 0
FL 5 49 0
FL 5 50 0
FL 5 52 5
FL 5 53 15
FL 5 54 5
FL 5 55 0
FL 5 56 0
FL 5 57 0
FL 5 61 28
FL 5 64 3
FL 5 65 0
FL 5 67 7
FL 5 68 5
FL 5 69 0
FL 5 70 0
FL 5 71 0
FL 5 72 9
FL 5 73 0
FL 5 74 0
FL 5 77 1
FL 5 79 0
FL 5 81 6
FL 6 1 0
FL 6 2 42
FL 6 4 85
FL 6 5 0
FL 6 7 0
FL 6 8 18
FL 6 9 0
FL 6 10 41
FL 6 11 41
FL 6 12 0
FL 6 13 0
FL 6 14 0
FL 6 15 9
FL 6 17 0
FL 6 18 30
FL 6 19 26
FL 6 20 50
FL 6 21 0
FL 6 22 9
FL 6 23 0
FL 6 24 24
FL 6 25 6
FL 6 27 25
FL 6 30 12
FL 6 33 0
FL 6 34 0
FL 6 35 0
FL 6 36 0
FL 6 37 15
FL 6 38 0
FL 6 39 0
FL 6 42 0
FL 6 43 19
FL 6 44 0
FL 6 48 0
FL 6 50 0
FL 6 52 9
FL 6 53 33
FL 6 54 5
FL 6 56 0
FL 6 57 0
FL 6 64 16
FL 6 65 0
FL 6 67 16
FL 6 68 13
FL 6 69 0
FL 6 70 0
FL 6 71 0
FL 6 72 5
FL 6 73 0
FL 6 74 0
FL 6 77 0
FL 6 79 0
FL 6 81 16
FL 7 1 0
FL 7 4 30
FL 7 5 0
FL 7 6 15
FL 7 8 5
FL 7 9 0
FL 7 11 37
FL 7 12 0
FL 7 13 0
FL 7 14 1
FL 7 16 0
FL 7 17 0
FL 7 18 38
FL 7 19 10
FL 7 20 25
FL 7 21 0
FL 7 22 9
FL 7 23 0
FL 7 24 25
FL 7 25 6
FL 7 27 14
FL 7 30 8
FL 7 31 23
FL 7 33 0
FL 7 34 0
FL 7 35 0
FL 7 36 0
FL 7 38 0
FL 7 39 0
FL 7 40 0
FL 7 41 17
FL 7 42 0
FL 7 43 24
FL 7 44 235
FL 7 49 0
FL 7 52 20
FL 7 53 21
FL 7 54 14
FL 7 55 0
FL 7 56 0
FL 7 61 33
FL 7 67 23
FL 7 68 11
FL 7 69 228
FL 7 70 0
FL 7 71 0
FL 7 72 19
FL 7 73 0
FL 7 74 0
FL 7 77 0
FL 7 79 0
FL 7 81 5
FL 8 1 0
FL 8 4 41
FL 8 5 0
FL 8 6 18
FL 8 7 0
FL 8 9 0
FL 8 10 34
FL 8 11 10
FL 8 12 0
FL 8 13 0
FL 8 14 0
FL 8 15 41
FL 8 16 0
FL 8 17 0
FL 8 18 22
FL 8 19 23
FL 8 20 49
FL 8 21 0
FL 8 22 15
FL 8 23 0
FL 8 24 78
FL 8 25 30
FL 8 27 26
FL 8 30 23
FL 8 31 26
FL 8 32 0
FL 8 33 0
FL 8 34 0
FL 8 35 1
FL 8 36 0
FL 8 37 12
FL 8 38 2
FL 8 39 0
FL 8 40 0
FL 8 41 18
FL 8 42 0
FL 8 43 15
FL 8 44 0
FL 8 49 0
FL 8 50 0
FL 8 52 25
FL 8 53 17
FL 8 54 25
FL 8 55 0
FL 8 56 0
FL 8 57 2
FL 8 61 14
FL 8 64 31
FL 8 65 0
FL 8 67 10
FL 8 68 18
FL 8 69 0
FL 8 70 0
FL 8 71 0
FL 8 72 44
FL 8 74 1
FL 8 77 6
FL 8 79 0
FL 8 81 60
FL 8 82 57
FL 8 86 144
FL 9 1 0
FL 9 4 47
FL 9 5 0
FL 9 6 22
FL 9 7 0
FL 9 8 11
FL 9 10 43
FL 9 11 22
FL 9 12 0
FL 9 13 0
FL 9 17 0
FL 9 18 23
FL 9 20 36
FL 9 21 0
FL 9 22 21
FL 9 23 0
FL 9 24 12
FL 9 25 6
FL 9 27 19
FL 9 30 12
FL 9 31 50
FL 9 33 0
FL 9 34 0
FL 9 35 0
FL 9 36 0
FL 9 38 0
FL 9 39 0
FL 9 40 0
FL 9 41 9
FL 9 42 0
FL 9 43 47
FL 9 44 0
FL 9 49 0
FL 9 52 20
FL 9 53 16
FL 9 54 11
FL 9 56 0
FL 9 57 16
FL 9 61 25
FL 9 67 19
FL 9 68 20
FL 9 69 0
FL 9 71 0
FL 9 72 11
FL 9 74 0
FL 9 77 1
FL 9 79 0
FL 9 81 39
FL 9 86 112
FL 10 2 28
FL 10 5 0
FL 10 6 4
FL 10 8 8
FL 10 9 0
FL 10 12 0
FL 10 13 0
FL 10 14 0
FL 10 15 16
FL 10 18 17
FL 10 22 21
FL 10 27 24
FL 10 30 7
FL 10 31 26
FL 10 32 0
FL 10 33 0
FL 10 37 19
FL 10 40 0
FL 10 41 28
FL 10 44 0
FL 10 48 0
FL 10 50 0
FL 10 52 7
FL 10 53 26
FL 10 54 13
FL 10 56 0
FL 10 57 0
FL 10 60 0
FL 10 61 8
FL 10 62 0
FL 10 64 38
FL 10 65 0
FL 10 67 20
FL 10 68 17
FL 10 69 0
FL 10 70 0
FL 10 74 0
FL 10 76 28
FL 10 77 0
FL 10 79 0
FL 10 81 9
FL 10 82 66
FL 11 1 0
FL 11 2 37
FL 11 5 0
FL 11 6 14
FL 11 7 0
FL 11 8 12
FL 11 9 0
FL 11 12 0
FL 11 13 0
FL 11 14 0
FL 11 16 0
FL 11 17 0
FL 11 19 13
FL 11 20 19
FL 11 21 0
FL 11 23 0
FL 11 25 5
FL 11 27 7
FL 11 30 13
FL 11 32 0
FL 11 34 0
FL 11 37 10
FL 11 40 0
FL 11 41 22
FL 11 42 0
FL 11 52 14
FL 11 54 10
FL 11 55 0
FL 11 61 30
FL 11 65 0
FL 11 67 57
FL 11 68 28
FL 11 70 0
FL 11 71 0
FL 11 72 11
FL 11 73 0
FL 11 74 0
FL 11 77 0
FL 11 79 0
FL 11 81 8
FL 11 86 196
FL 12 1 0
FL 12 2 5
FL 12 5 0
FL 12 6 6
FL 12 7 0
FL 12 8 5
FL 12 9 0
FL 12 10 7
FL 12 11 8
FL 12 13 0
FL 12 14 0
FL 12 15 5
FL 12 16 0
FL 12 17 0
FL 12 18 12
FL 12 19 15
FL 12 22 14
FL 12 23 0
FL 12 24 36
FL 12 25 22
FL 12 27 28
FL 12 30 17
FL 12 31 5
FL 12 32 0
FL 12 33 0
FL 12 34 0
FL 12 35 0
FL 12 36 0
FL 12 37 39
FL 12 38 0
FL 12 39 0
FL 12 40 0
FL 12 41 5
FL 12 42 0
FL 12 43 31
FL 12 44 0
FL 12 48 0
FL 12 50 0
FL 12 52 5
FL 12 53 17
FL 12 54 5
FL 12 56 0
FL 12 57 0
FL 12 60 0
FL 12 61 36
FL 12 62 0
FL 12 64 8
FL 12 65 0
FL 12 67 11
FL 12 68 6
FL 12 69 0
FL 12 70 0
FL 12 72 5
FL 12 74 0
FL 12 76 41
FL 12 77 0
FL 12 79 0
FL 12 81 6
FL 12 82 7
FL 12 83 67
FL 13 1 498
FL 13 2 379
FL 13 5 28
FL 13 6 299
FL 13 7 22
FL 13 8 414
FL 13 9 845
FL 13 10 250
FL 13 11 298
FL 13 12 32
FL 13 14 21
FL 13 15 268
FL 13 16 27
FL 13 17 998
FL 13 18 358
FL 13 19 42
FL 13 20 28
FL 13 21 400
FL 13 22 328
FL 13 23 43
FL 13 25 315
FL 13 27 141
FL 13 30 84
FL 13 31 346
FL 13 32 18
FL 13 33 368
FL 13 34 573
FL 13 36 851
FL 13 37 49
FL 13 39 999
FL 13 40 35
FL 13 41 341
FL 13 42 999
FL 13 43 43
FL 13 44 27
FL 13 48 22
FL 13 49 998
FL 13 50 25
FL 13 52 324
FL 13 53 235
FL 13 54 279
FL 13 56 999
FL 13 57 17
FL 13 60 24
FL 13 61 168
FL 13 62 18
FL 13 64 282
FL 13 65 28
FL 13 67 282
FL 13 68 339
FL 13 69 27
FL 13 70 30
FL 13 71 21
FL 13 72 359
FL 13 74 850
FL 13 76 67
FL 13 77 25
FL 13 78 999
FL 13 79 31
FL 13 81 373
FL 13 82 304
FL 13 0 1000
FL 14 1 0
FL 14 2 4
FL 14 5 0
FL 14 6 6
FL 14 7 999
FL 14 8 6
FL 14 10 3
FL 14 11 4
FL 14 12 0
FL 14 13 0
FL 14 15 3
FL 14 16 0
FL 14 17 0
FL 14 19 18
FL 14 20 28
FL 14 21 0
FL 14 22 6
FL 14 23 0
FL 14 25 9
FL 14 27 10
FL 14 30 9
FL 14 31 4
FL 14 32 0
FL 14 34 0
FL 14 37 26
FL 14 40 0
FL 14 41 4
FL 14 44 0
FL 14 48 0
FL 14 50 0
FL 14 52 7
FL 14 54 4
FL 14 55 0
FL 14 57 0
FL 14 60 0
FL 14 62 0
FL 14 64 3
FL 14 65 0
FL 14 68 4
FL 14 69 244
FL 14 70 0
FL 14 71 0
FL 14 72 18
FL 14 74 0
FL 14 76 34
FL 14 77 0
FL 14 78 0
FL 14 79 0
FL 14 81 5
FL 14 82 4
FL 15 2 55
FL 15 6 23
FL 15 8 24
FL 15 10 24
FL 15 12 0
FL 15 13 0
FL 15 14 0
FL 15 16 0
FL 15 23 0
FL 15 27 23
FL 15 30 8
FL 15 31 14
FL 15 32 0
FL 15 37 13
FL 15 40 0
FL 15 41 19
FL 15 44 0
FL 15 48 0
FL 15 50 0
FL 15 52 18
FL 15 54 50
FL 15 57 0
FL 15 60 0
FL 15 62 0
FL 15 64 32
FL 15 65 0
FL 15 68 37
FL 15 69 0
FL 15 70 0
FL 15 71 0
FL 15 76 27
FL 15 77 0
FL 15 78 0
FL 15 79 0
FL 15 80 130
FL 15 81 22
FL 15 82 60
FL 15 83 53
FL 16 1 0
FL 16 2 8
FL 16 5 0
FL 16 7 0
FL 16 8 4
FL 16 11 4
FL 16 12 0
FL 16 13 0
FL 16 14 0
FL 16 15 3
FL 16 17 0
FL 16 19 18
FL 16 20 22
FL 16 21 0
FL 16 23 0
FL 16 25 10
FL 16 27 11
FL 16 30 29
FL 16 32 0
FL 16 34 0
FL 16 37 34
FL 16 40 0
FL 16 41 6
FL 16 42 0
FL 16 44 0
FL 16 48 0
FL 16 50 0
FL 16 52 6
FL 16 54 6
FL 16 55 0
FL 16 60 0
FL 16 62 0
FL 16 64 5
FL 16 65 0
FL 16 67 6
FL 16 68 6
FL 16 70 0
FL 16 71 0
FL 16 72 20
FL 16 73 0
FL 16 74 0
FL 16 76 44
FL 16 77 0
FL 16 78 0
FL 16 79 0
FL 16 80 134
FL 16 81 5
FL 16 82 17
FL 16 83 32
FL 17 1 0
FL 17 2 28
FL 17 4 36
FL 17 5 0
FL 17 6 22
FL 17 7 0
FL 17 8 37
FL 17 9 0
FL 17 11 36
FL 17 12 0
FL 17 13 0
FL 17 14 0
FL 17 16 0
FL 17 18 22
FL 17 19 44
FL 17 20 8
FL 17 21 0
FL 17 22 11
FL 17 23 0
FL 17 24 30
FL 17 25 27
FL 17 30 6
FL 17 31 19
FL 17 33 0
FL 17 34 0
FL 17 35 0
FL 17 36 0
FL 17 37 19
FL 17 38 0
FL 17 39 0
FL 17 40 0
FL 17 42 0
FL 17 43 13
FL 17 44 0
FL 17 49 0
FL 17 52 7
FL 17 53 26
FL 17 54 7
FL 17 55 0
FL 17 56 0
FL 17 57 0
FL 17 61 11
FL 17 65 0
FL 17 67 28
FL 17 68 17
FL 17 69 0
FL 17 70 0
FL 17 71 0
FL 17 72 16
FL 17 74 0
FL 17 77 0
FL 17 79 0
FL 17 81 19
FL 18 4 7
FL 18 10 51
FL 18 21 177
FL 18 22 14
FL 18 24 33
FL 18 25 12
FL 18 30 41
FL 18 35 0
FL 18 36 0
FL 18 40 0
FL 18 41 19
FL 18 53 22
FL 18 61 30
FL 18 69 283
FL 19 1 0
FL 19 12 0
FL 19 17 0
FL 19 21 0
FL 19 25 15
FL 19 27 18
FL 19 37 10
FL 19 42 0
FL 19 55 0
FL 19 70 0
FL 19 72 7
FL 19 78 0
FL 19 79 475
FL 20 37 16
FL 20 44 0
FL 20 70 0
FL 20 79 0
FL 21 1 0
FL 21 4 12
FL 21 5 0
FL 21 6 30
FL 21 7 0
FL 21 8 14
FL 21 9 0
FL 21 11 28
FL 21 13 0
FL 21 14 0
FL 21 16 0
FL 21 17 0
FL 21 18 54
FL 21 19 7
FL 21 20 47
FL 21 22 4
FL 21 23 0
FL 21 25 8
FL 21 27 35
FL 21 30 39
FL 21 31 31
FL 21 33 0
FL 21 34 0
FL 21 36 0
FL 21 37 36
FL 21 40 0
FL 21 41 41
FL 21 42 0
FL 21 44 0
FL 21 50 0
FL 21 52 12
FL 21 53 21
FL 21 54 29
FL 21 55 0
FL 21 64 14
FL 21 65 0
FL 21 67 57
FL 21 68 21
FL 21 70 0
FL 21 71 0
FL 21 72 21
FL 21 73 0
FL 21 74 0
FL 21 76 26
FL 21 77 0
FL 21 79 0
FL 21 81 44
FL 21 83 48
FL 22 4 40
FL 22 9 0
FL 22 10 22
FL 22 13 0
FL 22 14 0
FL 22 17 0
FL 22 18 20
FL 22 21 0
FL 22 24 45
FL 22 30 14
FL 22 35 0
FL 22 36 0
FL 22 38 0
FL 22 39 0
FL 22 40 0
FL 22 41 11
FL 22 42 0
FL 22 50 272
FL 22 52 14
FL 22 53 11
FL 22 56 0
FL 22 57 0
FL 22 61 25
FL 22 69 0
FL 22 70 0
FL 22 72 11
FL 22 74 0
FL 22 79 0
FL 23 1 0
FL 23 2 7
FL 23 5 0
FL 23 6 7
FL 23 7 0
FL 23 8 7
FL 23 9 0
FL 23 11 5
FL 23 12 0
FL 23 13 0
FL 23 14 0
FL 23 15 6
FL 23 16 0
FL 23 17 0
FL 23 18 11
FL 23 19 12
FL 23 20 25
FL 23 21 0
FL 23 22 9
FL 23 25 7
FL 23 27 9
FL 23 30 22
FL 23 31 6
FL 23 32 0
FL 23 33 0
FL 23 34 0
FL 23 37 34
FL 23 40 0
FL 23 41 8
FL 23 42 0
FL 23 43 9
FL 23 44 0
FL 23 48 0
FL 23 50 0
FL 23 52 6
FL 23 53 37
FL 23 54 9
FL 23 55 0
FL 23 56 0
FL 23 60 0
FL 23 61 48
FL 23 62 0
FL 23 64 9
FL 23 65 0
FL 23 67 5
FL 23 68 7
FL 23 70 0
FL 23 71 0
FL 23 72 13
FL 23 73 0
FL 23 74 0
FL 23 76 23
FL 23 77 0
FL 23 78 0
FL 23 79 0
FL 23 80 82
FL 23 81 5
FL 23 82 14
FL 23 83 45
FL 23 86 22
FL 24 77 13
FL 25 32 0
FL 25 43 127
FL 25 60 321
FL 25 61 47
FL 25 69 159
FL 27 9 0
FL 27 36 0
FL 27 50 0
FL 27 53 44
FL 27 62 0
FL 27 76 27
FL 27 78 0
FL 27 80 159
FL 27 83 39
FL 30 35 0
FL 30 38 0
FL 30 48 162
FL 30 57 0
FL 30 69 0
FL 30 73 0
FL 31 1 0
FL 31 2 35
FL 31 4 25
FL 31 5 0
FL 31 7 0
FL 31 8 15
FL 31 9 0
FL 31 10 17
FL 31 12 0
FL 31 13 0
FL 31 14 0
FL 31 15 35
FL 31 17 0
FL 31 18 23
FL 31 21 0
FL 31 22 11
FL 31 23 0
FL 31 24 63
FL 31 25 9
FL 31 27 26
FL 31 30 30
FL 31 33 0
FL 31 35 0
FL 31 36 0
FL 31 37 36
FL 31 38 0
FL 31 39 0
FL 31 42 0
FL 31 43 22
FL 31 44 0
FL 31 48 0
FL 31 50 0
FL 31 52 19
FL 31 53 14
FL 31 54 15
FL 31 56 0
FL 31 57 0
FL 31 64 30
FL 31 65 0
FL 31 67 22
FL 31 68 30
FL 31 69 0
FL 31 70 0
FL 31 72 15
FL 31 74 0
FL 31 77 5
FL 31 79 0
FL 31 81 9
FL 31 82 54
FL 32 2 4
FL 32 8 4
FL 32 10 4
FL 32 11 4
FL 32 12 0
FL 32 13 0
FL 32 14 0
FL 32 15 4
FL 32 16 0
FL 32 23 0
FL 32 25 6
FL 32 27 18
FL 32 30 10
FL 32 37 6
FL 32 44 0
FL 32 48 0
FL 32 50 0
FL 32 52 6
FL 32 54 5
FL 32 57 7
FL 32 60 0
FL 32 62 0
FL 32 64 6
FL 32 65 0
FL 32 68 8
FL 32 69 0
FL 32 70 0
FL 32 71 0
FL 32 76 27
FL 32 77 7
FL 32 78 0
FL 32 79 0
FL 32 81 5
FL 32 82 8
FL 32 83 25
FL 33 1 0
FL 33 4 25
FL 33 5 0
FL 33 6 14
FL 33 7 0
FL 33 8 9
FL 33 9 0
FL 33 10 39
FL 33 12 0
FL 33 13 0
FL 33 17 0
FL 33 18 28
FL 33 21 0
FL 33 22 14
FL 33 23 0
FL 33 24 25
FL 33 25 11
FL 33 27 7
FL 33 30 8
FL 33 31 19
FL 33 35 0
FL 33 36 0
FL 33 37 28
FL 33 38 0
FL 33 39 0
FL 33 40 0
FL 33 41 15
FL 33 42 0
FL 33 43 28
FL 33 44 0
FL 33 48 128
FL 33 49 0
FL 33 50 230
FL 33 52 9
FL 33 53 42
FL 33 54 35
FL 33 56 0
FL 33 57 12
FL 33 61 43
FL 33 64 17
FL 33 65 998
FL 33 67 22
FL 33 68 13
FL 33 69 0
FL 33 70 440
FL 33 72 12
FL 33 74 0
FL 33 77 2
FL 33 79 0
FL 33 81 13
FL 34 1 0
FL 34 5 0
FL 34 6 26
FL 34 7 0
FL 34 8 18
FL 34 9 0
FL 34 11 28
FL 34 12 0
FL 34 13 0
FL 34 14 0
FL 34 16 0
FL 34 17 0
FL 34 19 18
FL 34 20 44
FL 34 21 0
FL 34 23 0
FL 34 25 13
FL 34 27 10
FL 34 30 12
FL 34 40 0
FL 34 41 18
FL 34 42 0
FL 34 44 291
FL 34 52 14
FL 34 54 55
FL 34 55 0
FL 34 68 9
FL 34 70 0
FL 34 71 0
FL 34 72 24
FL 34 73 0
FL 34 74 0
FL 34 77 2
FL 34 79 0
FL 34 81 15
FL 35 1 0
FL 35 4 9
FL 35 5 0
FL 35 6 8
FL 35 7 0
FL 35 8 5
FL 35 9 0
FL 35 12 0
FL 35 17 0
FL 35 18 15
FL 35 22 8
FL 35 24 42
FL 35 30 19
FL 35 31 5
FL 35 33 0
FL 35 36 0
FL 35 38 3
FL 35 39 0
FL 35 40 0
FL 35 41 5
FL 35 42 0
FL 35 43 28
FL 35 49 0
FL 35 52 5
FL 35 53 12
FL 35 54 4
FL 35 56 0
FL 35 61 34
FL 35 67 5
FL 35 68 5
FL 35 74 1
FL 35 79 0
FL 35 81 3
FL 36 1 0
FL 36 4 41
FL 36 5 0
FL 36 6 36
FL 36 7 0
FL 36 8 11
FL 36 9 0
FL 36 12 0
FL 36 13 0
FL 36 17 0
FL 36 18 18
FL 36 21 0
FL 36 22 5
FL 36 24 45
FL 36 25 8
FL 36 27 31
FL 36 30 17
FL 36 31 16
FL 36 33 0
FL 36 35 0
FL 36 38 0
FL 36 39 0
FL 36 40 0
FL 36 41 14
FL 36 42 0
FL 36 43 13
FL 36 44 0
FL 36 49 0
FL 36 52 21
FL 36 53 26
FL 36 54 10
FL 36 56 0
FL 36 57 11
FL 36 61 35
FL 36 64 12
FL 36 67 23
FL 36 68 15
FL 36 69 0
FL 36 74 0
FL 36 77 3
FL 36 79 0
FL 36 81 14
FL 37 19 21
FL 37 20 28
FL 37 33 0
FL 38 1 0
FL 38 4 8
FL 38 5 0
FL 38 6 2
FL 38 7 0
FL 38 8 2
FL 38 9 0
FL 38 12 0
FL 38 17 0
FL 38 18 16
FL 38 22 25
FL 38 24 31
FL 38 30 17
FL 38 31 4
FL 38 33 0
FL 38 35 0
FL 38 36 0
FL 38 39 0
FL 38 40 1
FL 38 42 0
FL 38 43 35
FL 38 49 0
FL 38 52 4
FL 38 53 20
FL 38 54 4
FL 38 56 0
FL 38 61 35
FL 38 67 3
FL 38 68 5
FL 38 74 3
FL 38 77 155
FL 38 79 0
FL 39 40 999
FL 39 42 0
FL 40 1 0
FL 40 2 6
FL 40 4 10
FL 40 5 0
FL 40 7 0
FL 40 8 7
FL 40 9 0
FL 40 10 7
FL 40 11 7
FL 40 12 0
FL 40 13 0
FL 40 14 0
FL 40 15 8
FL 40 16 0
FL 40 17 0
FL 40 18 28
FL 40 19 29
FL 40 20 20
FL 40 21 0
FL 40 22 10
FL 40 23 0
FL 40 24 14
FL 40 25 4
FL 40 27 16
FL 40 30 10
FL 40 33 0
FL 40 34 0
FL 40 35 998
FL 40 36 0
FL 40 37 35
FL 40 38 510
FL 40 39 0
FL 40 42 0
FL 40 43 18
FL 40 44 0
FL 40 48 0
FL 40 50 0
FL 40 52 7
FL 40 53 7
FL 40 54 6
FL 40 56 0
FL 40 57 14
FL 40 60 0
FL 40 64 7
FL 40 65 0
FL 40 67 5
FL 40 68 8
FL 40 69 0
FL 40 70 0
FL 40 71 0
FL 40 72 22
FL 40 74 0
FL 40 76 52
FL 40 77 2
FL 40 79 0
FL 40 81 10
FL 40 82 9
FL 40 83 41
FL 41 1 0
FL 41 2 28
FL 41 7 0
FL 41 8 8
FL 41 9 0
FL 41 10 21
FL 41 11 39
FL 41 12 0
FL 41 13 0
FL 41 14 0
FL 41 15 71
FL 41 16 0
FL 41 18 19
FL 41 19 9
FL 41 20 35
FL 41 21 0
FL 41 22 14
FL 41 23 0
FL 41 24 57
FL 41 25 17
FL 41 27 14
FL 41 30 11
FL 41 33 0
FL 41 34 0
FL 41 35 0
FL 41 36 0
FL 41 37 24
FL 41 39 0
FL 41 42 0
FL 41 43 47
FL 41 44 0
FL 41 48 0
FL 41 50 0
FL 41 52 25
FL 41 53 13
FL 41 54 12
FL 41 56 0
FL 41 57 15
FL 41 60 0
FL 41 62 0
FL 41 64 51
FL 41 65 0
FL 41 68 6
FL 41 69 0
FL 41 70 0
FL 41 71 0
FL 41 72 21
FL 41 74 0
FL 41 76 68
FL 41 77 5
FL 41 78 0
FL 41 79 0
FL 41 81 9
FL 41 82 77
FL 41 83 63
FL 42 1 0
FL 42 4 30
FL 42 5 0
FL 42 6 22
FL 42 7 0
FL 42 8 6
FL 42 9 0
FL 42 11 12
FL 42 12 999
FL 42 13 0
FL 42 16 0
FL 42 17 0
FL 42 18 14
FL 42 19 30
FL 42 20 14
FL 42 21 0
FL 42 22 13
FL 42 23 0
FL 42 24 10
FL 42 25 12
FL 42 30 16
FL 42 31 26
FL 42 33 0
FL 42 34 0
FL 42 35 0
FL 42 36 0
FL 42 38 477
FL 42 39 0
FL 42 40 0
FL 42 41 19
FL 42 43 64
FL 42 49 0
FL 42 52 25
FL 42 53 12
FL 42 54 25
FL 42 55 0
FL 42 56 0
FL 42 61 25
FL 42 67 5
FL 42 68 15
FL 42 71 0
FL 42 72 6
FL 42 73 0
FL 42 74 0
FL 42 77 2
FL 42 79 0
FL 42 81 9
FL 42 86 40
FL 43 25 35
FL 43 69 104
FL 44 1 0
FL 44 2 6
FL 44 5 0
FL 44 6 5
FL 44 7 0
FL 44 8 7
FL 44 9 0
FL 44 10 4
FL 44 12 0
FL 44 13 0
FL 44 14 0
FL 44 15 8
FL 44 16 0
FL 44 17 0
FL 44 18 10
FL 44 20 10
FL 44 21 0
FL 44 22 22
FL 44 23 0
FL 44 25 5
FL 44 27 21
FL 44 30 15
FL 44 31 5
FL 44 32 0
FL 44 33 0
FL 44 34 446
FL 44 36 0
FL 44 37 28
FL 44 40 0
FL 44 41 4
FL 44 43 52
FL 44 48 0
FL 44 50 0
FL 44 52 7
FL 44 53 8
FL 44 54 4
FL 44 55 486
FL 44 57 12
FL 44 60 0
FL 44 61 16
FL 44 62 0
FL 44 64 6
FL 44 65 0
FL 44 68 6
FL 44 69 0
FL 44 70 0
FL 44 71 0
FL 44 72 17
FL 44 74 0
FL 44 76 31
FL 44 77 1
FL 44 79 0
FL 44 81 6
FL 44 82 7
FL 48 1 135
FL 48 2 4
FL 48 6 5
FL 48 10 7
FL 48 12 0
FL 48 13 0
FL 48 14 0
FL 48 15 5
FL 48 16 0
FL 48 23 0
FL 48 27 6
FL 48 30 11
FL 48 31 4
FL 48 32 0
FL 48 33 0
FL 48 37 26
FL 48 40 0
FL 48 41 5
FL 48 44 0
FL 48 50 0
FL 48 52 6
FL 48 54 5
FL 48 57 12
FL 48 60 0
FL 48 62 0
FL 48 64 8
FL 48 65 0
FL 48 68 6
FL 48 69 0
FL 48 70 0
FL 48 71 0
FL 48 76 56
FL 48 78 1
FL 48 79 1
FL 48 80 89
FL 48 81 5
FL 48 82 7
FL 49 1 1
FL 49 4 27
FL 49 5 1
FL 49 7 0
FL 49 8 11
FL 49 9 0
FL 49 13 0
FL 49 17 0
FL 49 18 14
FL 49 22 20
FL 49 24 28
FL 49 30 17
FL 49 33 0
FL 49 35 0
FL 49 36 0
FL 49 38 0
FL 49 39 0
FL 49 42 0
FL 49 43 10
FL 49 52 16
FL 49 53 14
FL 49 54 28
FL 49 56 0
FL 49 67 18
FL 49 68 8
FL 49 74 2
FL 49 77 1
FL 49 79 0
FL 50 1 218
FL 50 2 5
FL 50 5 0
FL 50 6 6
FL 50 8 5
FL 50 10 8
FL 50 12 0
FL 50 13 0
FL 50 14 0
FL 50 15 7
FL 50 16 497
FL 50 21 0
FL 50 22 15
FL 50 23 0
FL 50 25 18
FL 50 27 16
FL 50 30 17
FL 50 31 6
FL 50 32 0
FL 50 33 446
FL 50 37 14
FL 50 40 0
FL 50 41 8
FL 50 44 0
FL 50 48 176
FL 50 52 5
FL 50 54 8
FL 50 57 17
FL 50 60 341
FL 50 62 310
FL 50 64 6
FL 50 65 1
FL 50 68 7
FL 50 69 1
FL 50 70 1
FL 50 71 999
FL 50 72 10
FL 50 76 22
FL 50 77 6
FL 50 78 2
FL 50 79 1
FL 50 81 9
FL 50 82 6
FL 50 83 34
FL 52 1 1
FL 52 2 40
FL 52 4 37
FL 52 5 1
FL 52 6 14
FL 52 7 1
FL 52 8 12
FL 52 9 1
FL 52 10 50
FL 52 11 25
FL 52 12 1
FL 52 13 1
FL 52 14 1
FL 52 15 23
FL 52 16 1
FL 52 17 1
FL 52 18 14
FL 52 19 16
FL 52 20 71
FL 52 21 1
FL 52 22 8
FL 52 23 1
FL 52 24 16
FL 52 25 17
FL 52 27 12
FL 52 30 21
FL 52 31 13
FL 52 32 1
FL 52 33 1
FL 52 34 1
FL 52 35 1
FL 52 36 1
FL 52 37 27
FL 52 38 1
FL 52 39 1
FL 52 40 1
FL 52 41 33
FL 52 42 1
FL 52 43 63
FL 52 44 1
FL 52 48 1
FL 52 49 1
FL 52 50 1
FL 52 53 15
FL 52 54 9
FL 52 55 1
FL 52 56 1
FL 52 57 9
FL 52 60 1
FL 52 61 59
FL 52 64 35
FL 52 65 1
FL 52 67 17
FL 52 68 20
FL 52 69 1
FL 52 70 1
FL 52 71 1
FL 52 72 30
FL 52 73 1
FL 52 74 2
FL 52 77 3
FL 52 79 0
FL 52 81 28
FL 52 83 68
FL 53 21 214
FL 53 27 13
FL 53 57 13
FL 54 1 0
FL 54 4 17
FL 54 5 0
FL 54 6 22
FL 54 7 0
FL 54 8 31
FL 54 9 0
FL 54 10 20
FL 54 11 9
FL 54 12 0
FL 54 13 0
FL 54 14 0
FL 54 15 13
FL 54 16 0
FL 54 17 0
FL 54 18 9
FL 54 19 13
FL 54 20 32
FL 54 21 0
FL 54 22 35
FL 54 23 0
FL 54 24 43
FL 54 25 14
FL 54 27 23
FL 54 30 11
FL 54 31 8
FL 54 32 0
FL 54 33 0
FL 54 34 0
FL 54 35 0
FL 54 36 0
FL 54 37 19
FL 54 38 0
FL 54 39 0
FL 54 40 0
FL 54 41 15
FL 54 42 0
FL 54 43 32
FL 54 44 0
FL 54 48 0
FL 54 49 0
FL 54 50 0
FL 54 52 12
FL 54 53 15
FL 54 55 0
FL 54 56 0
FL 54 57 7
FL 54 60 0
FL 54 61 26
FL 54 64 18
FL 54 65 0
FL 54 67 35
FL 54 68 15
FL 54 69 0
FL 54 70 0
FL 54 71 0
FL 54 72 20
FL 54 74 1
FL 54 77 2
FL 54 79 0
FL 54 81 15
FL 55 1 0
FL 55 5 0
FL 55 7 0
FL 55 8 4
FL 55 11 4
FL 55 14 0
FL 55 16 1
FL 55 17 0
FL 55 19 10
FL 55 20 26
FL 55 21 0
FL 55 23 0
FL 55 25 11
FL 55 27 30
FL 55 30 15
FL 55 34 0
FL 55 37 19
FL 55 42 0
FL 55 44 452
FL 55 52 4
FL 55 54 4
FL 55 62 253
FL 55 64 5
FL 55 65 0
FL 55 67 2
FL 55 68 4
FL 55 70 0
FL 55 71 0
FL 55 72 6
FL 55 73 1
FL 55 74 1
FL 55 76 39
FL 55 77 9
FL 55 78 0
FL 55 79 544
FL 55 81 4
FL 56 1 0
FL 56 4 28
FL 56 5 0
FL 56 6 41
FL 56 7 0
FL 56 8 29
FL 56 9 0
FL 56 10 35
FL 56 12 0
FL 56 13 0
FL 56 17 0
FL 56 18 12
FL 56 22 12
FL 56 23 0
FL 56 24 9
FL 56 30 14
FL 56 31 28
FL 56 33 0
FL 56 35 0
FL 56 36 0
FL 56 38 0
FL 56 39 0
FL 56 40 0
FL 56 41 21
FL 56 42 0
FL 56 43 33
FL 56 49 0
FL 56 52 21
FL 56 53 8
FL 56 54 38
FL 56 61 26
FL 56 67 35
FL 56 68 24
FL 56 74 1
FL 56 79 0
FL 56 81 15
FL 57 9 160
FL 57 17 0
FL 57 36 154
FL 57 53 35
FL 57 62 68
FL 57 69 0
FL 57 74 153
FL 57 77 30
FL 60 2 7
FL 60 10 6
FL 60 12 0
FL 60 13 0
FL 60 14 0
FL 60 15 5
FL 60 16 0
FL 60 23 0
FL 60 25 10
FL 60 27 30
FL 60 32 0
FL 60 37 25
FL 60 40 0
FL 60 41 6
FL 60 44 0
FL 60 48 0
FL 60 50 0
FL 60 52 5
FL 60 54 4
FL 60 57 16
FL 60 62 0
FL 60 64 6
FL 60 65 0
FL 60 68 6
FL 60 69 0
FL 60 70 0
FL 60 71 0
FL 60 76 37
FL 60 78 0
FL 60 80 41
FL 60 81 6
FL 60 82 6
FL 60 83 51
FL 61 25 112
FL 62 2 8
FL 62 10 7
FL 62 12 0
FL 62 13 0
FL 62 14 0
FL 62 15 6
FL 62 16 0
FL 62 23 0
FL 62 27 23
FL 62 32 0
FL 62 37 33
FL 62 41 6
FL 62 44 0
FL 62 48 0
FL 62 50 0
FL 62 55 0
FL 62 57 7
FL 62 60 0
FL 62 64 8
FL 62 65 0
FL 62 69 0
FL 62 70 0
FL 62 71 0
FL 62 76 49
FL 62 78 0
FL 62 80 94
FL 62 82 9
FL 64 1 0
FL 64 2 73
FL 64 5 0
FL 64 6 23
FL 64 8 11
FL 64 10 27
FL 64 12 0
FL 64 13 0
FL 64 14 0
FL 64 15 21
FL 64 16 0
FL 64 20 24
FL 64 21 0
FL 64 22 17
FL 64 23 0
FL 64 25 7
FL 64 27 11
FL 64 30 10
FL 64 31 27
FL 64 32 0
FL 64 33 0
FL 64 36 0
FL 64 37 9
FL 64 40 0
FL 64 41 23
FL 64 44 0
FL 64 48 0
FL 64 50 0
FL 64 52 26
FL 64 54 19
FL 64 55 0
FL 64 57 13
FL 64 60 0
FL 64 62 0
FL 64 65 0
FL 64 68 11
FL 64 69 0
FL 64 70 0
FL 64 71 0
FL 64 72 8
FL 64 74 1
FL 64 76 19
FL 64 77 3
FL 64 79 0
FL 64 81 7
FL 64 82 93
FL 64 83 87
FL 65 1 158
FL 65 2 5
FL 65 5 0
FL 65 6 6
FL 65 8 6
FL 65 10 6
FL 65 11 6
FL 65 12 0
FL 65 13 0
FL 65 14 0
FL 65 15 7
FL 65 16 0
FL 65 17 0
FL 65 21 0
FL 65 22 22
FL 65 23 0
FL 65 25 7
FL 65 27 14
FL 65 30 26
FL 65 31 6
FL 65 32 0
FL 65 33 0
FL 65 37 26
FL 65 40 0
FL 65 41 5
FL 65 44 0
FL 65 48 0
FL 65 50 0
FL 65 52 5
FL 65 54 5
FL 65 55 0
FL 65 57 2
FL 65 60 0
FL 65 62 0
FL 65 64 9
FL 65 68 4
FL 65 69 0
FL 65 70 0
FL 65 71 0
FL 65 72 25
FL 65 74 1
FL 65 76 26
FL 65 77 4
FL 65 78 0
FL 65 79 0
FL 65 81 6
FL 65 82 8
FL 65 83 81
FL 67 1 0
FL 67 4 19
FL 67 5 0
FL 67 6 38
FL 67 7 0
FL 67 8 4
FL 67 9 0
FL 67 10 50
FL 67 11 22
FL 67 12 0
FL 67 13 0
FL 67 16 0
FL 67 17 0
FL 67 18 17
FL 67 19 9
FL 67 20 41
FL 67 21 0
FL 67 22 18
FL 67 23 0
FL 67 24 54
FL 67 25 3
FL 67 30 8
FL 67 31 8
FL 67 33 0
FL 67 35 0
FL 67 36 0
FL 67 38 0
FL 67 39 0
FL 67 40 0
FL 67 42 0
FL 67 43 28
FL 67 49 0
FL 67 52 27
FL 67 53 9
FL 67 54 41
FL 67 55 0
FL 67 56 0
FL 67 61 16
FL 67 68 23
FL 67 72 10
FL 67 73 0
FL 67 74 1
FL 67 77 8
FL 67 79 0
FL 67 81 20
FL 68 1 0
FL 68 2 21
FL 68 4 10
FL 68 5 0
FL 68 6 16
FL 68 7 0
FL 68 8 21
FL 68 9 0
FL 68 10 18
FL 68 11 28
FL 68 12 0
FL 68 13 0
FL 68 14 0
FL 68 15 29
FL 68 16 0
FL 68 17 0
FL 68 18 29
FL 68 19 28
FL 68 20 48
FL 68 21 0
FL 68 22 14
FL 68 23 0
FL 68 24 15
FL 68 25 14
FL 68 27 16
FL 68 30 23
FL 68 31 25
FL 68 32 0
FL 68 33 0
FL 68 34 0
FL 68 35 0
FL 68 36 0
FL 68 37 9
FL 68 38 0
FL 68 39 0
FL 68 40 0
FL 68 41 27
FL 68 42 0
FL 68 43 16
FL 68 44 0
FL 68 48 0
FL 68 49 0
FL 68 50 0
FL 68 52 48
FL 68 53 34
FL 68 54 39
FL 68 55 0
FL 68 56 0
FL 68 57 9
FL 68 60 0
FL 68 61 38
FL 68 64 18
FL 68 65 0
FL 68 67 38
FL 68 69 0
FL 68 70 0
FL 68 71 0
FL 68 72 5
FL 68 74 1
FL 68 77 2
FL 68 79 0
FL 68 81 18
FL 69 1 0
FL 69 2 5
FL 69 5 0
FL 69 6 8
FL 69 7 1
FL 69 8 5
FL 69 9 0
FL 69 10 5
FL 69 12 0
FL 69 13 0
FL 69 14 0
FL 69 15 8
FL 69 17 0
FL 69 18 15
FL 69 22 16
FL 69 25 42
FL 69 27 22
FL 69 30 11
FL 69 31 7
FL 69 32 0
FL 69 33 0
FL 69 36 0
FL 69 37 37
FL 69 40 0
FL 69 41 6
FL 69 43 42
FL 69 44 0
FL 69 48 0
FL 69 50 0
FL 69 52 7
FL 69 53 14
FL 69 54 5
FL 69 57 10
FL 69 60 0
FL 69 62 0
FL 69 64 6
FL 69 65 0
FL 69 68 3
FL 69 70 0
FL 69 74 1
FL 69 77 2
FL 69 79 0
FL 69 81 5
FL 69 82 11
FL 70 1 0
FL 70 2 7
FL 70 5 0
FL 70 6 7
FL 70 7 0
FL 70 8 6
FL 70 10 6
FL 70 11 13
FL 70 12 0
FL 70 13 0
FL 70 14 0
FL 70 15 6
FL 70 16 0
FL 70 17 0
FL 70 19 7
FL 70 20 43
FL 70 21 0
FL 70 22 7
FL 70 23 0
FL 70 25 32
FL 70 27 6
FL 70 30 11
FL 70 31 13
FL 70 32 0
FL 70 33 179
FL 70 34 0
FL 70 37 17
FL 70 40 0
FL 70 41 7
FL 70 44 0
FL 70 48 0
FL 70 50 0
FL 70 52 6
FL 70 54 6
FL 70 55 0
FL 70 57 3
FL 70 60 0
FL 70 62 0
FL 70 64 9
FL 70 65 0
FL 70 68 5
FL 70 69 0
FL 70 71 0
FL 70 72 13
FL 70 74 1
FL 70 76 63
FL 70 77 4
FL 70 78 0
FL 70 79 0
FL 70 81 7
FL 70 82 10
FL 71 1 0
FL 71 2 7
FL 71 5 0
FL 71 6 4
FL 71 7 0
FL 71 8 5
FL 71 9 0
FL 71 11 6
FL 71 13 0
FL 71 14 0
FL 71 15 8
FL 71 16 0
FL 71 17 0
FL 71 19 8
FL 71 20 25
FL 71 21 0
FL 71 23 0
FL 71 25 5
FL 71 27 8
FL 71 30 6
FL 71 32 0
FL 71 34 0
FL 71 37 7
FL 71 40 0
FL 71 41 7
FL 71 42 0
FL 71 44 0
FL 71 48 0
FL 71 50 0
FL 71 52 4
FL 71 54 7
FL 71 55 0
FL 71 60 0
FL 71 62 0
FL 71 64 5
FL 71 65 0
FL 71 68 6
FL 71 70 0
FL 71 72 33
FL 71 73 0
FL 71 74 1
FL 71 76 27
FL 71 77 2
FL 71 78 0
FL 71 79 0
FL 71 81 5
FL 71 83 53
FL 72 9 0
FL 72 12 0
FL 72 13 0
FL 72 14 0
FL 72 21 222
FL 72 22 171
FL 72 25 8
FL 72 31 10
FL 72 33 0
FL 72 34 0
FL 72 41 31
FL 72 42 0
FL 72 44 0
FL 72 50 0
FL 72 55 0
FL 72 70 0
FL 72 73 0
FL 72 76 56
FL 72 79 0
FL 72 86 131
FL 73 1 0
FL 73 5 998
FL 73 6 6
FL 73 7 0
FL 73 11 4
FL 73 16 1
FL 73 19 8
FL 73 20 43
FL 73 21 0
FL 73 23 998
FL 73 25 16
FL 73 30 175
FL 73 34 0
FL 73 42 0
FL 73 52 4
FL 73 55 0
FL 73 67 3
FL 73 71 0
FL 73 72 18
FL 73 74 1
FL 73 77 2
FL 74 57 23
FL 74 64 39
FL 74 65 0
FL 74 69 0
FL 74 73 999
FL 76 77 2
FL 77 15 8
FL 77 24 33
FL 77 38 29
FL 77 57 154
FL 77 69 0
FL 77 76 26
FL 78 2 11
FL 78 13 0
FL 78 14 999
FL 78 15 11
FL 78 16 523
FL 78 19 483
FL 78 23 0
FL 78 27 13
FL 78 32 999
FL 78 41 8
FL 78 48 275
FL 78 50 500
FL 78 55 532
FL 78 60 354
FL 78 62 389
FL 78 65 0
FL 78 70 579
FL 78 71 0
FL 78 76 6
FL 78 80 129
FL 78 83 46
FL 79 1 0
FL 79 2 5
FL 79 5 0
FL 79 6 6
FL 79 7 0
FL 79 8 5
FL 79 9 0
FL 79 10 7
FL 79 11 8
FL 79 12 0
FL 79 13 0
FL 79 14 0
FL 79 15 6
FL 79 16 0
FL 79 17 0
FL 79 18 28
FL 79 19 7
FL 79 20 11
FL 79 21 0
FL 79 22 23
FL 79 23 0
FL 79 24 28
FL 79 25 17
FL 79 27 28
FL 79 30 19
FL 79 31 4
FL 79 32 0
FL 79 33 0
FL 79 34 0
FL 79 35 0
FL 79 36 0
FL 79 37 76
FL 79 38 0
FL 79 39 0
FL 79 40 0
FL 79 41 6
FL 79 42 0
FL 79 43 18
FL 79 44 0
FL 79 48 0
FL 79 49 0
FL 79 50 0
FL 79 52 5
FL 79 53 26
FL 79 54 5
FL 79 55 0
FL 79 56 0
FL 79 57 2
FL 79 61 27
FL 79 64 10
FL 79 65 0
FL 79 67 8
FL 79 68 6
FL 79 69 0
FL 79 70 0
FL 79 71 0
FL 79 72 10
FL 79 74 1
FL 79 77 8
FL 79 81 5
FL 80 16 0
FL 80 27 20
FL 80 60 0
FL 80 62 0
FL 80 76 23
FL 80 78 0
FL 80 83 46
FL 81 1 0
FL 81 2 21
FL 81 4 46
FL 81 5 0
FL 81 6 16
FL 81 7 0
FL 81 8 11
FL 81 9 0
FL 81 10 48
FL 81 11 37
FL 81 12 0
FL 81 13 0
FL 81 14 0
FL 81 15 47
FL 81 16 0
FL 81 17 0
FL 81 18 13
FL 81 19 10
FL 81 20 22
FL 81 21 0
FL 81 22 16
FL 81 23 0
FL 81 24 62
FL 81 25 13
FL 81 27 20
FL 81 30 15
FL 81 31 24
FL 81 32 0
FL 81 33 0
FL 81 34 0
FL 81 35 0
FL 81 36 0
FL 81 37 18
FL 81 40 0
FL 81 41 14
FL 81 42 0
FL 81 43 24
FL 81 44 0
FL 81 48 0
FL 81 50 0
FL 81 52 22
FL 81 53 46
FL 81 54 19
FL 81 55 0
FL 81 56 0
FL 81 57 4
FL 81 60 1
FL 81 61 31
FL 81 64 24
FL 81 65 0
FL 81 67 16
FL 81 68 33
FL 81 69 0
FL 81 70 0
FL 81 71 0
FL 81 72 12
FL 81 74 1
FL 81 77 3
FL 81 79 0
FL 81 82 29
FL 82 2 20
FL 82 8 18
FL 82 10 59
FL 82 12 0
FL 82 13 0
FL 82 14 0
FL 82 15 51
FL 82 16 0
FL 82 23 0
FL 82 31 14
FL 82 32 0
FL 82 37 23
FL 82 40 0
FL 82 41 38
FL 82 44 0
FL 82 48 1
FL 82 50 0
FL 82 57 4
FL 82 60 1
FL 82 62 0
FL 82 64 31
FL 82 65 0
FL 82 69 0
FL 82 70 0
FL 82 76 31
FL 82 81 10
FL 82 83 72
FL 83 21 0
FL 83 52 18
FL 86 1 0
FL 86 8 32
FL 86 9 0
FL 86 11 24
FL 86 23 2
FL 86 25 34
FL 86 42 0
FL 86 72 13
FL 86 77 6
FU 0 40 2
FU 0 82 91
FU 0 5 2
FU 0 62 6
FU 0 6 66
FU 0 70 5
FU 0 41 47
FU 0 64 76
FU 0 52 67
FU 0 68 40
FU 0 67 93
FU 0 44 6
FU 0 55 6
FU 0 42 2
FU 0 48 7
FU 0 81 51
FU 0 54 46
FU 0 60 4
FU 0 36 3
FU 0 1 3
FU 0 71 3
FU 0 21 3
FU 0 34 3
FU 0 86 166
FU 0 50 3
FU 0 32 2
FU 0 69 12
FU 0 10 42
FU 0 16 3
FU 0 38 23
FU 0 8 50
FU 0 15 134
FU 0 14 2
FU 0 33 2
FU 0 2 73
FU 0 49 2
FU 0 56 2
FU 0 65 2
FU 0 35 3
FU 0 73 2
FU 0 7 4
FU 0 78 2
FU 0 31 59
FU 0 17 2
FU 0 12 2
FU 0 9 2
FU 0 7 4
FU 0 11 124
FU 0 4 192
FU 0 79 3
FU 0 23 2
FU 0 3 1000
FU 0 18 42
FU 0 19 9
FU 0 20 53
FU 0 22 33
FU 0 24 61
FU 0 25 15
FU 0 26 1000
FU 0 27 31
FU 0 28 1000
FU 0 29 1000
FU 0 30 30
FU 0 37 35
FU 0 39 2
FU 0 43 16
FU 0 45 1000
FU 0 46 1000
FU 0 47 1000
FU 0 51 1000
FU 0 53 25
FU 0 57 16
FU 0 58 1000
FU 0 59 1000
FU 0 61 19
FU 0 63 1000
FU 0 66 1000
FU 0 72 31
FU 0 74 3
FU 0 75 1000
FU 0 76 21
FU 0 77 19
FU 0 80 158
FU 0 83 65
FU 0 84 1000
FU 0 85 1000
FU 0 87 1000
FU 0 88 1000
FU 0 89 1000
FU 0 90 1000
FU 1 4 152
FU 1 5 0
FU 1 6 37
FU 1 7 0
FU 1 8 48
FU 1 9 0
FU 1 11 43
FU 1 12 0
FU 1 13 0
FU 1 14 0
FU 1 16 2
FU 1 17 0
FU 1 18 12
FU 1 19 36
FU 1 20 41
FU 1 21 0
FU 1 22 21
FU 1 23 0
FU 1 24 36
FU 1 25 25
FU 1 27 68
FU 1 30 25
FU 1 31 44
FU 1 33 0
FU 1 34 0
FU 1 35 0
FU 1 36 0
FU 1 37 23
FU 1 38 8
FU 1 39 1
FU 1 40 0
FU 1 41 40
FU 1 42 0
FU 1 43 32
FU 1 44 6
FU 1 48 261
FU 1 49 0
FU 1 50 0
FU 1 52 38
FU 1 53 48
FU 1 54 64
FU 1 55 6
FU 1 56 0
FU 1 57 8
FU 1 61 45
FU 1 64 51
FU 1 65 0
FU 1 67 53
FU 1 68 36
FU 1 69 1
FU 1 70 1
FU 1 71 0
FU 1 72 44
FU 1 73 0
FU 1 74 1
FU 1 77 20
FU 1 79 1
FU 1 81 38
FU 1 86 205
FU 2 6 55
FU 2 10 10
FU 2 11 58
FU 2 12 0
FU 2 13 0
FU 2 14 0
FU 2 15 102
FU 2 16 0
FU 2 17 0
FU 2 23 0
FU 2 27 62
FU 2 30 8
FU 2 31 26
FU 2 32 0
FU 2 37 36
FU 2 40 0
FU 2 41 16
FU 2 44 0
FU 2 48 9
FU 2 50 0
FU 2 52 14
FU 2 57 27
FU 2 60 0
FU 2 62 0
FU 2 64 33
FU 2 65 0
FU 2 68 47
FU 2 69 0
FU 2 70 0
FU 2 71 0
FU 2 76 17
FU 2 77 6
FU 2 78 0
FU 2 79 0
FU 2 81 21
FU 2 82 31
FU 4 1 0
FU 4 5 0
FU 4 6 35
FU 4 7 0
FU 4 8 5
FU 4 9 0
FU 4 17 0
FU 4 18 13
FU 4 21 0
FU 4 22 19
FU 4 24 53
FU 4 31 7
FU 4 33 0
FU 4 35 0
FU 4 36 0
FU 4 38 3
FU 4 39 0
FU 4 40 0
FU 4 42 0
FU 4 43 31
FU 4 49 0
FU 4 52 8
FU 4 53 11
FU 4 54 17
FU 4 56 0
FU 4 61 38
FU 4 67 28
FU 4 68 24
FU 4 72 18
FU 4 74 0
FU 4 77 2
FU 4 81 31
FU 5 1 0
FU 5 4 5
FU 5 6 3
FU 5 7 0
FU 5 8 1
FU 5 9 0
FU 5 10 4
FU 5 11 4
FU 5 12 0
FU 5 13 0
FU 5 14 0
FU 5 16 0
FU 5 17 0
FU 5 18 21
FU 5 19 32
FU 5 20 63
FU 5 21 0
FU 5 22 2
FU 5 23 0
FU 5 24 19
FU 5 25 9
FU 5 27 10
FU 5 30 7
FU 5 31 9
FU 5 33 0
FU 5 34 0
FU 5 35 0
FU 5 36 0
FU 5 37 29
FU 5 38 0
FU 5 39 0
FU 5 40 0
FU 5 42 0
FU 5 43 13
FU 5 44 0
FU 5 49 0
FU 5 50 0
FU 5 52 3
FU 5 53 15
FU 5 54 5
FU 5 55 0
FU 5 56 0
FU 5 57 0
FU 5 61 26
FU 5 64 9
FU 5 65 0
FU 5 67 15
FU 5 68 3
FU 5 69 0
FU 5 70 0
FU 5 71 0
FU 5 72 6
FU 5 73 0
FU 5 74 0
FU 5 77 0
FU 5 79 0
FU 5 81 3
FU 6 1 0
FU 6 2 35
FU 6 4 80
FU 6 5 0
FU 6 7 0
FU 6 8 23
FU 6 9 0
FU 6 10 34
FU 6 11 35
FU 6 12 0
FU 6 13 0
FU 6 14 0
FU 6 15 23
FU 6 17 0
FU 6 18 36
FU 6 19 27
FU 6 20 48
FU 6 21 0
FU 6 22 4
FU 6 23 0
FU 6 24 19
FU 6 25 2
FU 6 27 22
FU 6 30 20
FU 6 33 0
FU 6 34 0
FU 6 35 0
FU 6 36 0
FU 6 37 16
FU 6 38 0
FU 6 39 0
FU 6 42 0
FU 6 43 21
FU 6 44 0
FU 6 48 0
FU 6 50 0
FU 6 52 12
FU 6 53 30
FU 6 54 0
FU 6 56 0
FU 6 57 0
FU 6 64 15
FU 6 65 0
FU 6 67 18
FU 6 68 13
FU 6 69 0
FU 6 70 0
FU 6 71 0
FU 6 72 2
FU 6 73 0
FU 6 74 0
FU 6 77 0
FU 6 79 0
FU 6 81 13
FU 7 1 0
FU 7 4 35
FU 7 5 0
FU 7 6 11
FU 7 8 4
FU 7 9 0
FU 7 11 34
FU 7 12 0
FU 7 13 0
FU 7 14 0
FU 7 16 0
FU 7 17 0
FU 7 18 39
FU 7 19 8
FU 7 20 20
FU 7 21 0
FU 7 22 11
FU 7 23 0
FU 7 24 22
FU 7 25 6
FU 7 27 12
FU 7 30 8
FU 7 31 33
FU 7 33 0
FU 7 34 0
FU 7 35 0
FU 7 36 0
FU 7 38 0
FU 7 39 0
FU 7 40 0
FU 7 41 13
FU 7 42 0
FU 7 43 19
FU 7 44 242
FU 7 49 0
FU 7 52 24
FU 7 53 19
FU 7 54 13
FU 7 55 0
FU 7 56 0
FU 7 61 36
FU 7 67 16
FU 7 68 10
FU 7 69 210
FU 7 70 0
FU 7 71 0
FU 7 72 16
FU 7 73 0
FU 7 74 0
FU 7 77 0
FU 7 79 0
FU 7 81 7
FU 8 1 0
FU 8 4 31
FU 8 5 0
FU 8 6 29
FU 8 7 0
FU 8 9 0
FU 8 10 36
FU 8 11 18
FU 8 12 0
FU 8 13 0
FU 8 14 0
FU 8 15 51
FU 8 16 0
FU 8 17 0
FU 8 18 16
FU 8 19 23
FU 8 20 62
FU 8 21 0
FU 8 22 18
FU 8 23 0
FU 8 24 71
FU 8 25 33
FU 8 27 29
FU 8 30 20
FU 8 31 24
FU 8 32 0
FU 8 33 0
FU 8 34 0
FU 8 35 0
FU 8 36 0
FU 8 37 13
FU 8 38 0
FU 8 39 0
FU 8 40 0
FU 8 41 10
FU 8 42 0
FU 8 43 16
FU 8 44 0
FU 8 49 0
FU 8 50 0
FU 8 52 22
FU 8 53 15
FU 8 54 29
FU 8 55 0
FU 8 56 0
FU 8 57 1
FU 8 61 11
FU 8 64 39
FU 8 65 0
FU 8 67 9
FU 8 68 22
FU 8 69 0
FU 8 70 0
FU 8 71 0
FU 8 72 41
FU 8 74 0
FU 8 77 6
FU 8 79 0
FU 8 81 53
FU 8 82 57
FU 8 86 147
FU 9 1 0
FU 9 4 50
FU 9 5 0
FU 9 6 24
FU 9 7 0
FU 9 8 10
FU 9 10 43
FU 9 11 31
FU 9 12 0
FU 9 13 0
FU 9 17 0
FU 9 18 30
FU 9 20 31
FU 9 21 0
FU 9 22 14
FU 9 23 0
FU 9 24 11
FU 9 25 7
FU 9 27 25
FU 9 30 6
FU 9 31 41
FU 9 33 0
FU 9 34 0
FU 9 35 0
FU 9 36 0
FU 9 38 0
FU 9 39 0
FU 9 40 0
FU 9 41 7
FU 9 42 0
FU 9 43 45
FU 9 44 0
FU 9 49 0
FU 9 52 15
FU 9 53 23
FU 9 54 13
FU 9 56 0
FU 9 57 3
FU 9 61 19
FU 9 67 15
FU 9 68 22
FU 9 69 0
FU 9 71 0
FU 9 72 15
FU 9 74 0
FU 9 77 1
FU 9 79 0
FU 9 81 32
FU 9 86 113
FU 10 2 34
FU 10 5 0
FU 10 6 13
FU 10 8 16
FU 10 9 0
FU 10 12 0
FU 10 13 0
FU 10 14 0
FU 10 15 18
FU 10 18 16
FU 10 22 23
FU 10 27 19
FU 10 30 12
FU 10 31 42
FU 10 32 0
FU 10 33 0
FU 10 37 16
FU 10 40 0
FU 10 41 28
FU 10 44 0
FU 10 48 0
FU 10 50 0
FU 10 52 4
FU 10 53 24
FU 10 54 16
FU 10 56 0
FU 10 57 0
FU 10 60 0
FU 10 61 16
FU 10 62 0
FU 10 64 29
FU 10 65 0
FU 10 67 19
FU 10 68 13
FU 10 69 0
FU 10 70 0
FU 10 74 0
FU 10 76 22
FU 10 77 0
FU 10 79 0
FU 10 81 1
FU 10 82 63
FU 11 1 0
FU 11 2 30
FU 11 5 0
FU 11 6 15
FU 11 7 0
FU 11 8 10
FU 11 9 0
FU 11 12 0
FU 11 13 0
FU 11 14 0
FU 11 16 0
FU 11 17 0
FU 11 19 14
FU 11 20 20
FU 11 21 0
FU 11 23 0
FU 11 25 4
FU 11 27 10
FU 11 30 17
FU 11 32 0
FU 11 34 0
FU 11 37 11
FU 11 40 0
FU 11 41 30
FU 11 42 0
FU 11 52 11
FU 11 54 7
FU 11 55 0
FU 11 61 23
FU 11 65 0
FU 11 67 52
FU 11 68 18
FU 11 70 0
FU 11 71 0
FU 11 72 17
FU 11 73 0
FU 11 74 0
FU 11 77 0
FU 11 79 0
FU 11 81 10
FU 11 86 170
FU 12 1 0
FU 12 2 16
FU 12 5 0
FU 12 6 5
FU 12 7 0
FU 12 8 5
FU 12 9 0
FU 12 10 18
FU 12 11 8
FU 12 13 0
FU 12 14 0
FU 12 15 4
FU 12 16 0
FU 12 17 0
FU 12 18 16
FU 12 19 10
FU 12 22 15
FU 12 23 0
FU 12 24 32
FU 12 25 19
FU 12 27 22
FU 12 30 16
FU 12 31 8
FU 12 32 0
FU 12 33 0
FU 12 34 0
FU 12 35 0
FU 12 36 0
FU 12 37 36
FU 12 38 0
FU 12 39 0
FU 12 40 0
FU 12 41 6
FU 12 42 0
FU 12 43 26
FU 12 44 0
FU 12 48 0
FU 12 50 0
FU 12 52 7
FU 12 53 22
FU 12 54 3
FU 12 56 0
FU 12 57 0
FU 12 60 0
FU 12 61 48
FU 12 62 0
FU 12 64 5
FU 12 65 0
FU 12 67 16
FU 12 68 5
FU 12 69 0
FU 12 70 0
FU 12 72 2
FU 12 74 0
FU 12 76 33
FU 12 77 0
FU 12 79 0
FU 12 81 6
FU 12 82 4
FU 12 83 74
FU 13 1 502
FU 13 2 381
FU 13 5 2
FU 13 6 300
FU 13 7 0
FU 13 8 423
FU 13 9 842
FU 13 10 253
FU 13 11 289
FU 13 12 5
FU 13 14 1
FU 13 15 265
FU 13 16 14
FU 13 17 998
FU 13 18 357
FU 13 19 45
FU 13 20 21
FU 13 21 432
FU 13 22 303
FU 13 23 4
FU 13 25 320
FU 13 27 145
FU 13 30 69
FU 13 31 346
FU 13 32 6
FU 13 33 383
FU 13 34 601
FU 13 36 846
FU 13 37 57
FU 13 39 997
FU 13 40 10
FU 13 41 335
FU 13 42 998
FU 13 43 51
FU 13 44 17
FU 13 48 21
FU 13 49 998
FU 13 50 13
FU 13 52 312
FU 13 53 239
FU 13 54 274
FU 13 56 998
FU 13 57 26
FU 13 60 11
FU 13 61 174
FU 13 62 14
FU 13 64 279
FU 13 65 2
FU 13 67 286
FU 13 68 339
FU 13 69 20
FU 13 70 19
FU 13 71 6
FU 13 72 358
FU 13 74 837
FU 13 76 70
FU 13 77 13
FU 13 78 998
FU 13 79 22
FU 13 81 374
FU 13 82 316
FU 13 0 1000
FU 14 1 0
FU 14 2 2
FU 14 5 0
FU 14 6 10
FU 14 7 998
FU 14 8 3
FU 14 10 2
FU 14 11 4
FU 14 12 0
FU 14 13 0
FU 14 15 4
FU 14 16 0
FU 14 17 0
FU 14 19 19
FU 14 20 27
FU 14 21 0
FU 14 22 6
FU 14 23 0
FU 14 25 8
FU 14 27 12
FU 14 30 8
FU 14 31 6
FU 14 32 0
FU 14 34 0
FU 14 37 25
FU 14 40 0
FU 14 41 4
FU 14 44 0
FU 14 48 0
FU 14 50 0
FU 14 52 16
FU 14 54 6
FU 14 55 0
FU 14 57 0
FU 14 60 0
FU 14 62 0
FU 14 64 2
FU 14 65 0
FU 14 68 4
FU 14 69 226
FU 14 70 0
FU 14 71 0
FU 14 72 13
FU 14 74 0
FU 14 76 33
FU 14 77 0
FU 14 78 0
FU 14 79 0
FU 14 81 4
FU 14 82 2
FU 15 2 59
FU 15 6 27
FU 15 8 25
FU 15 10 21
FU 15 12 0
FU 15 13 0
FU 15 14 0
FU 15 16 0
FU 15 23 0
FU 15 27 30
FU 15 30 4
FU 15 31 16
FU 15 32 0
FU 15 37 10
FU 15 40 0
FU 15 41 21
FU 15 44 0
FU 15 48 0
FU 15 50 0
FU 15 52 40
FU 15 54 44
FU 15 57 0
FU 15 60 0
FU 15 62 0
FU 15 64 31
FU 15 65 0
FU 15 68 41
FU 15 69 0
FU 15 70 0
FU 15 71 0
FU 15 76 25
FU 15 77 0
FU 15 78 0
FU 15 79 0
FU 15 80 131
FU 15 81 21
FU 15 82 66
FU 15 83 47
FU 16 1 0
FU 16 2 9
FU 16 5 0
FU 16 7 0
FU 16 8 2
FU 16 11 5
FU 16 12 0
FU 16 13 0
FU 16 14 0
FU 16 15 7
FU 16 17 0
FU 16 19 13
FU 16 20 24
FU 16 21 0
FU 16 23 0
FU 16 25 5
FU 16 27 7
FU 16 30 22
FU 16 32 0
FU 16 34 0
FU 16 37 34
FU 16 40 0
FU 16 41 7
FU 16 42 0
FU 16 44 0
FU 16 48 0
FU 16 50 0
FU 16 52 10
FU 16 54 12
FU 16 55 0
FU 16 60 0
FU 16 62 0
FU 16 64 6
FU 16 65 0
FU 16 67 10
FU 16 68 8
FU 16 70 0
FU 16 71 0
FU 16 72 36
FU 16 73 0
FU 16 74 0
FU 16 76 41
FU 16 77 0
FU 16 78 0
FU 16 79 0
FU 16 80 134
FU 16 81 2
FU 16 82 14
FU 16 83 27
FU 17 1 0
FU 17 2 24
FU 17 4 46
FU 17 5 0
FU 17 6 19
FU 17 7 0
FU 17 8 31
FU 17 9 0
FU 17 11 35
FU 17 12 0
FU 17 13 0
FU 17 14 0
FU 17 16 0
FU 17 18 16
FU 17 19 42
FU 17 20 13
FU 17 21 0
FU 17 22 5
FU 17 23 0
FU 17 24 28
FU 17 25 23
FU 17 30 7
FU 17 31 25
FU 17 33 0
FU 17 34 0
FU 17 35 0
FU 17 36 0
FU 17 37 21
FU 17 38 0
FU 17 39 0
FU 17 40 0
FU 17 42 0
FU 17 43 9
FU 17 44 0
FU 17 49 0
FU 17 52 5
FU 17 53 25
FU 17 54 13
FU 17 55 0
FU 17 56 0
FU 17 57 0
FU 17 61 12
FU 17 65 0
FU 17 67 36
FU 17 68 10
FU 17 69 0
FU 17 70 0
FU 17 71 0
FU 17 72 17
FU 17 74 0
FU 17 77 0
FU 17 79 0
FU 17 81 23
FU 18 4 14
FU 18 10 60
FU 18 21 186
FU 18 22 20
FU 18 24 31
FU 18 25 5
FU 18 30 39
FU 18 35 0
FU 18 36 0
FU 18 40 0
FU 18 41 14
FU 18 53 19
FU 18 61 27
FU 18 69 274
FU 19 1 0
FU 19 12 0
FU 19 17 0
FU 19 21 0
FU 19 25 13
FU 19 27 13
FU 19 37 12
FU 19 42 0
FU 19 55 0
FU 19 70 0
FU 19 72 8
FU 19 78 0
FU 19 79 449
FU 20 37 14
FU 20 44 0
FU 20 70 0
FU 20 79 0
FU 21 1 0
FU 21 4 11
FU 21 5 0
FU 21 6 31
FU 21 7 0
FU 21 8 12
FU 21 9 0
FU 21 11 35
FU 21 13 0
FU 21 14 0
FU 21 16 0
FU 21 17 0
FU 21 18 39
FU 21 19 10
FU 21 20 49
FU 21 22 1
FU 21 23 0
FU 21 25 5
FU 21 27 29
FU 21 30 37
FU 21 31 38
FU 21 33 0
FU 21 34 0
FU 21 36 0
FU 21 37 39
FU 21 40 0
FU 21 41 35
FU 21 42 0
FU 21 44 0
FU 21 50 0
FU 21 52 16
FU 21 53 29
FU 21 54 27
FU 21 55 0
FU 21 64 28
FU 21 65 0
FU 21 67 52
FU 21 68 17
FU 21 70 0
FU 21 71 0
FU 21 72 17
FU 21 73 0
FU 21 74 0
FU 21 76 30
FU 21 77 0
FU 21 79 0
FU 21 81 32
FU 21 83 39
FU 22 4 38
FU 22 9 0
FU 22 10 20
FU 22 13 0
FU 22 14 0
FU 22 17 0
FU 22 18 20
FU 22 21 0
FU 22 24 44
FU 22 30 12
FU 22 35 0
FU 22 36 0
FU 22 38 0
FU 22 39 0
FU 22 40 0
FU 22 41 12
FU 22 42 0
FU 22 50 302
FU 22 52 12
FU 22 53 6
FU 22 56 0
FU 22 57 0
FU 22 61 30
FU 22 69 0
FU 22 70 0
FU 22 72 16
FU 22 74 0
FU 22 79 0
FU 23 1 0
FU 23 2 8
FU 23 5 0
FU 23 6 12
FU 23 7 0
FU 23 8 7
FU 23 9 0
FU 23 11 3
FU 23 12 0
FU 23 13 0
FU 23 14 0
FU 23 15 4
FU 23 16 0
FU 23 17 0
FU 23 18 11
FU 23 19 14
FU 23 20 20
FU 23 21 0
FU 23 22 14
FU 23 25 4
FU 23 27 11
FU 23 30 19
FU 23 31 13
FU 23 32 0
FU 23 33 0
FU 23 34 0
FU 23 37 32
FU 23 40 0
FU 23 41 10
FU 23 42 0
FU 23 43 4
FU 23 44 0
FU 23 48 0
FU 23 50 0
FU 23 52 3
FU 23 53 40
FU 23 54 12
FU 23 55 0
FU 23 56 0
FU 23 60 0
FU 23 61 45
FU 23 62 0
FU 23 64 12
FU 23 65 0
FU 23 67 7
FU 23 68 14
FU 23 70 0
FU 23 71 0
FU 23 72 7
FU 23 73 0
FU 23 74 0
FU 23 76 20
FU 23 77 0
FU 23 78 0
FU 23 79 0
FU 23 80 96
FU 23 81 4
FU 23 82 20
FU 23 83 44
FU 23 86 34
FU 24 77 186
FU 25 32 0
FU 25 43 132
FU 25 60 303
FU 25 61 41
FU 25 69 156
FU 27 9 0
FU 27 36 0
FU 27 50 0
FU 27 53 45
FU 27 62 0
FU 27 76 32
FU 27 78 0
FU 27 80 148
FU 27 83 37
FU 30 35 0
FU 30 38 0
FU 30 48 156
FU 30 57 0
FU 30 69 0
FU 30 73 0
FU 31 1 0
FU 31 2 37
FU 31 4 25
FU 31 5 0
FU 31 7 0
FU 31 8 19
FU 31 9 0
FU 31 10 15
FU 31 12 0
FU 31 13 0
FU 31 14 0
FU 31 15 39
FU 31 17 0
FU 31 18 21
FU 31 21 0
FU 31 22 7
FU 31 23 0
FU 31 24 67
FU 31 25 5
FU 31 27 20
FU 31 30 41
FU 31 33 0
FU 31 35 0
FU 31 36 0
FU 31 37 42
FU 31 38 0
FU 31 39 0
FU 31 42 0
FU 31 43 22
FU 31 44 0
FU 31 48 0
FU 31 50 0
FU 31 52 25
FU 31 53 12
FU 31 54 15
FU 31 56 0
FU 31 57 0
FU 31 64 23
FU 31 65 0
FU 31 67 21
FU 31 68 21
FU 31 69 0
FU 31 70 0
FU 31 72 18
FU 31 74 0
FU 31 77 83
FU 31 79 0
FU 31 81 8
FU 31 82 63
FU 32 2 3
FU 32 8 4
FU 32 10 3
FU 32 11 4
FU 32 12 0
FU 32 13 0
FU 32 14 0
FU 32 15 7
FU 32 16 0
FU 32 23 0
FU 32 25 5
FU 32 27 13
FU 32 30 9
FU 32 37 8
FU 32 44 0
FU 32 48 0
FU 32 50 0
FU 32 52 2
FU 32 54 2
FU 32 57 7
FU 32 60 0
FU 32 62 0
FU 32 64 4
FU 32 65 0
FU 32 68 5
FU 32 69 0
FU 32 70 0
FU 32 71 0
FU 32 76 24
FU 32 77 158
FU 32 78 0
FU 32 79 0
FU 32 81 6
FU 32 82 13
FU 32 83 43
FU 33 1 0
FU 33 4 22
FU 33 5 0
FU 33 6 11
FU 33 7 0
FU 33 8 16
FU 33 9 0
FU 33 10 38
FU 33 12 0
FU 33 13 0
FU 33 17 0
FU 33 18 30
FU 33 21 0
FU 33 22 17
FU 33 23 0
FU 33 24 27
FU 33 25 7
FU 33 27 9
FU 33 30 9
FU 33 31 21
FU 33 35 0
FU 33 36 0
FU 33 37 26
FU 33 38 0
FU 33 39 0
FU 33 40 0
FU 33 41 11
FU 33 42 0
FU 33 43 28
FU 33 44 0
FU 33 48 147
FU 33 49 0
FU 33 50 182
FU 33 52 6
FU 33 53 37
FU 33 54 26
FU 33 56 0
FU 33 57 42
FU 33 61 50
FU 33 64 19
FU 33 65 996
FU 33 67 26
FU 33 68 10
FU 33 69 0
FU 33 70 400
FU 33 72 11
FU 33 74 0
FU 33 77 1
FU 33 79 0
FU 33 81 11
FU 34 1 0
FU 34 5 0
FU 34 6 23
FU 34 7 0
FU 34 8 14
FU 34 9 0
FU 34 11 24
FU 34 12 0
FU 34 13 0
FU 34 14 0
FU 34 16 0
FU 34 17 0
FU 34 19 9
FU 34 20 40
FU 34 21 0
FU 34 23 0
FU 34 25 14
FU 34 27 9
FU 34 30 19
FU 34 40 0
FU 34 41 22
FU 34 42 0
FU 34 44 292
FU 34 52 7
FU 34 54 58
FU 34 55 0
FU 34 68 19
FU 34 70 0
FU 34 71 0
FU 34 72 27
FU 34 73 0
FU 34 74 0
FU 34 77 0
FU 34 79 0
FU 34 81 13
FU 35 1 0
FU 35 4 5
FU 35 5 0
FU 35 6 14
FU 35 7 0
FU 35 8 0
FU 35 9 0
FU 35 12 0
FU 35 17 0
FU 35 18 22
FU 35 22 7
FU 35 24 46
FU 35 30 22
FU 35 31 9
FU 35 33 0
FU 35 36 0
FU 35 38 8
FU 35 39 0
FU 35 40 0
FU 35 41 5
FU 35 42 0
FU 35 43 36
FU 35 49 0
FU 35 52 12
FU 35 53 16
FU 35 54 2
FU 35 56 0
FU 35 61 34
FU 35 67 9
FU 35 68 4
FU 35 74 0
FU 35 79 0
FU 35 81 3
FU 36 1 0
FU 36 4 35
FU 36 5 0
FU 36 6 36
FU 36 7 0
FU 36 8 19
FU 36 9 0
FU 36 12 0
FU 36 13 0
FU 36 17 0
FU 36 18 18
FU 36 21 0
FU 36 22 7
FU 36 24 42
FU 36 25 3
FU 36 27 30
FU 36 30 20
FU 36 31 9
FU 36 33 0
FU 36 35 0
FU 36 38 0
FU 36 39 0
FU 36 40 0
FU 36 41 27
FU 36 42 0
FU 36 43 11
FU 36 44 0
FU 36 49 0
FU 36 52 17
FU 36 53 23
FU 36 54 8
FU 36 56 0
FU 36 57 45
FU 36 61 28
FU 36 64 20
FU 36 67 27
FU 36 68 11
FU 36 69 0
FU 36 74 0
FU 36 77 21
FU 36 79 0
FU 36 81 11
FU 37 19 17
FU 37 20 36
FU 37 33 0
FU 38 1 0
FU 38 4 7
FU 38 5 0
FU 38 6 0
FU 38 7 0
FU 38 8 1
FU 38 9 0
FU 38 12 0
FU 38 17 0
FU 38 18 13
FU 38 22 43
FU 38 24 28
FU 38 30 14
FU 38 31 4
FU 38 33 0
FU 38 35 0
FU 38 36 0
FU 38 39 0
FU 38 40 1
FU 38 42 0
FU 38 43 31
FU 38 49 0
FU 38 52 1
FU 38 53 19
FU 38 54 3
FU 38 56 0
FU 38 61 35
FU 38 67 2
FU 38 68 1
FU 38 74 0
FU 38 77 150
FU 38 79 0
FU 39 40 987
FU 39 42 0
FU 40 1 0
FU 40 2 4
FU 40 4 6
FU 40 5 0
FU 40 7 0
FU 40 8 4
FU 40 9 0
FU 40 10 10
FU 40 11 5
FU 40 12 0
FU 40 13 0
FU 40 14 0
FU 40 15 7
FU 40 16 0
FU 40 17 0
FU 40 18 29
FU 40 19 26
FU 40 20 18
FU 40 21 0
FU 40 22 10
FU 40 23 0
FU 40 24 7
FU 40 25 1
FU 40 27 13
FU 40 30 12
FU 40 33 0
FU 40 34 0
FU 40 35 997
FU 40 36 0
FU 40 37 30
FU 40 38 510
FU 40 39 0
FU 40 42 0
FU 40 43 17
FU 40 44 0
FU 40 48 0
FU 40 50 0
FU 40 52 5
FU 40 53 12
FU 40 54 5
FU 40 56 0
FU 40 57 73
FU 40 60 0
FU 40 64 5
FU 40 65 0
FU 40 67 4
FU 40 68 14
FU 40 69 0
FU 40 70 0
FU 40 71 0
FU 40 72 13
FU 40 74 0
FU 40 76 50
FU 40 77 1
FU 40 79 0
FU 40 81 18
FU 40 82 14
FU 40 83 31
FU 41 1 0
FU 41 2 33
FU 41 7 0
FU 41 8 23
FU 41 9 0
FU 41 10 17
FU 41 11 33
FU 41 12 0
FU 41 13 0
FU 41 14 0
FU 41 15 63
FU 41 16 0
FU 41 18 18
FU 41 19 6
FU 41 20 40
FU 41 21 0
FU 41 22 14
FU 41 23 0
FU 41 24 60
FU 41 25 13
FU 41 27 13
FU 41 30 17
FU 41 33 0
FU 41 34 0
FU 41 35 0
FU 41 36 0
FU 41 37 29
FU 41 39 0
FU 41 42 0
FU 41 43 43
FU 41 44 0
FU 41 48 0
FU 41 50 0
FU 41 52 19
FU 41 53 9
FU 41 54 11
FU 41 56 0
FU 41 57 54
FU 41 60 0
FU 41 62 0
FU 41 64 49
FU 41 65 0
FU 41 68 4
FU 41 69 0
FU 41 70 0
FU 41 71 0
FU 41 72 23
FU 41 74 0
FU 41 76 76
FU 41 77 78
FU 41 78 0
FU 41 79 0
FU 41 81 14
FU 41 82 63
FU 41 83 65
FU 42 1 0
FU 42 4 43
FU 42 5 0
FU 42 6 20
FU 42 7 0
FU 42 8 11
FU 42 9 0
FU 42 11 10
FU 42 12 993
FU 42 13 0
FU 42 16 0
FU 42 17 0
FU 42 18 12
FU 42 19 34
FU 42 20 11
FU 42 21 0
FU 42 22 13
FU 42 23 0
FU 42 24 14
FU 42 25 8
FU 42 30 16
FU 42 31 20
FU 42 33 0
FU 42 34 0
FU 42 35 0
FU 42 36 0
FU 42 38 440
FU 42 39 0
FU 42 40 0
FU 42 41 17
FU 42 43 71
FU 42 49 0
FU 42 52 24
FU 42 53 11
FU 42 54 20
FU 42 55 0
FU 42 56 0
FU 42 61 22
FU 42 67 10
FU 42 68 24
FU 42 71 0
FU 42 72 11
FU 42 73 0
FU 42 74 0
FU 42 77 2
FU 42 79 0
FU 42 81 9
FU 42 86 36
FU 43 25 60
FU 43 69 101
FU 44 1 0
FU 44 2 5
FU 44 5 0
FU 44 6 9
FU 44 7 0
FU 44 8 3
FU 44 9 0
FU 44 10 11
FU 44 12 0
FU 44 13 0
FU 44 14 0
FU 44 15 6
FU 44 16 0
FU 44 17 0
FU 44 18 6
FU 44 20 8
FU 44 21 0
FU 44 22 19
FU 44 23 0
FU 44 25 3
FU 44 27 23
FU 44 30 17
FU 44 31 1
FU 44 32 0
FU 44 33 0
FU 44 34 396
FU 44 36 0
FU 44 37 26
FU 44 40 0
FU 44 41 8
FU 44 43 49
FU 44 48 0
FU 44 50 0
FU 44 52 6
FU 44 53 16
FU 44 54 6
FU 44 55 427
FU 44 57 11
FU 44 60 0
FU 44 61 26
FU 44 62 0
FU 44 64 4
FU 44 65 0
FU 44 68 3
FU 44 69 0
FU 44 70 0
FU 44 71 0
FU 44 72 27
FU 44 74 0
FU 44 76 35
FU 44 77 15
FU 44 79 0
FU 44 81 6
FU 44 82 11
FU 48 1 138
FU 48 2 1
FU 48 6 6
FU 48 10 5
FU 48 12 0
FU 48 13 0
FU 48 14 0
FU 48 15 19
FU 48 16 0
FU 48 23 0
FU 48 27 15
FU 48 30 10
FU 48 31 2
FU 48 32 0
FU 48 33 0
FU 48 37 19
FU 48 40 0
FU 48 41 4
FU 48 44 0
FU 48 50 0
FU 48 52 3
FU 48 54 6
FU 48 57 48
FU 48 60 0
FU 48 62 0
FU 48 64 8
FU 48 65 0
FU 48 68 3
FU 48 69 0
FU 48 70 0
FU 48 71 0
FU 48 76 50
FU 48 78 0
FU 48 79 0
FU 48 80 86
FU 48 81 9
FU 48 82 5
FU 49 1 0
FU 49 4 64
FU 49 5 0
FU 49 7 0
FU 49 8 8
FU 49 9 0
FU 49 13 0
FU 49 17 0
FU 49 18 16
FU 49 22 18
FU 49 24 37
FU 49 30 14
FU 49 33 0
FU 49 35 0
FU 49 36 0
FU 49 38 0
FU 49 39 0
FU 49 42 0
FU 49 43 11
FU 49 52 6
FU 49 53 9
FU 49 54 24
FU 49 56 0
FU 49 67 32
FU 49 68 7
FU 49 74 0
FU 49 77 0
FU 49 79 0
FU 50 1 230
FU 50 2 6
FU 50 5 0
FU 50 6 6
FU 50 8 6
FU 50 10 22
FU 50 12 0
FU 50 13 0
FU 50 14 0
FU 50 15 11
FU 50 16 477
FU 50 21 0
FU 50 22 10
FU 50 23 0
FU 50 25 34
FU 50 27 15
FU 50 30 16
FU 50 31 5
FU 50 32 0
FU 50 33 449
FU 50 37 13
FU 50 40 0
FU 50 41 7
FU 50 44 0
FU 50 48 150
FU 50 52 3
FU 50 54 12
FU 50 57 112
FU 50 60 309
FU 50 62 296
FU 50 64 10
FU 50 65 0
FU 50 68 11
FU 50 69 0
FU 50 70 0
FU 50 71 991
FU 50 72 13
FU 50 76 20
FU 50 77 97
FU 50 78 0
FU 50 79 0
FU 50 81 13
FU 50 82 5
FU 50 83 25
FU 52 1 0
FU 52 2 45
FU 52 4 32
FU 52 5 0
FU 52 6 19
FU 52 7 0
FU 52 8 7
FU 52 9 0
FU 52 10 46
FU 52 11 21
FU 52 12 0
FU 52 13 0
FU 52 14 0
FU 52 15 16
FU 52 16 0
FU 52 17 0
FU 52 18 14
FU 52 19 21
FU 52 20 64
FU 52 21 0
FU 52 22 21
FU 52 23 0
FU 52 24 12
FU 52 25 14
FU 52 27 16
FU 52 30 14
FU 52 31 8
FU 52 32 0
FU 52 33 0
FU 52 34 0
FU 52 35 0
FU 52 36 0
FU 52 37 22
FU 52 38 0
FU 52 39 0
FU 52 40 0
FU 52 41 30
FU 52 42 0
FU 52 43 59
FU 52 44 0
FU 52 48 0
FU 52 49 0
FU 52 50 0
FU 52 53 16
FU 52 54 17
FU 52 55 0
FU 52 56 0
FU 52 57 70
FU 52 60 0
FU 52 61 50
FU 52 64 31
FU 52 65 0
FU 52 67 12
FU 52 68 25
FU 52 69 0
FU 52 70 0
FU 52 71 0
FU 52 72 23
FU 52 73 0
FU 52 74 0
FU 52 77 1
FU 52 79 0
FU 52 81 21
FU 52 83 61
FU 53 21 183
FU 53 27 11
FU 53 57 17
FU 54 1 0
FU 54 4 11
FU 54 5 0
FU 54 6 14
FU 54 7 0
FU 54 8 33
FU 54 9 0
FU 54 10 12
FU 54 11 16
FU 54 12 0
FU 54 13 0
FU 54 14 0
FU 54 15 13
FU 54 16 0
FU 54 17 0
FU 54 18 7
FU 54 19 12
FU 54 20 29
FU 54 21 0
FU 54 22 28
FU 54 23 0
FU 54 24 43
FU 54 25 21
FU 54 27 26
FU 54 30 8
FU 54 31 8
FU 54 32 0
FU 54 33 0
FU 54 34 0
FU 54 35 0
FU 54 36 0
FU 54 37 16
FU 54 38 0
FU 54 39 0
FU 54 40 0
FU 54 41 15
FU 54 42 0
FU 54 43 29
FU 54 44 0
FU 54 48 0
FU 54 49 0
FU 54 50 0
FU 54 52 9
FU 54 53 19
FU 54 55 0
FU 54 56 0
FU 54 57 4
FU 54 60 0
FU 54 61 21
FU 54 64 22
FU 54 65 0
FU 54 67 39
FU 54 68 32
FU 54 69 0
FU 54 70 0
FU 54 71 0
FU 54 72 15
FU 54 74 0
FU 54 77 5
FU 54 79 0
FU 54 81 16
FU 55 1 0
FU 55 5 0
FU 55 7 0
FU 55 8 1
FU 55 11 1
FU 55 14 0
FU 55 16 1
FU 55 17 0
FU 55 19 9
FU 55 20 24
FU 55 21 0
FU 55 23 0
FU 55 25 9
FU 55 27 26
FU 55 30 14
FU 55 34 0
FU 55 37 20
FU 55 42 0
FU 55 44 437
FU 55 52 3
FU 55 54 3
FU 55 62 245
FU 55 64 8
FU 55 65 0
FU 55 67 8
FU 55 68 1
FU 55 70 0
FU 55 71 0
FU 55 72 6
FU 55 73 0
FU 55 74 0
FU 55 76 42
FU 55 77 21
FU 55 78 0
FU 55 79 525
FU 55 81 6
FU 56 1 0
FU 56 4 25
FU 56 5 0
FU 56 6 29
FU 56 7 0
FU 56 8 23
FU 56 9 0
FU 56 10 41
FU 56 12 0
FU 56 13 0
FU 56 17 0
FU 56 18 15
FU 56 22 10
FU 56 23 0
FU 56 24 13
FU 56 30 11
FU 56 31 21
FU 56 33 0
FU 56 35 0
FU 56 36 0
FU 56 38 0
FU 56 39 0
FU 56 40 0
FU 56 41 30
FU 56 42 0
FU 56 43 32
FU 56 49 0
FU 56 52 31
FU 56 53 10
FU 56 54 36
FU 56 61 24
FU 56 67 30
FU 56 68 12
FU 56 74 0
FU 56 79 0
FU 56 81 13
FU 57 9 156
FU 57 17 0
FU 57 36 151
FU 57 53 41
FU 57 62 57
FU 57 69 0
FU 57 74 159
FU 57 77 13
FU 60 2 10
FU 60 10 5
FU 60 12 0
FU 60 13 0
FU 60 14 0
FU 60 15 4
FU 60 16 0
FU 60 23 0
FU 60 25 10
FU 60 27 29
FU 60 32 0
FU 60 37 21
FU 60 40 0
FU 60 41 7
FU 60 44 0
FU 60 48 0
FU 60 50 0
FU 60 52 19
FU 60 54 3
FU 60 57 79
FU 60 62 0
FU 60 64 7
FU 60 65 0
FU 60 68 3
FU 60 69 0
FU 60 70 0
FU 60 71 0
FU 60 76 38
FU 60 78 0
FU 60 80 43
FU 60 81 5
FU 60 82 3
FU 60 83 44
FU 61 25 95
FU 62 2 6
FU 62 10 11
FU 62 12 0
FU 62 13 0
FU 62 14 0
FU 62 15 3
FU 62 16 0
FU 62 23 0
FU 62 27 21
FU 62 32 0
FU 62 37 33
FU 62 41 6
FU 62 44 0
FU 62 48 0
FU 62 50 0
FU 62 55 0
FU 62 57 25
FU 62 60 0
FU 62 64 7
FU 62 65 0
FU 62 69 0
FU 62 70 0
FU 62 71 0
FU 62 76 46
FU 62 78 0
FU 62 80 84
FU 62 82 14
FU 64 1 0
FU 64 2 58
FU 64 5 0
FU 64 6 25
FU 64 8 6
FU 64 10 25
FU 64 12 0
FU 64 13 0
FU 64 14 0
FU 64 15 19
FU 64 16 0
FU 64 20 22
FU 64 21 0
FU 64 22 24
FU 64 23 0
FU 64 25 6
FU 64 27 9
FU 64 30 18
FU 64 31 34
FU 64 32 0
FU 64 33 0
FU 64 36 0
FU 64 37 10
FU 64 40 0
FU 64 41 26
FU 64 44 0
FU 64 48 0
FU 64 50 0
FU 64 52 30
FU 64 54 17
FU 64 55 0
FU 64 57 31
FU 64 60 0
FU 64 62 0
FU 64 65 0
FU 64 68 8
FU 64 69 0
FU 64 70 0
FU 64 71 0
FU 64 72 9
FU 64 74 0
FU 64 76 15
FU 64 77 3
FU 64 79 0
FU 64 81 10
FU 64 82 72
FU 64 83 92
FU 65 1 127
FU 65 2 5
FU 65 5 0
FU 65 6 4
FU 65 8 1
FU 65 10 1
FU 65 11 6
FU 65 12 0
FU 65 13 0
FU 65 14 0
FU 65 15 5
FU 65 16 0
FU 65 17 0
FU 65 21 0
FU 65 22 15
FU 65 23 0
FU 65 25 3
FU 65 27 10
FU 65 30 24
FU 65 31 12
FU 65 32 0
FU 65 33 0
FU 65 37 28
FU 65 40 0
FU 65 41 4
FU 65 44 0
FU 65 48 0
FU 65 50 0
FU 65 52 2
FU 65 54 1
FU 65 55 0
FU 65 57 6
FU 65 60 0
FU 65 62 0
FU 65 64 10
FU 65 68 3
FU 65 69 0
FU 65 70 0
FU 65 71 0
FU 65 72 22
FU 65 74 0
FU 65 76 25
FU 65 77 3
FU 65 78 0
FU 65 79 0
FU 65 81 5
FU 65 82 5
FU 65 83 89
FU 67 1 0
FU 67 4 14
FU 67 5 0
FU 67 6 39
FU 67 7 0
FU 67 8 9
FU 67 9 0
FU 67 10 55
FU 67 11 17
FU 67 12 0
FU 67 13 0
FU 67 16 0
FU 67 17 0
FU 67 18 16
FU 67 19 7
FU 67 20 41
FU 67 21 0
FU 67 22 12
FU 67 23 0
FU 67 24 49
FU 67 25 5
FU 67 30 22
FU 67 31 8
FU 67 33 0
FU 67 35 0
FU 67 36 0
FU 67 38 0
FU 67 39 0
FU 67 40 0
FU 67 42 0
FU 67 43 35
FU 67 49 0
FU 67 52 34
FU 67 53 6
FU 67 54 46
FU 67 55 0
FU 67 56 0
FU 67 61 16
FU 67 68 40
FU 67 72 16
FU 67 73 0
FU 67 74 0
FU 67 77 68
FU 67 79 0
FU 67 81 16
FU 68 1 0
FU 68 2 18
FU 68 4 15
FU 68 5 0
FU 68 6 17
FU 68 7 0
FU 68 8 38
FU 68 9 0
FU 68 10 8
FU 68 11 34
FU 68 12 0
FU 68 13 0
FU 68 14 0
FU 68 15 29
FU 68 16 0
FU 68 17 0
FU 68 18 28
FU 68 19 23
FU 68 20 54
FU 68 21 0
FU 68 22 12
FU 68 23 0
FU 68 24 12
FU 68 25 10
FU 68 27 21
FU 68 30 23
FU 68 31 30
FU 68 32 0
FU 68 33 0
FU 68 34 0
FU 68 35 0
FU 68 36 0
FU 68 37 10
FU 68 38 0
FU 68 39 0
FU 68 40 0
FU 68 41 25
FU 68 42 0
FU 68 43 21
FU 68 44 0
FU 68 48 0
FU 68 49 0
FU 68 50 0
FU 68 52 38
FU 68 53 30
FU 68 54 35
FU 68 55 0
FU 68 56 0
FU 68 57 29
FU 68 60 0
FU 68 61 35
FU 68 64 26
FU 68 65 0
FU 68 67 26
FU 68 69 0
FU 68 70 0
FU 68 71 0
FU 68 72 7
FU 68 74 0
FU 68 77 2
FU 68 79 0
FU 68 81 12
FU 69 1 0
FU 69 2 4
FU 69 5 0
FU 69 6 4
FU 69 7 0
FU 69 8 2
FU 69 9 0
FU 69 10 8
FU 69 12 0
FU 69 13 0
FU 69 14 0
FU 69 15 5
FU 69 17 0
FU 69 18 11
FU 69 22 13
FU 69 25 36
FU 69 27 20
FU 69 30 7
FU 69 31 7
FU 69 32 0
FU 69 33 0
FU 69 36 0
FU 69 37 34
FU 69 40 0
FU 69 41 11
FU 69 43 52
FU 69 44 0
FU 69 48 0
FU 69 50 0
FU 69 52 6
FU 69 53 20
FU 69 54 2
FU 69 57 91
FU 69 60 0
FU 69 62 0
FU 69 64 8
FU 69 65 0
FU 69 68 2
FU 69 70 0
FU 69 74 0
FU 69 77 1
FU 69 79 0
FU 69 81 3
FU 69 82 32
FU 70 1 0
FU 70 2 24
FU 70 5 0
FU 70 6 5
FU 70 7 0
FU 70 8 6
FU 70 10 3
FU 70 11 13
FU 70 12 0
FU 70 13 0
FU 70 14 0
FU 70 15 5
FU 70 16 0
FU 70 17 0
FU 70 19 6
FU 70 20 36
FU 70 21 0
FU 70 22 5
FU 70 23 0
FU 70 25 28
FU 70 27 8
FU 70 30 7
FU 70 31 15
FU 70 32 0
FU 70 33 166
FU 70 34 0
FU 70 37 16
FU 70 40 0
FU 70 41 10
FU 70 44 0
FU 70 48 0
FU 70 50 0
FU 70 52 7
FU 70 54 6
FU 70 55 0
FU 70 57 3
FU 70 60 0
FU 70 62 0
FU 70 64 19
FU 70 65 0
FU 70 68 8
FU 70 69 0
FU 70 71 0
FU 70 72 12
FU 70 74 0
FU 70 76 79
FU 70 77 3
FU 70 78 0
FU 70 79 0
FU 70 81 4
FU 70 82 8
FU 71 1 0
FU 71 2 6
FU 71 5 0
FU 71 6 6
FU 71 7 0
FU 71 8 12
FU 71 9 0
FU 71 11 4
FU 71 13 0
FU 71 14 0
FU 71 15 12
FU 71 16 0
FU 71 17 0
FU 71 19 18
FU 71 20 21
FU 71 21 0
FU 71 23 0
FU 71 25 2
FU 71 27 11
FU 71 30 7
FU 71 32 0
FU 71 34 0
FU 71 37 12
FU 71 40 0
FU 71 41 5
FU 71 42 0
FU 71 44 0
FU 71 48 0
FU 71 50 0
FU 71 52 4
FU 71 54 8
FU 71 55 0
FU 71 60 0
FU 71 62 0
FU 71 64 8
FU 71 65 0
FU 71 68 11
FU 71 70 0
FU 71 72 30
FU 71 73 0
FU 71 74 0
FU 71 76 25
FU 71 77 1
FU 71 78 0
FU 71 79 0
FU 71 81 31
FU 71 83 47
FU 72 9 0
FU 72 12 0
FU 72 13 0
FU 72 14 0
FU 72 21 196
FU 72 22 145
FU 72 25 7
FU 72 31 9
FU 72 33 0
FU 72 34 0
FU 72 41 27
FU 72 42 0
FU 72 44 0
FU 72 50 0
FU 72 55 0
FU 72 70 0
FU 72 73 0
FU 72 76 51
FU 72 79 0
FU 72 86 129
FU 73 1 0
FU 73 5 996
FU 73 6 4
FU 73 7 0
FU 73 11 3
FU 73 16 0
FU 73 19 11
FU 73 20 37
FU 73 21 0
FU 73 23 994
FU 73 25 25
FU 73 30 186
FU 73 34 0
FU 73 42 0
FU 73 52 0
FU 73 55 0
FU 73 67 3
FU 73 71 0
FU 73 72 10
FU 73 74 0
FU 73 77 3
FU 74 57 13
FU 74 64 30
FU 74 65 0
FU 74 69 0
FU 74 73 998
FU 76 77 2
FU 77 15 5
FU 77 24 30
FU 77 38 8
FU 77 57 148
FU 77 69 0
FU 77 76 26
FU 78 2 12
FU 78 13 0
FU 78 14 997
FU 78 15 22
FU 78 16 503
FU 78 19 481
FU 78 23 0
FU 78 27 15
FU 78 32 992
FU 78 41 6
FU 78 48 248
FU 78 50 500
FU 78 55 561
FU 78 60 371
FU 78 62 382
FU 78 65 0
FU 78 70 575
FU 78 71 0
FU 78 76 5
FU 78 80 120
FU 78 83 54
FU 79 1 0
FU 79 2 5
FU 79 5 0
FU 79 6 9
FU 79 7 0
FU 79 8 7
FU 79 9 0
FU 79 10 11
FU 79 11 21
FU 79 12 0
FU 79 13 0
FU 79 14 0
FU 79 15 12
FU 79 16 0
FU 79 17 0
FU 79 18 27
FU 79 19 6
FU 79 20 7
FU 79 21 0
FU 79 22 20
FU 79 23 0
FU 79 24 23
FU 79 25 17
FU 79 27 32
FU 79 30 14
FU 79 31 5
FU 79 32 0
FU 79 33 0
FU 79 34 0
FU 79 35 0
FU 79 36 0
FU 79 37 73
FU 79 38 0
FU 79 39 0
FU 79 40 0
FU 79 41 8
FU 79 42 0
FU 79 43 16
FU 79 44 0
FU 79 48 0
FU 79 49 0
FU 79 50 0
FU 79 52 1
FU 79 53 20
FU 79 54 8
FU 79 55 0
FU 79 56 0
FU 79 57 3
FU 79 61 19
FU 79 64 11
FU 79 65 0
FU 79 67 5
FU 79 68 4
FU 79 69 0
FU 79 70 0
FU 79 71 0
FU 79 72 14
FU 79 74 0
FU 79 77 9
FU 79 81 5
FU 80 16 0
FU 80 27 14
FU 80 60 0
FU 80 62 0
FU 80 76 23
FU 80 78 0
FU 80 83 43
FU 81 1 0
FU 81 2 15
FU 81 4 42
FU 81 5 0
FU 81 6 8
FU 81 7 0
FU 81 8 8
FU 81 9 0
FU 81 10 52
FU 81 11 37
FU 81 12 0
FU 81 13 0
FU 81 14 0
FU 81 15 38
FU 81 16 0
FU 81 17 0
FU 81 18 13
FU 81 19 12
FU 81 20 20
FU 81 21 0
FU 81 22 21
FU 81 23 0
FU 81 24 63
FU 81 25 9
FU 81 27 14
FU 81 30 23
FU 81 31 23
FU 81 32 0
FU 81 33 0
FU 81 34 0
FU 81 35 0
FU 81 36 0
FU 81 37 20
FU 81 40 0
FU 81 41 22
FU 81 42 0
FU 81 43 22
FU 81 44 0
FU 81 48 0
FU 81 50 0
FU 81 52 13
FU 81 53 39
FU 81 54 19
FU 81 55 0
FU 81 56 0
FU 81 57 2
FU 81 60 1
FU 81 61 30
FU 81 64 21
FU 81 65 0
FU 81 67 21
FU 81 68 28
FU 81 69 0
FU 81 70 0
FU 81 71 0
FU 81 72 14
FU 81 74 0
FU 81 77 3
FU 81 79 0
FU 81 82 28
FU 82 2 32
FU 82 8 7
FU 82 10 58
FU 82 12 0
FU 82 13 0
FU 82 14 0
FU 82 15 48
FU 82 16 0
FU 82 23 0
FU 82 31 12
FU 82 32 0
FU 82 37 33
FU 82 40 0
FU 82 41 32
FU 82 44 0
FU 82 48 1
FU 82 50 0
FU 82 57 6
FU 82 60 1
FU 82 62 0
FU 82 64 35
FU 82 65 0
FU 82 69 0
FU 82 70 0
FU 82 76 26
FU 82 81 6
FU 82 83 73
FU 83 21 0
FU 83 52 28
FU 86 1 0
FU 86 8 37
FU 86 9 0
FU 86 11 25
FU 86 23 0
FU 86 25 47
FU 86 42 0
FU 86 72 15
FU 86 77 3
