Nodes: 91
Arcs: 3034
MVE: 2
MAE: 942
SAE: 132330
Terminals_rem: 0
Nodes_rem: 8
Arcs_rem: 1182
First LB: 2
LB: 2
Iter. LB: 0
First UB: 46
UB: 19
Iter. UB: 10
gap: 89.4737
BM. Time: 0
Runtime: 591
FL 0 77 0
FL 0 54 0
FL 0 85 3
FL 0 22 0
FL 0 15 325
FL 0 5 20
FL 0 60 0
FL 0 70 8
FL 0 86 4
FL 0 39 0
FL 0 7 0
FL 0 71 8
FL 0 57 0
FL 0 12 0
FL 0 25 10
FL 0 76 0
FL 0 19 0
FL 0 44 2
FL 0 62 11
FL 0 46 0
FL 0 32 111
FL 0 72 7
FL 0 16 13
FL 0 84 7
FL 0 74 2
FL 0 34 3
FL 0 66 0
FL 0 80 0
FL 0 38 3
FL 0 14 10
FL 0 75 0
FL 0 79 8
FL 0 13 3
FL 0 11 7
FL 0 89 4
FL 0 73 0
FL 0 36 13
FL 0 20 0
FL 0 56 8
FL 0 9 2
FL 0 28 14
FL 0 49 15
FL 0 21 14
FL 0 55 9
FL 0 65 0
FL 0 67 15
FL 0 6 0
FL 0 1 998
FL 0 2 0
FL 0 3 230
FL 0 4 205
FL 0 8 998
FL 0 10 60
FL 0 17 998
FL 0 18 2
FL 0 23 78
FL 0 24 69
FL 0 26 110
FL 0 27 298
FL 0 29 49
FL 0 30 97
FL 0 31 12
FL 0 33 22
FL 0 35 89
FL 0 37 998
FL 0 40 19
FL 0 42 56
FL 0 43 38
FL 0 45 2
FL 0 47 10
FL 0 48 62
FL 0 50 47
FL 0 51 32
FL 0 52 30
FL 0 53 18
FL 0 58 998
FL 0 59 25
FL 0 61 54
FL 0 63 98
FL 0 64 61
FL 0 68 88
FL 0 69 114
FL 0 78 180
FL 0 81 262
FL 0 82 76
FL 0 83 35
FL 0 87 998
FL 0 88 999
FL 0 90 999
FL 2 6 0
FL 2 7 1
FL 2 10 62
FL 2 19 0
FL 2 20 0
FL 2 22 0
FL 2 23 57
FL 2 24 53
FL 2 30 221
FL 2 39 0
FL 2 41 0
FL 2 42 57
FL 2 46 0
FL 2 47 13
FL 2 48 10
FL 2 54 0
FL 2 68 65
FL 2 74 999
FL 2 75 0
FL 2 77 0
FL 2 82 140
FL 3 4 27
FL 3 5 0
FL 3 16 0
FL 3 43 3
FL 3 49 329
FL 3 62 0
FL 3 78 30
FL 4 3 54
FL 4 16 0
FL 4 26 20
FL 4 27 15
FL 4 28 0
FL 4 29 5
FL 4 43 4
FL 4 49 1
FL 4 51 7
FL 4 55 0
FL 4 56 1
FL 4 62 0
FL 4 79 0
FL 4 81 40
FL 5 3 24
FL 5 4 25
FL 5 11 0
FL 5 15 10
FL 5 16 0
FL 5 18 0
FL 5 22 0
FL 5 25 0
FL 5 26 2
FL 5 27 14
FL 5 28 0
FL 5 29 1
FL 5 30 54
FL 5 31 1
FL 5 33 1
FL 5 35 1
FL 5 36 0
FL 5 43 2
FL 5 44 0
FL 5 45 0
FL 5 48 27
FL 5 49 0
FL 5 50 9
FL 5 51 19
FL 5 52 18
FL 5 54 0
FL 5 55 0
FL 5 56 0
FL 5 57 0
FL 5 61 14
FL 5 62 0
FL 5 63 97
FL 5 65 0
FL 5 66 0
FL 5 67 0
FL 5 69 31
FL 5 71 0
FL 5 72 185
FL 5 74 0
FL 5 78 41
FL 5 79 0
FL 5 81 15
FL 5 83 1
FL 6 2 2
FL 6 7 0
FL 6 9 0
FL 6 10 57
FL 6 18 1
FL 6 20 0
FL 6 22 0
FL 6 24 41
FL 6 30 29
FL 6 34 1
FL 6 35 22
FL 6 41 0
FL 6 45 1
FL 6 47 6
FL 6 48 12
FL 6 51 11
FL 6 52 37
FL 6 54 0
FL 6 57 0
FL 6 59 38
FL 6 60 0
FL 6 61 6
FL 6 65 0
FL 6 66 0
FL 6 80 0
FL 6 82 48
FL 7 2 0
FL 7 6 0
FL 7 9 0
FL 7 10 19
FL 7 13 0
FL 7 18 0
FL 7 19 0
FL 7 20 0
FL 7 22 0
FL 7 23 50
FL 7 24 31
FL 7 30 37
FL 7 32 56
FL 7 34 0
FL 7 36 0
FL 7 38 0
FL 7 39 0
FL 7 40 68
FL 7 41 0
FL 7 42 33
FL 7 44 0
FL 7 45 0
FL 7 46 0
FL 7 47 2
FL 7 48 26
FL 7 50 28
FL 7 51 11
FL 7 52 19
FL 7 54 0
FL 7 57 0
FL 7 59 52
FL 7 60 0
FL 7 61 42
FL 7 64 29
FL 7 65 0
FL 7 66 0
FL 7 68 60
FL 7 73 0
FL 7 75 0
FL 7 76 0
FL 7 77 0
FL 7 80 0
FL 7 82 30
FL 7 85 0
FL 9 2 0
FL 9 6 0
FL 9 7 0
FL 9 10 17
FL 9 12 0
FL 9 13 0
FL 9 14 0
FL 9 18 0
FL 9 19 0
FL 9 20 0
FL 9 21 0
FL 9 23 34
FL 9 24 13
FL 9 25 0
FL 9 26 2
FL 9 27 28
FL 9 29 0
FL 9 32 69
FL 9 34 0
FL 9 35 0
FL 9 36 0
FL 9 38 0
FL 9 39 0
FL 9 40 18
FL 9 41 0
FL 9 42 20
FL 9 43 0
FL 9 44 0
FL 9 45 0
FL 9 46 0
FL 9 47 2
FL 9 48 17
FL 9 50 21
FL 9 51 8
FL 9 52 19
FL 9 53 34
FL 9 57 0
FL 9 59 26
FL 9 60 0
FL 9 61 50
FL 9 64 30
FL 9 65 0
FL 9 66 0
FL 9 68 20
FL 9 71 0
FL 9 73 0
FL 9 75 0
FL 9 76 0
FL 9 77 0
FL 9 78 29
FL 9 80 0
FL 9 81 18
FL 9 83 0
FL 9 85 0
FL 10 2 0
FL 10 12 0
FL 10 18 0
FL 10 21 0
FL 10 30 15
FL 10 32 106
FL 10 40 19
FL 10 61 9
FL 10 64 35
FL 10 69 49
FL 10 70 0
FL 10 80 0
FL 10 85 0
FL 11 3 41
FL 11 4 56
FL 11 5 0
FL 11 13 0
FL 11 15 3
FL 11 16 0
FL 11 25 0
FL 11 26 5
FL 11 28 0
FL 11 31 2
FL 11 33 1
FL 11 43 3
FL 11 45 0
FL 11 49 0
FL 11 56 0
FL 11 62 0
FL 11 67 0
FL 11 71 0
FL 11 78 48
FL 11 83 1
FL 11 89 0
FL 12 9 218
FL 12 10 45
FL 12 13 511
FL 12 14 999
FL 12 21 498
FL 12 24 24
FL 12 36 998
FL 12 40 29
FL 12 41 0
FL 12 44 305
FL 12 47 9
FL 12 50 53
FL 12 53 255
FL 12 60 299
FL 12 64 28
FL 12 69 212
FL 12 70 499
FL 12 75 0
FL 12 76 197
FL 12 84 522
FL 12 85 521
FL 12 86 322
FL 13 3 21
FL 13 7 0
FL 13 9 0
FL 13 10 27
FL 13 11 0
FL 13 12 0
FL 13 14 0
FL 13 20 198
FL 13 21 0
FL 13 24 9
FL 13 26 12
FL 13 31 3
FL 13 32 8
FL 13 36 0
FL 13 38 0
FL 13 41 0
FL 13 44 0
FL 13 45 0
FL 13 47 5
FL 13 48 21
FL 13 50 18
FL 13 51 26
FL 13 52 26
FL 13 53 9
FL 13 57 0
FL 13 59 43
FL 13 60 0
FL 13 61 27
FL 13 64 22
FL 13 66 0
FL 13 69 26
FL 13 70 0
FL 13 71 0
FL 13 75 0
FL 13 84 0
FL 14 9 0
FL 14 10 29
FL 14 12 0
FL 14 13 0
FL 14 21 0
FL 14 24 72
FL 14 36 0
FL 14 40 77
FL 14 44 0
FL 14 47 4
FL 14 50 11
FL 14 51 8
FL 14 53 27
FL 14 60 0
FL 14 64 40
FL 14 69 32
FL 14 70 0
FL 14 75 0
FL 14 76 0
FL 14 84 0
FL 14 85 0
FL 14 86 0
FL 15 3 19
FL 15 4 38
FL 15 5 0
FL 15 11 0
FL 15 16 0
FL 15 22 0
FL 15 25 0
FL 15 26 3
FL 15 27 21
FL 15 28 0
FL 15 29 1
FL 15 31 1
FL 15 33 1
FL 15 36 0
FL 15 43 2
FL 15 44 0
FL 15 49 0
FL 15 51 9
FL 15 52 28
FL 15 57 0
FL 15 62 0
FL 15 67 0
FL 15 69 26
FL 15 71 0
FL 15 74 0
FL 15 78 29
FL 15 81 49
FL 15 83 2
FL 15 89 0
FL 16 3 32
FL 16 4 44
FL 16 5 0
FL 16 11 0
FL 16 15 3
FL 16 18 0
FL 16 25 0
FL 16 26 3
FL 16 27 21
FL 16 31 1
FL 16 33 2
FL 16 35 1
FL 16 43 2
FL 16 44 0
FL 16 45 0
FL 16 49 0
FL 16 56 0
FL 16 62 0
FL 16 63 83
FL 16 67 0
FL 16 69 52
FL 16 71 0
FL 16 74 0
FL 16 78 41
FL 16 81 22
FL 16 83 1
FL 18 7 0
FL 18 10 20
FL 18 16 0
FL 18 26 14
FL 18 27 24
FL 18 28 999
FL 18 29 0
FL 18 35 0
FL 18 41 0
FL 18 45 0
FL 18 47 46
FL 18 48 12
FL 18 49 156
FL 18 52 10
FL 18 54 0
FL 18 55 402
FL 18 67 0
FL 18 68 37
FL 18 72 225
FL 18 74 0
FL 18 81 19
FL 18 82 13
FL 19 2 0
FL 19 7 0
FL 19 9 0
FL 19 18 0
FL 19 20 0
FL 19 22 0
FL 19 24 11
FL 19 30 18
FL 19 34 0
FL 19 35 28
FL 19 41 0
FL 19 45 0
FL 19 47 16
FL 19 48 9
FL 19 51 17
FL 19 52 27
FL 19 54 0
FL 19 57 0
FL 19 59 16
FL 19 60 0
FL 19 61 17
FL 19 65 0
FL 19 66 0
FL 19 80 0
FL 19 82 31
FL 20 2 0
FL 20 6 0
FL 20 7 0
FL 20 9 0
FL 20 10 22
FL 20 13 510
FL 20 18 0
FL 20 19 0
FL 20 23 30
FL 20 24 28
FL 20 34 0
FL 20 39 0
FL 20 41 0
FL 20 42 25
FL 20 46 0
FL 20 47 0
FL 20 51 14
FL 20 52 29
FL 20 54 0
FL 20 57 0
FL 20 59 30
FL 20 60 0
FL 20 64 18
FL 20 65 0
FL 20 66 0
FL 20 68 35
FL 20 73 0
FL 20 75 375
FL 20 77 0
FL 20 80 0
FL 20 82 20
FL 21 9 0
FL 21 10 24
FL 21 12 0
FL 21 13 0
FL 21 14 6
FL 21 24 14
FL 21 36 0
FL 21 38 1
FL 21 40 54
FL 21 44 0
FL 21 47 7
FL 21 50 28
FL 21 51 26
FL 21 53 23
FL 21 60 0
FL 21 64 84
FL 21 69 30
FL 21 70 174
FL 21 75 0
FL 21 76 0
FL 21 84 0
FL 21 85 499
FL 21 86 331
FL 22 2 0
FL 22 4 18
FL 22 5 0
FL 22 6 0
FL 22 7 0
FL 22 10 16
FL 22 15 168
FL 22 18 0
FL 22 19 0
FL 22 23 57
FL 22 24 30
FL 22 25 518
FL 22 26 4
FL 22 28 0
FL 22 29 0
FL 22 30 26
FL 22 33 1
FL 22 35 0
FL 22 36 0
FL 22 39 0
FL 22 41 0
FL 22 42 32
FL 22 43 999
FL 22 44 0
FL 22 45 0
FL 22 46 0
FL 22 48 16
FL 22 49 0
FL 22 50 25
FL 22 51 31
FL 22 52 11
FL 22 54 0
FL 22 56 517
FL 22 57 0
FL 22 59 11
FL 22 60 0
FL 22 61 18
FL 22 62 0
FL 22 65 0
FL 22 66 0
FL 22 67 0
FL 22 68 16
FL 22 71 0
FL 22 73 0
FL 22 74 0
FL 22 75 0
FL 22 76 0
FL 22 77 0
FL 22 80 0
FL 22 82 44
FL 22 83 999
FL 23 2 0
FL 23 7 0
FL 23 20 0
FL 23 22 0
FL 23 24 40
FL 23 30 25
FL 23 35 0
FL 23 45 0
FL 23 47 17
FL 23 48 23
FL 23 52 15
FL 23 54 0
FL 23 57 0
FL 23 59 40
FL 23 60 0
FL 23 61 12
FL 23 80 0
FL 23 82 19
FL 24 2 0
FL 24 6 0
FL 24 19 0
FL 24 20 0
FL 24 22 0
FL 24 23 37
FL 24 39 0
FL 24 42 41
FL 24 46 0
FL 24 68 23
FL 24 77 0
FL 24 82 37
FL 24 86 0
FL 25 3 34
FL 25 4 9
FL 25 5 0
FL 25 9 235
FL 25 11 0
FL 25 15 3
FL 25 16 363
FL 25 22 0
FL 25 26 3
FL 25 27 12
FL 25 28 0
FL 25 29 3
FL 25 31 2
FL 25 33 2
FL 25 35 1
FL 25 43 3
FL 25 45 0
FL 25 49 136
FL 25 55 299
FL 25 56 405
FL 25 62 0
FL 25 63 45
FL 25 67 0
FL 25 71 0
FL 25 72 128
FL 25 74 0
FL 25 78 36
FL 25 79 477
FL 25 81 44
FL 25 83 1
FL 26 3 33
FL 26 4 30
FL 26 5 0
FL 26 16 1
FL 26 18 0
FL 26 22 0
FL 26 25 0
FL 26 27 29
FL 26 28 0
FL 26 29 5
FL 26 30 35
FL 26 31 4
FL 26 33 2
FL 26 35 11
FL 26 43 8
FL 26 44 1
FL 26 49 1
FL 26 51 19
FL 26 55 0
FL 26 56 1
FL 26 62 0
FL 26 66 166
FL 26 71 1
FL 26 75 125
FL 26 76 48
FL 26 78 41
FL 26 79 0
FL 26 81 31
FL 26 83 1
FL 27 4 52
FL 27 5 268
FL 27 16 3
FL 27 18 0
FL 27 25 0
FL 27 28 0
FL 27 29 2
FL 27 35 5
FL 27 49 3
FL 27 55 0
FL 27 56 0
FL 27 62 0
FL 27 72 0
FL 27 79 0
FL 27 81 34
FL 28 3 14
FL 28 4 56
FL 28 5 0
FL 28 11 0
FL 28 15 6
FL 28 18 0
FL 28 22 0
FL 28 25 0
FL 28 26 12
FL 28 27 15
FL 28 29 4
FL 28 31 2
FL 28 33 1
FL 28 35 1
FL 28 36 0
FL 28 43 3
FL 28 49 0
FL 28 52 46
FL 28 55 0
FL 28 56 0
FL 28 62 0
FL 28 63 126
FL 28 67 0
FL 28 72 0
FL 28 74 0
FL 28 75 0
FL 28 78 34
FL 28 79 0
FL 28 81 31
FL 28 83 1
FL 28 89 0
FL 29 4 43
FL 29 5 0
FL 29 9 0
FL 29 18 0
FL 29 22 0
FL 29 25 0
FL 29 26 18
FL 29 27 23
FL 29 28 0
FL 29 30 53
FL 29 33 2
FL 29 35 19
FL 29 43 8
FL 29 49 76
FL 29 51 13
FL 29 52 26
FL 29 55 93
FL 29 56 93
FL 29 62 95
FL 29 66 87
FL 29 71 2
FL 29 72 29
FL 29 75 27
FL 29 76 25
FL 29 78 43
FL 29 79 52
FL 29 81 44
FL 29 83 1
FL 30 2 0
FL 30 5 0
FL 30 6 0
FL 30 7 0
FL 30 10 20
FL 30 19 0
FL 30 22 0
FL 30 23 69
FL 30 26 27
FL 30 29 11
FL 30 39 0
FL 30 42 42
FL 30 45 0
FL 30 46 0
FL 30 48 7
FL 30 52 24
FL 30 54 0
FL 30 68 43
FL 30 77 0
FL 30 80 0
FL 30 82 72
FL 31 5 0
FL 31 26 10
FL 31 33 998
FL 31 43 3
FL 31 67 998
FL 31 78 50
FL 32 7 0
FL 32 9 0
FL 32 10 19
FL 32 13 0
FL 32 34 0
FL 32 38 0
FL 32 40 66
FL 32 41 0
FL 32 47 2
FL 32 48 7
FL 32 59 9
FL 32 61 17
FL 32 64 37
FL 32 68 36
FL 32 73 0
FL 32 80 0
FL 32 85 0
FL 33 11 998
FL 33 16 1
FL 33 25 0
FL 33 26 7
FL 33 28 0
FL 33 29 4
FL 33 31 3
FL 33 35 15
FL 33 44 1
FL 33 49 4
FL 33 51 11
FL 33 55 0
FL 33 56 1
FL 33 62 0
FL 33 78 98
FL 33 79 0
FL 33 81 58
FL 34 2 0
FL 34 6 0
FL 34 7 0
FL 34 9 0
FL 34 18 0
FL 34 19 0
FL 34 20 0
FL 34 23 27
FL 34 24 38
FL 34 30 29
FL 34 32 6
FL 34 38 0
FL 34 39 0
FL 34 40 25
FL 34 41 0
FL 34 42 58
FL 34 45 0
FL 34 46 0
FL 34 47 1
FL 34 48 16
FL 34 52 19
FL 34 54 0
FL 34 57 0
FL 34 59 48
FL 34 60 0
FL 34 61 8
FL 34 65 0
FL 34 66 0
FL 34 68 15
FL 34 73 0
FL 34 77 0
FL 34 80 0
FL 34 82 31
FL 35 5 0
FL 35 6 0
FL 35 9 0
FL 35 16 52
FL 35 18 0
FL 35 19 98
FL 35 23 73
FL 35 25 4
FL 35 26 37
FL 35 27 43
FL 35 28 0
FL 35 29 8
FL 35 33 2
FL 35 43 19
FL 35 45 0
FL 35 49 5
FL 35 51 13
FL 35 52 68
FL 35 54 0
FL 35 55 0
FL 35 56 2
FL 35 57 0
FL 35 67 4
FL 35 68 51
FL 35 72 0
FL 35 74 0
FL 35 77 102
FL 35 78 58
FL 35 79 1
FL 35 81 17
FL 36 5 0
FL 36 7 0
FL 36 9 0
FL 36 10 45
FL 36 12 0
FL 36 13 0
FL 36 14 3
FL 36 15 4
FL 36 21 1
FL 36 22 0
FL 36 24 10
FL 36 28 0
FL 36 31 1
FL 36 44 0
FL 36 45 0
FL 36 48 11
FL 36 50 50
FL 36 51 12
FL 36 52 45
FL 36 59 52
FL 36 60 0
FL 36 69 16
FL 36 70 0
FL 36 71 0
FL 36 73 0
FL 36 74 0
FL 36 75 0
FL 36 76 0
FL 36 83 1
FL 36 84 0
FL 38 7 0
FL 38 9 0
FL 38 10 32
FL 38 13 0
FL 38 21 0
FL 38 24 31
FL 38 32 8
FL 38 34 0
FL 38 40 33
FL 38 41 0
FL 38 47 1
FL 38 48 12
FL 38 53 17
FL 38 59 15
FL 38 61 20
FL 38 64 26
FL 38 73 0
FL 38 80 0
FL 38 85 0
FL 38 86 0
FL 39 2 0
FL 39 7 0
FL 39 9 0
FL 39 18 0
FL 39 20 173
FL 39 22 0
FL 39 24 14
FL 39 30 20
FL 39 34 0
FL 39 41 0
FL 39 45 0
FL 39 47 1
FL 39 48 8
FL 39 51 11
FL 39 52 14
FL 39 54 479
FL 39 57 0
FL 39 59 22
FL 39 60 0
FL 39 61 56
FL 39 65 0
FL 39 66 0
FL 39 80 0
FL 39 82 50
FL 40 52 6
FL 41 2 999
FL 41 6 998
FL 41 7 539
FL 41 9 374
FL 41 10 162
FL 41 12 999
FL 41 13 12
FL 41 18 998
FL 41 19 802
FL 41 20 453
FL 41 22 999
FL 41 23 190
FL 41 24 81
FL 41 32 199
FL 41 34 12
FL 41 38 11
FL 41 39 998
FL 41 40 66
FL 41 42 201
FL 41 44 445
FL 41 45 998
FL 41 46 470
FL 41 47 23
FL 41 48 521
FL 41 50 483
FL 41 51 393
FL 41 52 108
FL 41 53 524
FL 41 54 447
FL 41 57 508
FL 41 59 91
FL 41 60 421
FL 41 61 359
FL 41 64 139
FL 41 65 999
FL 41 66 759
FL 41 68 233
FL 41 73 998
FL 41 75 490
FL 41 76 406
FL 41 77 810
FL 41 80 998
FL 41 85 13
FL 41 0 1000
FL 42 2 0
FL 42 7 0
FL 42 20 0
FL 42 24 31
FL 42 30 22
FL 42 45 0
FL 42 47 26
FL 42 48 28
FL 42 51 58
FL 42 52 19
FL 42 54 0
FL 42 57 0
FL 42 59 34
FL 42 60 0
FL 42 61 10
FL 42 82 73
FL 43 3 351
FL 43 4 51
FL 43 15 9
FL 43 16 342
FL 43 22 0
FL 43 27 28
FL 43 31 998
FL 43 62 439
FL 43 72 179
FL 44 5 0
FL 44 7 0
FL 44 9 0
FL 44 10 39
FL 44 12 0
FL 44 13 0
FL 44 14 0
FL 44 15 198
FL 44 16 0
FL 44 21 0
FL 44 22 0
FL 44 26 4
FL 44 29 0
FL 44 31 1
FL 44 33 4
FL 44 36 0
FL 44 41 0
FL 44 45 0
FL 44 48 24
FL 44 49 0
FL 44 50 10
FL 44 51 15
FL 44 52 35
FL 44 57 511
FL 44 59 24
FL 44 60 0
FL 44 64 10
FL 44 66 0
FL 44 67 0
FL 44 69 44
FL 44 70 0
FL 44 71 0
FL 44 73 0
FL 44 74 0
FL 44 75 0
FL 44 76 0
FL 44 83 1
FL 44 84 0
FL 45 6 0
FL 45 7 0
FL 45 19 0
FL 45 23 39
FL 45 30 23
FL 45 34 998
FL 45 40 55
FL 45 41 0
FL 45 42 72
FL 45 46 0
FL 45 47 1
FL 45 48 18
FL 45 49 158
FL 45 54 0
FL 45 61 22
FL 45 64 40
FL 45 68 23
FL 45 69 31
FL 45 77 0
FL 45 82 23
FL 46 2 0
FL 46 7 0
FL 46 9 0
FL 46 18 0
FL 46 20 0
FL 46 22 0
FL 46 24 24
FL 46 30 27
FL 46 34 0
FL 46 41 0
FL 46 45 0
FL 46 47 16
FL 46 48 14
FL 46 51 18
FL 46 52 21
FL 46 54 0
FL 46 57 0
FL 46 59 31
FL 46 60 0
FL 46 61 42
FL 46 65 0
FL 46 66 0
FL 46 80 0
FL 46 82 47
FL 47 2 0
FL 47 6 0
FL 47 7 0
FL 47 13 0
FL 47 18 0
FL 47 19 107
FL 47 20 0
FL 47 23 39
FL 47 38 0
FL 47 42 51
FL 47 45 0
FL 47 46 129
FL 47 48 30
FL 47 50 27
FL 47 52 23
FL 47 54 94
FL 47 57 0
FL 47 60 0
FL 47 61 18
FL 47 64 41
FL 47 75 0
FL 47 76 0
FL 47 77 95
FL 47 80 0
FL 48 32 133
FL 48 38 510
FL 48 40 40
FL 48 47 1
FL 49 3 15
FL 49 4 39
FL 49 5 0
FL 49 11 1
FL 49 15 8
FL 49 16 0
FL 49 18 0
FL 49 22 0
FL 49 25 0
FL 49 26 17
FL 49 27 24
FL 49 28 0
FL 49 29 7
FL 49 33 2
FL 49 35 3
FL 49 43 5
FL 49 44 0
FL 49 45 0
FL 49 51 17
FL 49 55 0
FL 49 56 0
FL 49 62 0
FL 49 63 114
FL 49 67 0
FL 49 71 0
FL 49 72 0
FL 49 74 0
FL 49 78 79
FL 49 79 0
FL 49 81 85
FL 49 83 1
FL 50 5 0
FL 50 7 481
FL 50 12 0
FL 50 13 0
FL 50 21 0
FL 50 22 0
FL 50 40 18
FL 50 41 0
FL 50 45 0
FL 50 47 43
FL 50 52 25
FL 50 60 0
FL 50 64 23
FL 50 69 31
FL 50 70 0
FL 50 84 0
FL 51 4 33
FL 51 26 24
FL 51 29 0
FL 51 33 4
FL 51 35 9
FL 51 42 55
FL 51 46 424
FL 51 49 1
FL 51 67 1
FL 51 70 228
FL 51 74 1
FL 51 83 6
FL 52 29 1
FL 52 40 44
FL 52 42 22
FL 52 47 2
FL 52 64 28
FL 52 80 1
FL 53 12 3
FL 53 21 205
FL 53 38 511
FL 53 41 1
FL 53 59 33
FL 53 76 337
FL 53 86 369
FL 54 2 1
FL 54 5 1
FL 54 6 1
FL 54 7 1
FL 54 10 34
FL 54 18 1
FL 54 19 0
FL 54 20 0
FL 54 22 0
FL 54 23 48
FL 54 24 12
FL 54 30 21
FL 54 34 0
FL 54 35 1
FL 54 39 0
FL 54 41 0
FL 54 42 44
FL 54 45 0
FL 54 46 0
FL 54 47 30
FL 54 48 19
FL 54 51 13
FL 54 52 37
FL 54 57 0
FL 54 59 37
FL 54 60 0
FL 54 61 25
FL 54 65 0
FL 54 66 0
FL 54 68 29
FL 54 73 0
FL 54 77 0
FL 54 80 0
FL 54 82 54
FL 55 4 24
FL 55 5 1
FL 55 18 1
FL 55 25 1
FL 55 26 3
FL 55 27 13
FL 55 28 1
FL 55 29 7
FL 55 33 2
FL 55 35 2
FL 55 43 5
FL 55 49 1
FL 55 56 1
FL 55 62 1
FL 55 63 113
FL 55 67 1
FL 55 72 1
FL 55 74 1
FL 55 78 41
FL 55 79 1
FL 55 81 18
FL 56 4 14
FL 56 5 1
FL 56 11 1
FL 56 16 260
FL 56 22 1
FL 56 25 503
FL 56 26 7
FL 56 27 280
FL 56 28 1
FL 56 29 2
FL 56 33 3
FL 56 35 2
FL 56 43 3
FL 56 49 161
FL 56 55 228
FL 56 62 1
FL 56 63 88
FL 56 67 1
FL 56 72 273
FL 56 74 1
FL 56 78 29
FL 56 79 491
FL 56 81 57
FL 57 2 1
FL 57 5 1
FL 57 6 1
FL 57 7 1
FL 57 9 1
FL 57 10 15
FL 57 13 1
FL 57 15 266
FL 57 18 1
FL 57 19 1
FL 57 20 1
FL 57 22 1
FL 57 23 43
FL 57 30 35
FL 57 34 1
FL 57 35 2
FL 57 39 1
FL 57 40 52
FL 57 41 0
FL 57 42 21
FL 57 44 260
FL 57 45 0
FL 57 46 0
FL 57 47 4
FL 57 48 8
FL 57 51 10
FL 57 52 19
FL 57 54 0
FL 57 59 41
FL 57 60 0
FL 57 61 27
FL 57 64 37
FL 57 65 0
FL 57 66 0
FL 57 68 62
FL 57 73 0
FL 57 75 0
FL 57 76 0
FL 57 77 0
FL 57 80 0
FL 57 82 24
FL 59 23 20
FL 59 40 35
FL 59 42 33
FL 59 46 0
FL 59 53 20
FL 59 85 0
FL 60 2 0
FL 60 6 0
FL 60 7 0
FL 60 9 0
FL 60 10 35
FL 60 12 0
FL 60 13 0
FL 60 14 0
FL 60 18 0
FL 60 19 0
FL 60 20 0
FL 60 21 0
FL 60 22 0
FL 60 23 13
FL 60 24 30
FL 60 30 40
FL 60 34 0
FL 60 36 0
FL 60 39 0
FL 60 40 46
FL 60 41 0
FL 60 42 11
FL 60 44 0
FL 60 45 0
FL 60 46 0
FL 60 47 4
FL 60 48 13
FL 60 50 33
FL 60 51 12
FL 60 52 15
FL 60 54 0
FL 60 57 0
FL 60 59 33
FL 60 61 32
FL 60 64 11
FL 60 65 0
FL 60 66 0
FL 60 68 27
FL 60 69 33
FL 60 73 0
FL 60 75 0
FL 60 76 0
FL 60 77 0
FL 60 80 0
FL 60 82 27
FL 60 84 0
FL 61 5 318
FL 61 75 0
FL 61 76 0
FL 61 85 0
FL 62 3 29
FL 62 4 62
FL 62 5 0
FL 62 11 0
FL 62 15 6
FL 62 16 0
FL 62 22 0
FL 62 25 0
FL 62 26 3
FL 62 27 13
FL 62 28 0
FL 62 29 1
FL 62 31 1
FL 62 33 2
FL 62 43 2
FL 62 49 0
FL 62 55 0
FL 62 56 0
FL 62 63 65
FL 62 67 0
FL 62 71 0
FL 62 72 0
FL 62 74 0
FL 62 78 24
FL 62 79 0
FL 62 81 61
FL 62 83 2
FL 63 5 0
FL 64 32 80
FL 64 47 1
FL 64 52 27
FL 64 85 0
FL 65 2 0
FL 65 5 0
FL 65 6 0
FL 65 7 0
FL 65 9 0
FL 65 10 25
FL 65 18 0
FL 65 19 0
FL 65 20 0
FL 65 22 0
FL 65 23 42
FL 65 24 43
FL 65 30 10
FL 65 34 0
FL 65 35 1
FL 65 39 0
FL 65 41 0
FL 65 42 49
FL 65 45 0
FL 65 46 0
FL 65 47 1
FL 65 48 17
FL 65 51 16
FL 65 52 15
FL 65 54 0
FL 65 57 0
FL 65 59 13
FL 65 60 0
FL 65 61 20
FL 65 66 0
FL 65 68 43
FL 65 73 0
FL 65 77 0
FL 65 80 0
FL 65 82 33
FL 66 2 0
FL 66 5 267
FL 66 6 0
FL 66 7 0
FL 66 9 0
FL 66 10 35
FL 66 13 0
FL 66 18 0
FL 66 19 0
FL 66 20 0
FL 66 22 0
FL 66 23 49
FL 66 24 37
FL 66 26 33
FL 66 29 8
FL 66 30 23
FL 66 34 0
FL 66 39 0
FL 66 40 28
FL 66 41 0
FL 66 42 52
FL 66 44 0
FL 66 45 0
FL 66 46 0
FL 66 47 1
FL 66 48 7
FL 66 50 30
FL 66 51 11
FL 66 52 34
FL 66 54 0
FL 66 57 0
FL 66 59 8
FL 66 60 0
FL 66 61 18
FL 66 64 58
FL 66 65 0
FL 66 68 56
FL 66 73 0
FL 66 75 0
FL 66 76 0
FL 66 77 0
FL 66 80 0
FL 66 82 24
FL 67 4 15
FL 67 5 0
FL 67 11 1
FL 67 15 6
FL 67 16 0
FL 67 18 0
FL 67 22 0
FL 67 25 0
FL 67 26 3
FL 67 27 19
FL 67 28 0
FL 67 29 13
FL 67 31 1
FL 67 33 2
FL 67 35 4
FL 67 43 2
FL 67 44 1
FL 67 45 0
FL 67 49 0
FL 67 51 13
FL 67 55 0
FL 67 56 0
FL 67 62 0
FL 67 63 105
FL 67 71 0
FL 67 74 0
FL 67 78 23
FL 67 79 0
FL 67 81 37
FL 67 83 1
FL 68 2 0
FL 68 7 0
FL 68 18 0
FL 68 20 0
FL 68 22 0
FL 68 24 28
FL 68 30 26
FL 68 32 71
FL 68 35 97
FL 68 41 0
FL 68 45 0
FL 68 48 11
FL 68 52 35
FL 68 54 0
FL 68 57 0
FL 68 60 0
FL 68 61 23
FL 68 80 0
FL 68 82 8
FL 69 5 0
FL 69 13 0
FL 69 21 2
FL 69 45 0
FL 69 60 299
FL 69 70 2
FL 69 83 7
FL 69 84 2
FL 70 10 19
FL 70 12 0
FL 70 13 0
FL 70 14 0
FL 70 21 0
FL 70 24 13
FL 70 36 0
FL 70 44 0
FL 70 50 23
FL 70 51 90
FL 70 53 10
FL 70 64 30
FL 70 69 40
FL 70 75 0
FL 70 76 0
FL 70 84 498
FL 71 3 17
FL 71 4 57
FL 71 5 0
FL 71 9 0
FL 71 11 0
FL 71 13 0
FL 71 15 2
FL 71 16 0
FL 71 22 0
FL 71 25 0
FL 71 26 2
FL 71 29 1
FL 71 31 1
FL 71 33 3
FL 71 36 0
FL 71 44 0
FL 71 45 0
FL 71 49 0
FL 71 51 13
FL 71 62 0
FL 71 67 0
FL 71 69 32
FL 71 74 0
FL 71 75 0
FL 71 83 1
FL 72 4 20
FL 72 5 160
FL 72 18 0
FL 72 25 0
FL 72 27 30
FL 72 28 0
FL 72 29 2
FL 72 35 1
FL 72 43 2
FL 72 49 0
FL 72 55 0
FL 72 56 0
FL 72 62 0
FL 72 63 45
FL 72 78 49
FL 72 79 0
FL 72 81 32
FL 73 2 0
FL 73 7 0
FL 73 9 0
FL 73 10 18
FL 73 18 0
FL 73 20 0
FL 73 22 0
FL 73 24 18
FL 73 30 26
FL 73 32 99
FL 73 34 0
FL 73 36 0
FL 73 38 0
FL 73 41 0
FL 73 44 0
FL 73 45 0
FL 73 47 1
FL 73 48 8
FL 73 50 24
FL 73 51 10
FL 73 52 34
FL 73 54 0
FL 73 57 0
FL 73 59 79
FL 73 60 0
FL 73 61 10
FL 73 64 30
FL 73 65 0
FL 73 66 0
FL 73 75 0
FL 73 80 0
FL 73 82 41
FL 74 2 0
FL 74 4 35
FL 74 5 0
FL 74 15 3
FL 74 16 0
FL 74 18 0
FL 74 22 0
FL 74 25 0
FL 74 26 3
FL 74 27 12
FL 74 28 0
FL 74 29 1
FL 74 30 21
FL 74 33 1
FL 74 35 4
FL 74 36 0
FL 74 43 2
FL 74 44 0
FL 74 45 0
FL 74 49 0
FL 74 51 11
FL 74 52 23
FL 74 55 0
FL 74 56 0
FL 74 62 0
FL 74 67 0
FL 74 71 0
FL 74 75 0
FL 74 78 25
FL 74 81 25
FL 74 83 1
FL 75 2 0
FL 75 7 0
FL 75 9 0
FL 75 10 26
FL 75 12 0
FL 75 13 0
FL 75 14 0
FL 75 20 187
FL 75 21 0
FL 75 22 0
FL 75 24 23
FL 75 26 80
FL 75 28 0
FL 75 29 104
FL 75 31 1
FL 75 36 0
FL 75 40 103
FL 75 41 0
FL 75 44 0
FL 75 45 0
FL 75 47 1
FL 75 48 11
FL 75 50 39
FL 75 51 11
FL 75 52 14
FL 75 57 0
FL 75 59 28
FL 75 60 0
FL 75 61 10
FL 75 64 68
FL 75 66 0
FL 75 69 36
FL 75 70 0
FL 75 71 0
FL 75 73 0
FL 75 74 0
FL 75 76 0
FL 75 84 0
FL 76 7 0
FL 76 9 0
FL 76 10 15
FL 76 12 0
FL 76 14 0
FL 76 21 0
FL 76 22 0
FL 76 24 9
FL 76 26 129
FL 76 29 35
FL 76 36 0
FL 76 41 0
FL 76 44 0
FL 76 45 0
FL 76 47 1
FL 76 48 18
FL 76 50 32
FL 76 51 12
FL 76 52 50
FL 76 53 28
FL 76 57 0
FL 76 59 63
FL 76 60 0
FL 76 61 17
FL 76 64 33
FL 76 66 0
FL 76 69 48
FL 76 70 0
FL 76 75 0
FL 76 84 0
FL 77 2 0
FL 77 7 0
FL 77 9 0
FL 77 18 0
FL 77 20 0
FL 77 22 0
FL 77 24 21
FL 77 30 34
FL 77 34 1
FL 77 35 18
FL 77 41 0
FL 77 45 0
FL 77 47 17
FL 77 48 8
FL 77 51 11
FL 77 52 10
FL 77 54 0
FL 77 57 0
FL 77 59 62
FL 77 60 0
FL 77 61 22
FL 77 65 0
FL 77 66 0
FL 77 80 0
FL 77 82 42
FL 78 3 58
FL 78 5 1
FL 78 31 9
FL 79 4 19
FL 79 5 0
FL 79 25 0
FL 79 26 8
FL 79 27 13
FL 79 28 0
FL 79 29 7
FL 79 33 1
FL 79 35 1
FL 79 43 2
FL 79 49 0
FL 79 55 0
FL 79 56 0
FL 79 62 0
FL 79 63 54
FL 79 67 0
FL 79 72 0
FL 79 78 29
FL 79 81 49
FL 80 2 0
FL 80 6 0
FL 80 7 0
FL 80 9 0
FL 80 10 45
FL 80 18 0
FL 80 19 0
FL 80 20 0
FL 80 22 0
FL 80 23 36
FL 80 24 44
FL 80 30 29
FL 80 32 84
FL 80 34 1
FL 80 38 0
FL 80 39 0
FL 80 40 35
FL 80 41 0
FL 80 42 20
FL 80 45 0
FL 80 46 0
FL 80 47 1
FL 80 48 9
FL 80 51 7
FL 80 52 22
FL 80 54 0
FL 80 57 0
FL 80 59 24
FL 80 60 0
FL 80 61 42
FL 80 65 0
FL 80 66 0
FL 80 68 44
FL 80 73 0
FL 80 77 0
FL 80 82 44
FL 81 4 80
FL 81 5 2
FL 81 16 2
FL 81 18 1
FL 81 25 1
FL 81 27 52
FL 81 28 2
FL 81 29 10
FL 81 35 17
FL 81 49 2
FL 81 55 2
FL 81 56 2
FL 81 62 2
FL 81 72 0
FL 81 79 1
FL 82 2 0
FL 82 6 0
FL 82 19 0
FL 82 20 0
FL 82 22 0
FL 82 23 17
FL 82 24 68
FL 82 30 60
FL 82 39 0
FL 82 42 40
FL 82 45 1
FL 82 46 0
FL 82 54 0
FL 82 68 43
FL 83 3 33
FL 83 9 187
FL 83 22 2
FL 83 28 2
FL 83 29 17
FL 83 33 5
FL 83 49 4
FL 83 51 43
FL 83 62 486
FL 83 69 138
FL 83 71 999
FL 83 89 998
FL 84 10 56
FL 84 12 0
FL 84 13 0
FL 84 14 2
FL 84 21 0
FL 84 24 25
FL 84 36 0
FL 84 40 70
FL 84 44 0
FL 84 50 40
FL 84 51 17
FL 84 53 25
FL 84 60 0
FL 84 64 49
FL 84 69 29
FL 84 70 111
FL 84 75 0
FL 84 76 0
FL 85 7 0
FL 85 9 0
FL 85 10 23
FL 85 12 0
FL 85 14 0
FL 85 21 217
FL 85 24 17
FL 85 32 7
FL 85 38 0
FL 85 41 0
FL 85 47 1
FL 85 53 15
FL 85 59 33
FL 85 61 17
FL 85 64 54
FL 86 12 0
FL 86 14 0
FL 86 21 92
FL 86 24 17
FL 86 38 0
FL 86 40 62
FL 86 53 25
FL 89 3 17
FL 89 11 0
FL 89 15 3
FL 89 28 0
FL 89 83 1
FU 0 77 2
FU 0 54 2
FU 0 85 3
FU 0 22 2
FU 0 15 361
FU 0 5 21
FU 0 60 2
FU 0 70 10
FU 0 86 4
FU 0 39 2
FU 0 7 2
FU 0 71 3
FU 0 57 2
FU 0 12 2
FU 0 25 9
FU 0 76 2
FU 0 19 2
FU 0 44 33
FU 0 62 13
FU 0 46 2
FU 0 32 103
FU 0 72 9
FU 0 16 16
FU 0 84 7
FU 0 74 2
FU 0 34 2
FU 0 66 2
FU 0 80 2
FU 0 38 3
FU 0 14 3
FU 0 75 2
FU 0 79 10
FU 0 13 4
FU 0 11 3
FU 0 89 2
FU 0 73 2
FU 0 36 2
FU 0 20 3
FU 0 56 6
FU 0 9 8
FU 0 28 3
FU 0 49 18
FU 0 21 12
FU 0 55 11
FU 0 65 2
FU 0 67 3
FU 0 6 2
FU 0 1 1000
FU 0 2 2
FU 0 3 213
FU 0 4 204
FU 0 8 1000
FU 0 10 61
FU 0 17 1000
FU 0 18 3
FU 0 23 73
FU 0 24 74
FU 0 26 110
FU 0 27 272
FU 0 29 44
FU 0 30 103
FU 0 31 3
FU 0 33 4
FU 0 35 96
FU 0 37 1000
FU 0 40 18
FU 0 42 52
FU 0 43 7
FU 0 45 3
FU 0 47 44
FU 0 48 54
FU 0 50 50
FU 0 51 36
FU 0 52 32
FU 0 53 22
FU 0 58 1000
FU 0 59 29
FU 0 61 48
FU 0 63 102
FU 0 64 62
FU 0 68 77
FU 0 69 122
FU 0 78 177
FU 0 81 262
FU 0 82 74
FU 0 83 2
FU 0 87 1000
FU 0 88 1000
FU 0 90 1000
FU 2 6 0
FU 2 7 0
FU 2 10 58
FU 2 19 0
FU 2 20 0
FU 2 22 0
FU 2 23 45
FU 2 24 50
FU 2 30 210
FU 2 39 0
FU 2 41 0
FU 2 42 49
FU 2 46 0
FU 2 47 25
FU 2 48 8
FU 2 54 0
FU 2 68 57
FU 2 74 998
FU 2 75 0
FU 2 77 0
FU 2 82 144
FU 3 4 21
FU 3 5 0
FU 3 16 0
FU 3 43 0
FU 3 49 296
FU 3 62 0
FU 3 78 35
FU 4 3 55
FU 4 16 0
FU 4 26 23
FU 4 27 21
FU 4 28 0
FU 4 29 13
FU 4 43 0
FU 4 49 0
FU 4 51 6
FU 4 55 0
FU 4 56 1
FU 4 62 0
FU 4 79 0
FU 4 81 38
FU 5 3 28
FU 5 4 28
FU 5 11 0
FU 5 15 10
FU 5 16 0
FU 5 18 0
FU 5 22 0
FU 5 25 0
FU 5 26 2
FU 5 27 16
FU 5 28 0
FU 5 29 3
FU 5 30 73
FU 5 31 0
FU 5 33 0
FU 5 35 3
FU 5 36 0
FU 5 43 0
FU 5 44 0
FU 5 45 0
FU 5 48 30
FU 5 49 0
FU 5 50 12
FU 5 51 19
FU 5 52 19
FU 5 54 0
FU 5 55 0
FU 5 56 0
FU 5 57 0
FU 5 61 16
FU 5 62 0
FU 5 63 92
FU 5 65 0
FU 5 66 0
FU 5 67 0
FU 5 69 31
FU 5 71 0
FU 5 72 200
FU 5 74 0
FU 5 78 32
FU 5 79 0
FU 5 81 18
FU 5 83 0
FU 6 2 1
FU 6 7 0
FU 6 9 0
FU 6 10 54
FU 6 18 0
FU 6 20 0
FU 6 22 0
FU 6 24 36
FU 6 30 21
FU 6 34 0
FU 6 35 19
FU 6 41 0
FU 6 45 0
FU 6 47 59
FU 6 48 12
FU 6 51 6
FU 6 52 32
FU 6 54 0
FU 6 57 0
FU 6 59 35
FU 6 60 0
FU 6 61 2
FU 6 65 0
FU 6 66 0
FU 6 80 0
FU 6 82 45
FU 7 2 0
FU 7 6 0
FU 7 9 0
FU 7 10 16
FU 7 13 0
FU 7 18 0
FU 7 19 0
FU 7 20 0
FU 7 22 0
FU 7 23 33
FU 7 24 37
FU 7 30 42
FU 7 32 60
FU 7 34 0
FU 7 36 0
FU 7 38 0
FU 7 39 0
FU 7 40 63
FU 7 41 0
FU 7 42 31
FU 7 44 0
FU 7 45 0
FU 7 46 0
FU 7 47 14
FU 7 48 23
FU 7 50 22
FU 7 51 4
FU 7 52 15
FU 7 54 0
FU 7 57 0
FU 7 59 39
FU 7 60 0
FU 7 61 39
FU 7 64 31
FU 7 65 0
FU 7 66 0
FU 7 68 52
FU 7 73 0
FU 7 75 0
FU 7 76 0
FU 7 77 0
FU 7 80 0
FU 7 82 31
FU 7 85 0
FU 9 2 0
FU 9 6 0
FU 9 7 0
FU 9 10 16
FU 9 12 0
FU 9 13 0
FU 9 14 0
FU 9 18 0
FU 9 19 0
FU 9 20 0
FU 9 21 0
FU 9 23 28
FU 9 24 14
FU 9 25 0
FU 9 26 1
FU 9 27 33
FU 9 29 0
FU 9 32 80
FU 9 34 0
FU 9 35 0
FU 9 36 0
FU 9 38 0
FU 9 39 0
FU 9 40 13
FU 9 41 0
FU 9 42 16
FU 9 43 0
FU 9 44 0
FU 9 45 0
FU 9 46 0
FU 9 47 1
FU 9 48 18
FU 9 50 23
FU 9 51 10
FU 9 52 15
FU 9 53 32
FU 9 57 0
FU 9 59 24
FU 9 60 0
FU 9 61 44
FU 9 64 26
FU 9 65 0
FU 9 66 0
FU 9 68 23
FU 9 71 0
FU 9 73 0
FU 9 75 0
FU 9 76 0
FU 9 77 0
FU 9 78 26
FU 9 80 0
FU 9 81 11
FU 9 83 0
FU 9 85 0
FU 10 2 0
FU 10 12 0
FU 10 18 0
FU 10 21 0
FU 10 30 17
FU 10 32 94
FU 10 40 15
FU 10 61 5
FU 10 64 31
FU 10 69 46
FU 10 70 0
FU 10 80 0
FU 10 85 0
FU 11 3 37
FU 11 4 41
FU 11 5 0
FU 11 13 0
FU 11 15 3
FU 11 16 0
FU 11 25 0
FU 11 26 20
FU 11 28 0
FU 11 31 0
FU 11 33 0
FU 11 43 0
FU 11 45 0
FU 11 49 0
FU 11 56 0
FU 11 62 0
FU 11 67 0
FU 11 71 0
FU 11 78 57
FU 11 83 0
FU 11 89 0
FU 12 9 200
FU 12 10 50
FU 12 13 506
FU 12 14 997
FU 12 21 516
FU 12 24 24
FU 12 36 998
FU 12 40 28
FU 12 41 0
FU 12 44 325
FU 12 47 18
FU 12 50 49
FU 12 53 201
FU 12 60 281
FU 12 64 23
FU 12 69 207
FU 12 70 497
FU 12 75 0
FU 12 76 185
FU 12 84 507
FU 12 85 505
FU 12 86 337
FU 13 3 14
FU 13 7 0
FU 13 9 0
FU 13 10 28
FU 13 11 0
FU 13 12 0
FU 13 14 0
FU 13 20 185
FU 13 21 0
FU 13 24 7
FU 13 26 43
FU 13 31 0
FU 13 32 6
FU 13 36 0
FU 13 38 0
FU 13 41 0
FU 13 44 0
FU 13 45 0
FU 13 47 235
FU 13 48 14
FU 13 50 12
FU 13 51 24
FU 13 52 27
FU 13 53 11
FU 13 57 0
FU 13 59 39
FU 13 60 0
FU 13 61 20
FU 13 64 18
FU 13 66 0
FU 13 69 29
FU 13 70 0
FU 13 71 0
FU 13 75 0
FU 13 84 0
FU 14 9 0
FU 14 10 37
FU 14 12 0
FU 14 13 0
FU 14 21 0
FU 14 24 69
FU 14 36 0
FU 14 40 73
FU 14 44 0
FU 14 47 5
FU 14 50 8
FU 14 51 9
FU 14 53 38
FU 14 60 0
FU 14 64 45
FU 14 69 27
FU 14 70 0
FU 14 75 0
FU 14 76 0
FU 14 84 0
FU 14 85 0
FU 14 86 0
FU 15 3 16
FU 15 4 26
FU 15 5 0
FU 15 11 0
FU 15 16 0
FU 15 22 0
FU 15 25 0
FU 15 26 8
FU 15 27 18
FU 15 28 0
FU 15 29 1
FU 15 31 0
FU 15 33 0
FU 15 36 0
FU 15 43 0
FU 15 44 0
FU 15 49 0
FU 15 51 5
FU 15 52 37
FU 15 57 0
FU 15 62 0
FU 15 67 0
FU 15 69 23
FU 15 71 0
FU 15 74 0
FU 15 78 29
FU 15 81 57
FU 15 83 0
FU 15 89 0
FU 16 3 27
FU 16 4 39
FU 16 5 0
FU 16 11 0
FU 16 15 3
FU 16 18 0
FU 16 25 0
FU 16 26 3
FU 16 27 13
FU 16 31 0
FU 16 33 0
FU 16 35 2
FU 16 43 0
FU 16 44 0
FU 16 45 0
FU 16 49 0
FU 16 56 0
FU 16 62 0
FU 16 63 81
FU 16 67 0
FU 16 69 54
FU 16 71 0
FU 16 74 0
FU 16 78 36
FU 16 81 27
FU 16 83 0
FU 18 7 0
FU 18 10 14
FU 18 16 0
FU 18 26 25
FU 18 27 16
FU 18 28 997
FU 18 29 0
FU 18 35 0
FU 18 41 0
FU 18 45 0
FU 18 47 52
FU 18 48 8
FU 18 49 165
FU 18 52 10
FU 18 54 0
FU 18 55 411
FU 18 67 0
FU 18 68 29
FU 18 72 206
FU 18 74 0
FU 18 81 15
FU 18 82 8
FU 19 2 0
FU 19 7 0
FU 19 9 0
FU 19 18 0
FU 19 20 0
FU 19 22 0
FU 19 24 6
FU 19 30 10
FU 19 34 0
FU 19 35 174
FU 19 41 0
FU 19 45 0
FU 19 47 21
FU 19 48 1
FU 19 51 9
FU 19 52 26
FU 19 54 0
FU 19 57 0
FU 19 59 12
FU 19 60 0
FU 19 61 10
FU 19 65 0
FU 19 66 0
FU 19 80 0
FU 19 82 24
FU 20 2 0
FU 20 6 0
FU 20 7 0
FU 20 9 0
FU 20 10 25
FU 20 13 479
FU 20 18 0
FU 20 19 0
FU 20 23 30
FU 20 24 16
FU 20 34 0
FU 20 39 0
FU 20 41 0
FU 20 42 36
FU 20 46 0
FU 20 47 0
FU 20 51 13
FU 20 52 24
FU 20 54 0
FU 20 57 0
FU 20 59 29
FU 20 60 0
FU 20 64 17
FU 20 65 0
FU 20 66 0
FU 20 68 30
FU 20 73 0
FU 20 75 366
FU 20 77 0
FU 20 80 0
FU 20 82 21
FU 21 9 0
FU 21 10 19
FU 21 12 0
FU 21 13 0
FU 21 14 0
FU 21 24 11
FU 21 36 0
FU 21 38 0
FU 21 40 50
FU 21 44 0
FU 21 47 229
FU 21 50 34
FU 21 51 18
FU 21 53 24
FU 21 60 0
FU 21 64 85
FU 21 69 22
FU 21 70 185
FU 21 75 0
FU 21 76 0
FU 21 84 0
FU 21 85 479
FU 21 86 318
FU 22 2 0
FU 22 4 18
FU 22 5 0
FU 22 6 0
FU 22 7 0
FU 22 10 15
FU 22 15 147
FU 22 18 0
FU 22 19 0
FU 22 23 55
FU 22 24 24
FU 22 25 536
FU 22 26 12
FU 22 28 0
FU 22 29 0
FU 22 30 22
FU 22 33 0
FU 22 35 0
FU 22 36 0
FU 22 39 0
FU 22 41 0
FU 22 42 38
FU 22 43 989
FU 22 44 0
FU 22 45 0
FU 22 46 0
FU 22 48 13
FU 22 49 0
FU 22 50 31
FU 22 51 26
FU 22 52 7
FU 22 54 0
FU 22 56 602
FU 22 57 0
FU 22 59 8
FU 22 60 0
FU 22 61 14
FU 22 62 0
FU 22 65 0
FU 22 66 0
FU 22 67 0
FU 22 68 22
FU 22 71 0
FU 22 73 0
FU 22 74 0
FU 22 75 0
FU 22 76 0
FU 22 77 0
FU 22 80 0
FU 22 82 37
FU 22 83 997
FU 23 2 0
FU 23 7 0
FU 23 20 0
FU 23 22 0
FU 23 24 37
FU 23 30 14
FU 23 35 0
FU 23 45 0
FU 23 47 21
FU 23 48 24
FU 23 52 13
FU 23 54 0
FU 23 57 0
FU 23 59 40
FU 23 60 0
FU 23 61 9
FU 23 80 0
FU 23 82 19
FU 24 2 0
FU 24 6 0
FU 24 19 0
FU 24 20 0
FU 24 22 0
FU 24 23 32
FU 24 39 0
FU 24 42 40
FU 24 46 0
FU 24 68 20
FU 24 77 0
FU 24 82 35
FU 24 86 0
FU 25 3 44
FU 25 4 9
FU 25 5 0
FU 25 9 218
FU 25 11 0
FU 25 15 3
FU 25 16 341
FU 25 22 0
FU 25 26 0
FU 25 27 17
FU 25 28 0
FU 25 29 52
FU 25 31 0
FU 25 33 0
FU 25 35 3
FU 25 43 0
FU 25 45 0
FU 25 49 136
FU 25 55 278
FU 25 56 305
FU 25 62 0
FU 25 63 55
FU 25 67 0
FU 25 71 0
FU 25 72 120
FU 25 74 0
FU 25 78 34
FU 25 79 469
FU 25 81 39
FU 25 83 0
FU 26 3 28
FU 26 4 34
FU 26 5 0
FU 26 16 0
FU 26 18 0
FU 26 22 0
FU 26 25 0
FU 26 27 30
FU 26 28 0
FU 26 29 25
FU 26 30 30
FU 26 31 0
FU 26 33 0
FU 26 35 36
FU 26 43 0
FU 26 44 0
FU 26 49 1
FU 26 51 21
FU 26 55 0
FU 26 56 0
FU 26 62 0
FU 26 66 150
FU 26 71 0
FU 26 75 120
FU 26 76 42
FU 26 78 47
FU 26 79 0
FU 26 81 43
FU 26 83 0
FU 27 4 48
FU 27 5 264
FU 27 16 5
FU 27 18 0
FU 27 25 0
FU 27 28 0
FU 27 29 1
FU 27 35 26
FU 27 49 0
FU 27 55 0
FU 27 56 0
FU 27 62 0
FU 27 72 0
FU 27 79 0
FU 27 81 31
FU 28 3 21
FU 28 4 51
FU 28 5 0
FU 28 11 0
FU 28 15 3
FU 28 18 0
FU 28 22 0
FU 28 25 0
FU 28 26 23
FU 28 27 7
FU 28 29 29
FU 28 31 0
FU 28 33 0
FU 28 35 0
FU 28 36 0
FU 28 43 0
FU 28 49 0
FU 28 52 38
FU 28 55 0
FU 28 56 0
FU 28 62 0
FU 28 63 123
FU 28 67 0
FU 28 72 0
FU 28 74 0
FU 28 75 0
FU 28 78 26
FU 28 79 0
FU 28 81 25
FU 28 83 0
FU 28 89 0
FU 29 4 45
FU 29 5 0
FU 29 9 0
FU 29 18 0
FU 29 22 0
FU 29 25 0
FU 29 26 89
FU 29 27 21
FU 29 28 0
FU 29 30 44
FU 29 33 0
FU 29 35 162
FU 29 43 0
FU 29 49 67
FU 29 51 30
FU 29 52 25
FU 29 55 88
FU 29 56 80
FU 29 62 87
FU 29 66 77
FU 29 71 0
FU 29 72 29
FU 29 75 18
FU 29 76 37
FU 29 78 41
FU 29 79 50
FU 29 81 48
FU 29 83 0
FU 30 2 0
FU 30 5 0
FU 30 6 0
FU 30 7 0
FU 30 10 24
FU 30 19 0
FU 30 22 0
FU 30 23 69
FU 30 26 76
FU 30 29 38
FU 30 39 0
FU 30 42 39
FU 30 45 0
FU 30 46 0
FU 30 48 16
FU 30 52 30
FU 30 54 0
FU 30 68 49
FU 30 77 0
FU 30 80 0
FU 30 82 65
FU 31 5 0
FU 31 26 10
FU 31 33 995
FU 31 43 0
FU 31 67 997
FU 31 78 43
FU 32 7 0
FU 32 9 0
FU 32 10 14
FU 32 13 0
FU 32 34 0
FU 32 38 0
FU 32 40 63
FU 32 41 0
FU 32 47 11
FU 32 48 6
FU 32 59 4
FU 32 61 14
FU 32 64 29
FU 32 68 28
FU 32 73 0
FU 32 80 0
FU 32 85 0
FU 33 11 997
FU 33 16 0
FU 33 25 0
FU 33 26 6
FU 33 28 0
FU 33 29 3
FU 33 31 1
FU 33 35 165
FU 33 44 6
FU 33 49 2
FU 33 51 8
FU 33 55 0
FU 33 56 2
FU 33 62 0
FU 33 78 89
FU 33 79 0
FU 33 81 49
FU 34 2 0
FU 34 6 0
FU 34 7 0
FU 34 9 0
FU 34 18 0
FU 34 19 0
FU 34 20 0
FU 34 23 23
FU 34 24 42
FU 34 30 25
FU 34 32 2
FU 34 38 0
FU 34 39 0
FU 34 40 28
FU 34 41 0
FU 34 42 52
FU 34 45 0
FU 34 46 0
FU 34 47 0
FU 34 48 10
FU 34 52 15
FU 34 54 0
FU 34 57 0
FU 34 59 43
FU 34 60 0
FU 34 61 7
FU 34 65 0
FU 34 66 0
FU 34 68 19
FU 34 73 0
FU 34 77 0
FU 34 80 0
FU 34 82 25
FU 35 5 0
FU 35 6 0
FU 35 9 0
FU 35 16 52
FU 35 18 0
FU 35 19 84
FU 35 23 74
FU 35 25 2
FU 35 26 70
FU 35 27 46
FU 35 28 0
FU 35 29 4
FU 35 33 0
FU 35 43 4
FU 35 45 0
FU 35 49 5
FU 35 51 12
FU 35 52 65
FU 35 54 0
FU 35 55 0
FU 35 56 1
FU 35 57 0
FU 35 67 0
FU 35 68 51
FU 35 72 0
FU 35 74 0
FU 35 77 92
FU 35 78 50
FU 35 79 1
FU 35 81 12
FU 36 5 0
FU 36 7 0
FU 36 9 0
FU 36 10 45
FU 36 12 0
FU 36 13 0
FU 36 14 0
FU 36 15 8
FU 36 21 1
FU 36 22 0
FU 36 24 16
FU 36 28 0
FU 36 31 0
FU 36 44 0
FU 36 45 0
FU 36 48 7
FU 36 50 51
FU 36 51 4
FU 36 52 41
FU 36 59 53
FU 36 60 0
FU 36 69 13
FU 36 70 0
FU 36 71 0
FU 36 73 0
FU 36 74 0
FU 36 75 0
FU 36 76 0
FU 36 83 0
FU 36 84 0
FU 38 7 0
FU 38 9 0
FU 38 10 26
FU 38 13 0
FU 38 21 0
FU 38 24 23
FU 38 32 13
FU 38 34 0
FU 38 40 31
FU 38 41 0
FU 38 47 1
FU 38 48 4
FU 38 53 23
FU 38 59 18
FU 38 61 16
FU 38 64 16
FU 38 73 0
FU 38 80 0
FU 38 85 0
FU 38 86 0
FU 39 2 0
FU 39 7 0
FU 39 9 0
FU 39 18 0
FU 39 20 145
FU 39 22 0
FU 39 24 10
FU 39 30 15
FU 39 34 0
FU 39 41 0
FU 39 45 0
FU 39 47 1
FU 39 48 3
FU 39 51 6
FU 39 52 14
FU 39 54 461
FU 39 57 0
FU 39 59 16
FU 39 60 0
FU 39 61 44
FU 39 65 0
FU 39 66 0
FU 39 80 0
FU 39 82 56
FU 40 52 5
FU 41 2 997
FU 41 6 998
FU 41 7 531
FU 41 9 396
FU 41 10 159
FU 41 12 998
FU 41 13 11
FU 41 18 997
FU 41 19 801
FU 41 20 477
FU 41 22 998
FU 41 23 195
FU 41 24 88
FU 41 32 200
FU 41 34 0
FU 41 38 7
FU 41 39 998
FU 41 40 67
FU 41 42 194
FU 41 44 456
FU 41 45 997
FU 41 46 467
FU 41 47 27
FU 41 48 544
FU 41 50 481
FU 41 51 394
FU 41 52 106
FU 41 53 507
FU 41 54 458
FU 41 57 533
FU 41 59 86
FU 41 60 435
FU 41 61 371
FU 41 64 139
FU 41 65 998
FU 41 66 771
FU 41 68 249
FU 41 73 998
FU 41 75 494
FU 41 76 423
FU 41 77 808
FU 41 80 998
FU 41 85 13
FU 41 0 1000
FU 42 2 0
FU 42 7 0
FU 42 20 0
FU 42 24 26
FU 42 30 23
FU 42 45 0
FU 42 47 34
FU 42 48 21
FU 42 51 49
FU 42 52 7
FU 42 54 0
FU 42 57 0
FU 42 59 36
FU 42 60 0
FU 42 61 13
FU 42 82 65
FU 43 3 324
FU 43 4 55
FU 43 15 7
FU 43 16 339
FU 43 22 0
FU 43 27 32
FU 43 31 996
FU 43 62 425
FU 43 72 158
FU 44 5 0
FU 44 7 0
FU 44 9 0
FU 44 10 37
FU 44 12 0
FU 44 13 0
FU 44 14 0
FU 44 15 179
FU 44 16 0
FU 44 21 0
FU 44 22 0
FU 44 26 11
FU 44 29 0
FU 44 31 0
FU 44 33 1
FU 44 36 0
FU 44 41 0
FU 44 45 0
FU 44 48 22
FU 44 49 0
FU 44 50 10
FU 44 51 8
FU 44 52 22
FU 44 57 465
FU 44 59 30
FU 44 60 0
FU 44 64 11
FU 44 66 0
FU 44 67 0
FU 44 69 35
FU 44 70 0
FU 44 71 0
FU 44 73 0
FU 44 74 0
FU 44 75 0
FU 44 76 0
FU 44 83 0
FU 44 84 0
FU 45 6 0
FU 45 7 0
FU 45 19 0
FU 45 23 44
FU 45 30 20
FU 45 34 998
FU 45 40 46
FU 45 41 0
FU 45 42 66
FU 45 46 0
FU 45 47 1
FU 45 48 13
FU 45 49 149
FU 45 54 0
FU 45 61 16
FU 45 64 34
FU 45 68 26
FU 45 69 35
FU 45 77 0
FU 45 82 27
FU 46 2 0
FU 46 7 0
FU 46 9 0
FU 46 18 0
FU 46 20 0
FU 46 22 0
FU 46 24 21
FU 46 30 26
FU 46 34 0
FU 46 41 0
FU 46 45 0
FU 46 47 13
FU 46 48 9
FU 46 51 13
FU 46 52 18
FU 46 54 0
FU 46 57 0
FU 46 59 24
FU 46 60 0
FU 46 61 37
FU 46 65 0
FU 46 66 0
FU 46 80 0
FU 46 82 43
FU 47 2 0
FU 47 6 0
FU 47 7 0
FU 47 13 0
FU 47 18 0
FU 47 19 113
FU 47 20 0
FU 47 23 49
FU 47 38 0
FU 47 42 51
FU 47 45 0
FU 47 46 116
FU 47 48 25
FU 47 50 22
FU 47 52 28
FU 47 54 79
FU 47 57 0
FU 47 60 0
FU 47 61 18
FU 47 64 34
FU 47 75 0
FU 47 76 0
FU 47 77 98
FU 47 80 0
FU 48 32 121
FU 48 38 494
FU 48 40 34
FU 48 47 0
FU 49 3 13
FU 49 4 35
FU 49 5 0
FU 49 11 0
FU 49 15 9
FU 49 16 0
FU 49 18 0
FU 49 22 0
FU 49 25 0
FU 49 26 57
FU 49 27 35
FU 49 28 0
FU 49 29 38
FU 49 33 0
FU 49 35 12
FU 49 43 0
FU 49 44 0
FU 49 45 0
FU 49 51 19
FU 49 55 0
FU 49 56 0
FU 49 62 0
FU 49 63 110
FU 49 67 0
FU 49 71 0
FU 49 72 0
FU 49 74 0
FU 49 78 77
FU 49 79 0
FU 49 81 79
FU 49 83 0
FU 50 5 0
FU 50 7 467
FU 50 12 0
FU 50 13 0
FU 50 21 0
FU 50 22 0
FU 50 40 15
FU 50 41 0
FU 50 45 0
FU 50 47 39
FU 50 52 24
FU 50 60 0
FU 50 64 33
FU 50 69 24
FU 50 70 0
FU 50 84 0
FU 51 4 32
FU 51 26 17
FU 51 29 0
FU 51 33 0
FU 51 35 7
FU 51 42 52
FU 51 46 415
FU 51 49 0
FU 51 67 0
FU 51 70 201
FU 51 74 0
FU 51 83 0
FU 52 29 0
FU 52 40 40
FU 52 42 24
FU 52 47 17
FU 52 64 24
FU 52 80 0
FU 53 12 0
FU 53 21 202
FU 53 38 496
FU 53 41 0
FU 53 59 35
FU 53 76 311
FU 53 86 341
FU 54 2 0
FU 54 5 0
FU 54 6 0
FU 54 7 0
FU 54 10 28
FU 54 18 0
FU 54 19 0
FU 54 20 0
FU 54 22 0
FU 54 23 40
FU 54 24 8
FU 54 30 19
FU 54 34 0
FU 54 35 1
FU 54 39 0
FU 54 41 0
FU 54 42 34
FU 54 45 0
FU 54 46 0
FU 54 47 62
FU 54 48 17
FU 54 51 11
FU 54 52 35
FU 54 57 0
FU 54 59 39
FU 54 60 0
FU 54 61 34
FU 54 65 0
FU 54 66 0
FU 54 68 27
FU 54 73 0
FU 54 77 0
FU 54 80 0
FU 54 82 52
FU 55 4 24
FU 55 5 0
FU 55 18 0
FU 55 25 0
FU 55 26 12
FU 55 27 12
FU 55 28 0
FU 55 29 61
FU 55 33 0
FU 55 35 1
FU 55 43 0
FU 55 49 0
FU 55 56 0
FU 55 62 0
FU 55 63 107
FU 55 67 0
FU 55 72 0
FU 55 74 0
FU 55 78 35
FU 55 79 0
FU 55 81 11
FU 56 4 20
FU 56 5 0
FU 56 11 0
FU 56 16 246
FU 56 22 0
FU 56 25 452
FU 56 26 6
FU 56 27 255
FU 56 28 0
FU 56 29 2
FU 56 33 0
FU 56 35 4
FU 56 43 0
FU 56 49 153
FU 56 55 211
FU 56 62 0
FU 56 63 81
FU 56 67 0
FU 56 72 278
FU 56 74 0
FU 56 78 27
FU 56 79 469
FU 56 81 45
FU 57 2 0
FU 57 5 0
FU 57 6 0
FU 57 7 0
FU 57 9 0
FU 57 10 16
FU 57 13 0
FU 57 15 237
FU 57 18 0
FU 57 19 0
FU 57 20 0
FU 57 22 0
FU 57 23 40
FU 57 30 25
FU 57 34 0
FU 57 35 16
FU 57 39 0
FU 57 40 47
FU 57 41 0
FU 57 42 25
FU 57 44 180
FU 57 45 0
FU 57 46 0
FU 57 47 8
FU 57 48 12
FU 57 51 6
FU 57 52 14
FU 57 54 0
FU 57 59 35
FU 57 60 0
FU 57 61 22
FU 57 64 35
FU 57 65 0
FU 57 66 0
FU 57 68 52
FU 57 73 0
FU 57 75 0
FU 57 76 0
FU 57 77 0
FU 57 80 0
FU 57 82 22
FU 59 23 19
FU 59 40 35
FU 59 42 33
FU 59 46 0
FU 59 53 28
FU 59 85 0
FU 60 2 0
FU 60 6 0
FU 60 7 0
FU 60 9 0
FU 60 10 34
FU 60 12 0
FU 60 13 0
FU 60 14 0
FU 60 18 0
FU 60 19 0
FU 60 20 0
FU 60 21 0
FU 60 22 0
FU 60 23 11
FU 60 24 26
FU 60 30 53
FU 60 34 0
FU 60 36 0
FU 60 39 0
FU 60 40 43
FU 60 41 0
FU 60 42 10
FU 60 44 0
FU 60 45 0
FU 60 46 0
FU 60 47 4
FU 60 48 10
FU 60 50 28
FU 60 51 7
FU 60 52 12
FU 60 54 0
FU 60 57 0
FU 60 59 27
FU 60 61 28
FU 60 64 8
FU 60 65 0
FU 60 66 0
FU 60 68 24
FU 60 69 32
FU 60 73 0
FU 60 75 0
FU 60 76 0
FU 60 77 0
FU 60 80 0
FU 60 82 26
FU 60 84 0
FU 61 5 302
FU 61 75 0
FU 61 76 0
FU 61 85 0
FU 62 3 34
FU 62 4 54
FU 62 5 0
FU 62 11 0
FU 62 15 13
FU 62 16 0
FU 62 22 0
FU 62 25 0
FU 62 26 6
FU 62 27 17
FU 62 28 0
FU 62 29 2
FU 62 31 0
FU 62 33 0
FU 62 43 0
FU 62 49 0
FU 62 55 0
FU 62 56 0
FU 62 63 62
FU 62 67 0
FU 62 71 0
FU 62 72 0
FU 62 74 0
FU 62 78 31
FU 62 79 0
FU 62 81 55
FU 62 83 0
FU 63 5 0
FU 64 32 77
FU 64 47 1
FU 64 52 27
FU 64 85 0
FU 65 2 0
FU 65 5 0
FU 65 6 0
FU 65 7 0
FU 65 9 0
FU 65 10 22
FU 65 18 0
FU 65 19 0
FU 65 20 0
FU 65 22 0
FU 65 23 34
FU 65 24 41
FU 65 30 19
FU 65 34 0
FU 65 35 10
FU 65 39 0
FU 65 41 0
FU 65 42 44
FU 65 45 0
FU 65 46 0
FU 65 47 1
FU 65 48 15
FU 65 51 11
FU 65 52 13
FU 65 54 0
FU 65 57 0
FU 65 59 14
FU 65 60 0
FU 65 61 18
FU 65 66 0
FU 65 68 34
FU 65 73 0
FU 65 77 0
FU 65 80 0
FU 65 82 27
FU 66 2 0
FU 66 5 251
FU 66 6 0
FU 66 7 0
FU 66 9 0
FU 66 10 32
FU 66 13 0
FU 66 18 0
FU 66 19 0
FU 66 20 0
FU 66 22 0
FU 66 23 48
FU 66 24 32
FU 66 26 78
FU 66 29 25
FU 66 30 22
FU 66 34 0
FU 66 39 0
FU 66 40 27
FU 66 41 0
FU 66 42 45
FU 66 44 0
FU 66 45 0
FU 66 46 0
FU 66 47 1
FU 66 48 9
FU 66 50 28
FU 66 51 26
FU 66 52 36
FU 66 54 0
FU 66 57 0
FU 66 59 12
FU 66 60 0
FU 66 61 15
FU 66 64 50
FU 66 65 0
FU 66 68 50
FU 66 73 0
FU 66 75 0
FU 66 76 0
FU 66 77 0
FU 66 80 0
FU 66 82 26
FU 67 4 15
FU 67 5 0
FU 67 11 0
FU 67 15 5
FU 67 16 0
FU 67 18 0
FU 67 22 0
FU 67 25 0
FU 67 26 5
FU 67 27 27
FU 67 28 0
FU 67 29 473
FU 67 31 0
FU 67 33 0
FU 67 35 5
FU 67 43 0
FU 67 44 0
FU 67 45 0
FU 67 49 0
FU 67 51 16
FU 67 55 0
FU 67 56 0
FU 67 62 0
FU 67 63 96
FU 67 71 0
FU 67 74 0
FU 67 78 19
FU 67 79 0
FU 67 81 31
FU 67 83 0
FU 68 2 0
FU 68 7 0
FU 68 18 0
FU 68 20 0
FU 68 22 0
FU 68 24 24
FU 68 30 23
FU 68 32 64
FU 68 35 93
FU 68 41 0
FU 68 45 0
FU 68 48 9
FU 68 52 36
FU 68 54 0
FU 68 57 0
FU 68 60 0
FU 68 61 20
FU 68 80 0
FU 68 82 10
FU 69 5 0
FU 69 13 0
FU 69 21 1
FU 69 45 0
FU 69 60 282
FU 69 70 7
FU 69 83 1
FU 69 84 1
FU 70 10 16
FU 70 12 0
FU 70 13 0
FU 70 14 0
FU 70 21 0
FU 70 24 13
FU 70 36 0
FU 70 44 0
FU 70 50 15
FU 70 51 60
FU 70 53 7
FU 70 64 24
FU 70 69 33
FU 70 75 0
FU 70 76 0
FU 70 84 485
FU 71 3 31
FU 71 4 55
FU 71 5 0
FU 71 9 0
FU 71 11 0
FU 71 13 0
FU 71 15 2
FU 71 16 0
FU 71 22 0
FU 71 25 0
FU 71 26 9
FU 71 29 2
FU 71 31 0
FU 71 33 0
FU 71 36 0
FU 71 44 0
FU 71 45 0
FU 71 49 0
FU 71 51 11
FU 71 62 0
FU 71 67 0
FU 71 69 38
FU 71 74 0
FU 71 75 0
FU 71 83 0
FU 72 4 16
FU 72 5 155
FU 72 18 0
FU 72 25 0
FU 72 27 34
FU 72 28 0
FU 72 29 11
FU 72 35 0
FU 72 43 0
FU 72 49 0
FU 72 55 0
FU 72 56 0
FU 72 62 0
FU 72 63 38
FU 72 78 45
FU 72 79 0
FU 72 81 27
FU 73 2 0
FU 73 7 0
FU 73 9 0
FU 73 10 13
FU 73 18 0
FU 73 20 0
FU 73 22 0
FU 73 24 18
FU 73 30 17
FU 73 32 94
FU 73 34 0
FU 73 36 0
FU 73 38 0
FU 73 41 0
FU 73 44 0
FU 73 45 0
FU 73 47 0
FU 73 48 4
FU 73 50 21
FU 73 51 10
FU 73 52 27
FU 73 54 0
FU 73 57 0
FU 73 59 73
FU 73 60 0
FU 73 61 5
FU 73 64 22
FU 73 65 0
FU 73 66 0
FU 73 75 0
FU 73 80 0
FU 73 82 36
FU 74 2 0
FU 74 4 33
FU 74 5 0
FU 74 15 9
FU 74 16 0
FU 74 18 0
FU 74 22 0
FU 74 25 0
FU 74 26 8
FU 74 27 11
FU 74 28 0
FU 74 29 0
FU 74 30 23
FU 74 33 0
FU 74 35 123
FU 74 36 0
FU 74 43 0
FU 74 44 0
FU 74 45 0
FU 74 49 0
FU 74 51 5
FU 74 52 18
FU 74 55 0
FU 74 56 0
FU 74 62 0
FU 74 67 0
FU 74 71 0
FU 74 75 0
FU 74 78 21
FU 74 81 40
FU 74 83 0
FU 75 2 0
FU 75 7 0
FU 75 9 0
FU 75 10 15
FU 75 12 0
FU 75 13 0
FU 75 14 0
FU 75 20 190
FU 75 21 0
FU 75 22 0
FU 75 24 20
FU 75 26 95
FU 75 28 0
FU 75 29 92
FU 75 31 0
FU 75 36 0
FU 75 40 97
FU 75 41 0
FU 75 44 0
FU 75 45 0
FU 75 47 4
FU 75 48 7
FU 75 50 44
FU 75 51 9
FU 75 52 12
FU 75 57 0
FU 75 59 39
FU 75 60 0
FU 75 61 5
FU 75 64 69
FU 75 66 0
FU 75 69 35
FU 75 70 0
FU 75 71 0
FU 75 73 0
FU 75 74 0
FU 75 76 0
FU 75 84 0
FU 76 7 0
FU 76 9 0
FU 76 10 12
FU 76 12 0
FU 76 14 0
FU 76 21 0
FU 76 22 0
FU 76 24 9
FU 76 26 140
FU 76 29 44
FU 76 36 0
FU 76 41 0
FU 76 44 0
FU 76 45 0
FU 76 47 0
FU 76 48 18
FU 76 50 26
FU 76 51 13
FU 76 52 42
FU 76 53 31
FU 76 57 0
FU 76 59 56
FU 76 60 0
FU 76 61 16
FU 76 64 31
FU 76 66 0
FU 76 69 46
FU 76 70 0
FU 76 75 0
FU 76 84 0
FU 77 2 0
FU 77 7 0
FU 77 9 0
FU 77 18 0
FU 77 20 0
FU 77 22 0
FU 77 24 20
FU 77 30 26
FU 77 34 0
FU 77 35 22
FU 77 41 0
FU 77 45 0
FU 77 47 49
FU 77 48 5
FU 77 51 6
FU 77 52 14
FU 77 54 0
FU 77 57 0
FU 77 59 58
FU 77 60 0
FU 77 61 40
FU 77 65 0
FU 77 66 0
FU 77 80 0
FU 77 82 35
FU 78 3 54
FU 78 5 1
FU 78 31 0
FU 79 4 18
FU 79 5 0
FU 79 25 0
FU 79 26 35
FU 79 27 16
FU 79 28 0
FU 79 29 24
FU 79 33 0
FU 79 35 2
FU 79 43 0
FU 79 49 0
FU 79 55 0
FU 79 56 0
FU 79 62 0
FU 79 63 53
FU 79 67 0
FU 79 72 0
FU 79 78 23
FU 79 81 37
FU 80 2 0
FU 80 6 0
FU 80 7 0
FU 80 9 0
FU 80 10 41
FU 80 18 0
FU 80 19 0
FU 80 20 0
FU 80 22 0
FU 80 23 42
FU 80 24 36
FU 80 30 32
FU 80 32 79
FU 80 34 0
FU 80 38 0
FU 80 39 0
FU 80 40 40
FU 80 41 0
FU 80 42 30
FU 80 45 0
FU 80 46 0
FU 80 47 2
FU 80 48 9
FU 80 51 3
FU 80 52 19
FU 80 54 0
FU 80 57 0
FU 80 59 18
FU 80 60 0
FU 80 61 31
FU 80 65 0
FU 80 66 0
FU 80 68 45
FU 80 73 0
FU 80 77 0
FU 80 82 47
FU 81 4 79
FU 81 5 6
FU 81 16 1
FU 81 18 0
FU 81 25 1
FU 81 27 51
FU 81 28 0
FU 81 29 8
FU 81 35 18
FU 81 49 1
FU 81 55 1
FU 81 56 3
FU 81 62 4
FU 81 72 0
FU 81 79 1
FU 82 2 0
FU 82 6 0
FU 82 19 0
FU 82 20 0
FU 82 22 0
FU 82 23 16
FU 82 24 61
FU 82 30 46
FU 82 39 0
FU 82 42 39
FU 82 45 0
FU 82 46 0
FU 82 54 0
FU 82 68 36
FU 83 3 38
FU 83 9 178
FU 83 22 0
FU 83 28 0
FU 83 29 5
FU 83 33 0
FU 83 49 7
FU 83 51 40
FU 83 62 471
FU 83 69 125
FU 83 71 997
FU 83 89 998
FU 84 10 53
FU 84 12 0
FU 84 13 0
FU 84 14 0
FU 84 21 0
FU 84 24 29
FU 84 36 0
FU 84 40 64
FU 84 44 0
FU 84 50 33
FU 84 51 17
FU 84 53 34
FU 84 60 0
FU 84 64 50
FU 84 69 23
FU 84 70 100
FU 84 75 0
FU 84 76 0
FU 85 7 0
FU 85 9 0
FU 85 10 20
FU 85 12 0
FU 85 14 0
FU 85 21 188
FU 85 24 11
FU 85 32 7
FU 85 38 0
FU 85 41 0
FU 85 47 0
FU 85 53 31
FU 85 59 29
FU 85 61 23
FU 85 64 53
FU 86 12 0
FU 86 14 0
FU 86 21 80
FU 86 24 21
FU 86 38 0
FU 86 40 63
FU 86 53 11
FU 89 3 23
FU 89 11 0
FU 89 15 1
FU 89 28 0
FU 89 83 0
