Nodes: 31
Arcs: 206
MVE: 8
MAE: 19
SAE: 1466
Terminals_rem: 1
Nodes_rem: 9
Arcs_rem: 46
First LB: 0
LB: 0
Iter. LB: 0
First UB: 7
UB: 2
Iter. UB: 172
gap: 100
BM. Time: 0
Runtime: 23
FL 0 4 1
FL 0 17 2
FL 0 10 7
FL 0 22 3
FL 0 13 0
FL 0 30 2
FL 0 25 7
FL 0 24 4
FL 0 9 998
FL 0 28 9
FL 0 29 2
FL 0 12 6
FL 0 1 93
FL 0 2 309
FL 0 3 998
FL 0 5 341
FL 0 6 12
FL 0 7 998
FL 0 8 149
FL 0 11 58
FL 0 14 195
FL 0 15 161
FL 0 16 998
FL 0 18 998
FL 0 19 998
FL 0 20 998
FL 0 21 998
FL 0 23 209
FL 0 27 998
FL 1 2 60
FL 1 4 155
FL 1 5 329
FL 1 6 8
FL 1 10 144
FL 1 11 2
FL 1 12 113
FL 1 14 117
FL 1 15 117
FL 1 17 187
FL 1 25 419
FL 1 28 240
FL 2 1 47
FL 2 10 85
FL 2 11 1
FL 2 12 16
FL 2 14 87
FL 2 15 74
FL 2 17 28
FL 2 25 98
FL 2 28 53
FL 4 1 36
FL 4 5 363
FL 4 6 8
FL 4 10 331
FL 4 12 120
FL 4 15 114
FL 4 28 272
FL 5 1 16
FL 5 4 53
FL 6 1 418
FL 6 4 482
FL 6 8 165
FL 6 11 21
FL 6 12 459
FL 6 13 175
FL 6 17 442
FL 6 24 322
FL 6 26 0
FL 6 29 442
FL 6 30 311
FL 8 6 95
FL 8 11 87
FL 8 13 275
FL 8 26 0
FL 10 1 15
FL 10 2 87
FL 10 4 43
FL 10 12 0
FL 10 14 116
FL 10 15 96
FL 10 17 21
FL 10 23 235
FL 10 25 23
FL 10 28 17
FL 11 1 148
FL 11 2 175
FL 11 6 15
FL 11 8 95
FL 11 12 186
FL 11 13 44
FL 11 17 44
FL 11 24 104
FL 11 26 0
FL 11 29 155
FL 11 30 86
FL 12 1 54
FL 12 2 120
FL 12 4 272
FL 12 6 6
FL 12 10 212
FL 12 11 17
FL 12 14 127
FL 12 15 175
FL 12 17 295
FL 12 25 428
FL 12 28 250
FL 13 6 36
FL 13 8 171
FL 13 11 33
FL 13 22 813
FL 13 23 244
FL 13 24 310
FL 13 26 1
FL 13 29 429
FL 13 30 354
FL 14 10 3
FL 14 15 82
FL 14 17 2
FL 14 25 2
FL 14 28 1
FL 15 1 38
FL 15 14 98
FL 15 22 204
FL 17 1 31
FL 17 2 79
FL 17 6 2
FL 17 10 230
FL 17 11 2
FL 17 12 109
FL 17 14 91
FL 17 15 45
FL 17 28 180
FL 22 13 0
FL 22 15 63
FL 22 23 351
FL 23 13 0
FL 24 6 3
FL 24 11 12
FL 24 13 12
FL 24 30 284
FL 25 1 50
FL 25 2 106
FL 25 10 11
FL 25 12 0
FL 25 14 119
FL 25 15 68
FL 25 28 29
FL 26 6 794
FL 26 8 457
FL 26 11 177
FL 26 13 474
FL 26 0 1000
FL 28 1 35
FL 28 2 104
FL 28 4 31
FL 28 10 25
FL 28 12 0
FL 28 14 106
FL 28 15 61
FL 28 17 25
FL 28 25 72
FL 29 6 4
FL 29 11 2
FL 29 13 15
FL 30 6 4
FL 30 11 14
FL 30 13 9
FL 30 24 293
FU 0 4 3
FU 0 17 3
FU 0 10 9
FU 0 22 10
FU 0 13 2
FU 0 30 7
FU 0 25 10
FU 0 24 15
FU 0 9 1000
FU 0 28 11
FU 0 29 4
FU 0 12 4
FU 0 1 84
FU 0 2 286
FU 0 3 1000
FU 0 5 335
FU 0 6 21
FU 0 7 1000
FU 0 8 153
FU 0 11 370
FU 0 14 205
FU 0 15 154
FU 0 16 1000
FU 0 18 1000
FU 0 19 1000
FU 0 20 1000
FU 0 21 1000
FU 0 23 199
FU 0 27 1000
FU 1 2 77
FU 1 4 171
FU 1 5 324
FU 1 6 9
FU 1 10 149
FU 1 11 1
FU 1 12 116
FU 1 14 102
FU 1 15 100
FU 1 17 165
FU 1 25 407
FU 1 28 212
FU 2 1 65
FU 2 10 90
FU 2 11 5
FU 2 12 28
FU 2 14 92
FU 2 15 59
FU 2 17 36
FU 2 25 90
FU 2 28 42
FU 4 1 42
FU 4 5 341
FU 4 6 7
FU 4 10 326
FU 4 12 121
FU 4 15 125
FU 4 28 280
FU 5 1 15
FU 5 4 45
FU 6 1 408
FU 6 4 492
FU 6 8 156
FU 6 11 44
FU 6 12 460
FU 6 13 162
FU 6 17 463
FU 6 24 323
FU 6 26 0
FU 6 29 435
FU 6 30 341
FU 8 6 87
FU 8 11 99
FU 8 13 270
FU 8 26 0
FU 10 1 36
FU 10 2 85
FU 10 4 46
FU 10 12 0
FU 10 14 115
FU 10 15 100
FU 10 17 14
FU 10 23 230
FU 10 25 24
FU 10 28 23
FU 11 1 143
FU 11 2 165
FU 11 6 18
FU 11 8 77
FU 11 12 170
FU 11 13 37
FU 11 17 40
FU 11 24 91
FU 11 26 0
FU 11 29 151
FU 11 30 77
FU 12 1 51
FU 12 2 103
FU 12 4 205
FU 12 6 11
FU 12 10 185
FU 12 11 57
FU 12 14 120
FU 12 15 162
FU 12 17 256
FU 12 25 404
FU 12 28 244
FU 13 6 27
FU 13 8 147
FU 13 11 47
FU 13 22 784
FU 13 23 229
FU 13 24 327
FU 13 26 0
FU 13 29 410
FU 13 30 338
FU 14 10 2
FU 14 15 63
FU 14 17 0
FU 14 25 0
FU 14 28 0
FU 15 1 38
FU 15 14 75
FU 15 22 206
FU 17 1 28
FU 17 2 73
FU 17 6 0
FU 17 10 197
FU 17 11 16
FU 17 12 101
FU 17 14 83
FU 17 15 37
FU 17 28 158
FU 22 13 0
FU 22 15 57
FU 22 23 342
FU 23 13 0
FU 24 6 10
FU 24 11 87
FU 24 13 29
FU 24 30 237
FU 25 1 48
FU 25 2 107
FU 25 10 12
FU 25 12 0
FU 25 14 113
FU 25 15 75
FU 25 28 30
FU 26 6 795
FU 26 8 467
FU 26 11 187
FU 26 13 471
FU 26 0 1000
FU 28 1 42
FU 28 2 104
FU 28 4 38
FU 28 10 30
FU 28 12 0
FU 28 14 95
FU 28 15 68
FU 28 17 23
FU 28 25 65
FU 29 6 12
FU 29 11 3
FU 29 13 14
FU 30 6 3
FU 30 11 84
FU 30 13 15
FU 30 24 244
