Nodes: 91
Arcs: 2302
MVE: 6
MAE: 713
SAE: 84985
Terminals_rem: 0
Nodes_rem: 15
Arcs_rem: 1021
First LB: 2
LB: 2
Iter. LB: 0
First UB: 41
UB: 15
Iter. UB: 371
gap: 86.6667
BM. Time: 0
Runtime: 383
FL 0 72 0
FL 0 46 6
FL 0 40 25
FL 0 47 1
FL 0 45 2
FL 0 60 13
FL 0 9 1
FL 0 78 10
FL 0 44 470
FL 0 8 13
FL 0 15 10
FL 0 86 7
FL 0 36 12
FL 0 17 11
FL 0 29 10
FL 0 25 2
FL 0 37 10
FL 0 2 0
FL 0 24 8
FL 0 43 2
FL 0 61 1
FL 0 88 0
FL 0 76 8
FL 0 79 1
FL 0 73 1
FL 0 42 3
FL 0 23 13
FL 0 18 2
FL 0 7 0
FL 0 19 13
FL 0 82 2
FL 0 13 16
FL 0 39 503
FL 0 49 0
FL 0 83 3
FL 0 4 12
FL 0 52 19
FL 0 48 7
FL 0 5 4
FL 0 41 0
FL 0 26 19
FL 0 69 0
FL 0 35 2
FL 0 1 59
FL 0 3 44
FL 0 6 86
FL 0 10 121
FL 0 11 161
FL 0 12 46
FL 0 14 999
FL 0 16 276
FL 0 20 999
FL 0 21 2
FL 0 22 999
FL 0 27 999
FL 0 28 142
FL 0 30 999
FL 0 31 999
FL 0 32 43
FL 0 33 218
FL 0 34 999
FL 0 50 34
FL 0 51 262
FL 0 53 20
FL 0 54 41
FL 0 55 81
FL 0 56 43
FL 0 57 998
FL 0 58 107
FL 0 59 2
FL 0 62 998
FL 0 63 18
FL 0 64 998
FL 0 65 124
FL 0 66 998
FL 0 67 998
FL 0 68 85
FL 0 70 998
FL 0 71 998
FL 0 74 999
FL 0 75 90
FL 0 77 68
FL 0 80 5
FL 0 81 78
FL 0 84 44
FL 0 85 77
FL 0 87 52
FL 0 89 20
FL 0 90 24
FL 1 6 34
FL 1 18 0
FL 1 23 0
FL 1 28 76
FL 1 32 22
FL 1 51 29
FL 1 52 1
FL 1 73 0
FL 1 78 0
FL 1 86 0
FL 2 1 213
FL 2 3 57
FL 2 5 450
FL 2 7 105
FL 2 9 94
FL 2 10 59
FL 2 11 33
FL 2 12 45
FL 2 18 280
FL 2 25 416
FL 2 32 69
FL 2 38 0
FL 2 41 108
FL 2 42 14
FL 2 43 309
FL 2 45 319
FL 2 47 152
FL 2 49 999
FL 2 50 128
FL 2 53 174
FL 2 54 54
FL 2 56 98
FL 2 58 263
FL 2 59 999
FL 2 61 433
FL 2 63 425
FL 2 68 233
FL 2 69 173
FL 2 72 102
FL 2 73 218
FL 2 77 118
FL 2 79 439
FL 2 81 350
FL 2 83 480
FL 2 84 343
FL 2 85 71
FL 2 86 34
FL 2 87 125
FL 2 88 384
FL 2 89 317
FL 2 90 56
FL 3 2 0
FL 3 63 13
FL 3 81 20
FL 4 5 0
FL 4 6 21
FL 4 8 1
FL 4 15 0
FL 4 24 1
FL 4 26 1
FL 4 29 1
FL 4 39 9
FL 4 44 7
FL 4 49 0
FL 4 59 0
FL 4 79 0
FL 4 83 0
FL 5 1 64
FL 5 2 0
FL 5 4 361
FL 5 6 40
FL 5 8 0
FL 5 10 67
FL 5 11 15
FL 5 12 36
FL 5 13 0
FL 5 17 0
FL 5 23 0
FL 5 37 0
FL 5 40 0
FL 5 43 0
FL 5 45 0
FL 5 49 0
FL 5 52 0
FL 5 56 114
FL 5 58 77
FL 5 59 0
FL 5 60 0
FL 5 61 0
FL 5 77 56
FL 5 78 364
FL 5 79 0
FL 5 83 0
FL 5 85 52
FL 5 86 0
FL 6 4 0
FL 6 17 3
FL 6 78 130
FL 7 2 0
FL 7 3 34
FL 7 16 7
FL 7 18 0
FL 7 25 0
FL 7 32 13
FL 7 38 0
FL 7 41 33
FL 7 42 0
FL 7 50 26
FL 7 53 13
FL 7 54 17
FL 7 63 4
FL 7 65 94
FL 7 72 0
FL 7 73 0
FL 7 75 65
FL 7 81 37
FL 7 82 0
FL 7 84 31
FL 7 87 24
FL 7 88 0
FL 7 89 6
FL 7 90 16
FL 8 4 0
FL 8 5 0
FL 8 6 24
FL 8 10 34
FL 8 11 47
FL 8 12 73
FL 8 13 0
FL 8 17 272
FL 8 23 999
FL 8 24 0
FL 8 26 0
FL 8 29 0
FL 8 37 0
FL 8 40 0
FL 8 43 0
FL 8 49 0
FL 8 52 0
FL 8 56 65
FL 8 59 0
FL 8 60 1
FL 8 61 0
FL 8 77 88
FL 8 78 108
FL 8 79 0
FL 8 83 0
FL 8 85 40
FL 8 86 0
FL 9 2 0
FL 9 3 43
FL 9 16 7
FL 9 18 0
FL 9 25 0
FL 9 32 18
FL 9 35 0
FL 9 38 0
FL 9 41 0
FL 9 42 0
FL 9 50 10
FL 9 53 16
FL 9 54 96
FL 9 63 7
FL 9 65 83
FL 9 72 0
FL 9 73 0
FL 9 75 85
FL 9 81 17
FL 9 82 0
FL 9 84 17
FL 9 87 17
FL 9 88 0
FL 9 89 14
FL 9 90 3
FL 10 25 0
FL 10 28 56
FL 10 51 80
FL 11 44 93
FL 12 51 52
FL 12 78 0
FL 13 1 41
FL 13 5 0
FL 13 6 21
FL 13 8 0
FL 13 10 32
FL 13 11 24
FL 13 12 34
FL 13 15 0
FL 13 17 2
FL 13 23 1
FL 13 24 0
FL 13 26 0
FL 13 28 32
FL 13 29 0
FL 13 36 0
FL 13 37 0
FL 13 40 2
FL 13 43 0
FL 13 44 3
FL 13 49 0
FL 13 51 41
FL 13 52 1
FL 13 59 0
FL 13 60 1
FL 13 77 31
FL 13 78 0
FL 13 79 0
FL 13 83 0
FL 13 85 76
FL 13 86 2
FL 15 4 0
FL 15 10 18
FL 15 11 15
FL 15 12 84
FL 15 13 0
FL 15 23 0
FL 15 24 0
FL 15 28 26
FL 15 29 0
FL 15 37 0
FL 15 39 6
FL 15 40 0
FL 15 43 0
FL 15 46 0
FL 15 49 0
FL 15 52 0
FL 15 61 0
FL 15 79 0
FL 15 83 0
FL 15 86 0
FL 16 19 2
FL 16 21 0
FL 16 36 0
FL 16 42 1
FL 16 50 35
FL 16 55 108
FL 16 78 402
FL 17 1 43
FL 17 5 0
FL 17 6 35
FL 17 8 102
FL 17 10 24
FL 17 11 21
FL 17 12 26
FL 17 13 0
FL 17 23 0
FL 17 37 0
FL 17 43 0
FL 17 45 0
FL 17 49 0
FL 17 56 37
FL 17 58 106
FL 17 59 0
FL 17 60 1
FL 17 61 0
FL 17 77 18
FL 17 79 0
FL 17 83 0
FL 17 85 25
FL 17 86 0
FL 18 1 41
FL 18 2 0
FL 18 3 50
FL 18 7 68
FL 18 9 20
FL 18 25 19
FL 18 32 14
FL 18 38 0
FL 18 41 25
FL 18 42 79
FL 18 45 29
FL 18 50 21
FL 18 53 11
FL 18 54 31
FL 18 63 7
FL 18 68 35
FL 18 69 74
FL 18 72 49
FL 18 73 29
FL 18 81 31
FL 18 82 0
FL 18 84 33
FL 18 87 20
FL 18 88 43
FL 18 89 15
FL 18 90 0
FL 19 16 13
FL 19 21 0
FL 19 28 29
FL 19 33 83
FL 19 36 0
FL 19 46 0
FL 19 48 0
FL 19 51 102
FL 19 52 1
FL 19 55 124
FL 19 65 108
FL 19 76 2
FL 19 78 0
FL 19 80 0
FL 21 16 285
FL 21 19 512
FL 21 33 148
FL 21 35 243
FL 21 36 351
FL 21 38 0
FL 21 48 999
FL 21 55 53
FL 21 65 44
FL 21 75 48
FL 21 76 512
FL 21 80 999
FL 21 82 135
FL 21 90 25
FL 23 1 12
FL 23 5 0
FL 23 6 12
FL 23 8 0
FL 23 10 52
FL 23 11 35
FL 23 12 61
FL 23 13 1
FL 23 15 0
FL 23 16 6
FL 23 17 1
FL 23 28 66
FL 23 37 0
FL 23 40 1
FL 23 49 0
FL 23 51 23
FL 23 52 1
FL 23 60 2
FL 23 78 0
FL 23 86 1
FL 24 4 274
FL 24 6 65
FL 24 8 3
FL 24 11 24
FL 24 13 0
FL 24 15 998
FL 24 39 3
FL 24 49 0
FL 24 59 0
FL 25 1 36
FL 25 2 0
FL 25 3 24
FL 25 7 0
FL 25 9 0
FL 25 10 33
FL 25 12 25
FL 25 18 0
FL 25 32 13
FL 25 41 0
FL 25 42 0
FL 25 43 193
FL 25 45 0
FL 25 47 70
FL 25 50 12
FL 25 53 10
FL 25 54 42
FL 25 56 60
FL 25 58 76
FL 25 61 65
FL 25 63 5
FL 25 68 52
FL 25 69 0
FL 25 72 0
FL 25 73 0
FL 25 77 97
FL 25 79 347
FL 25 81 8
FL 25 84 44
FL 25 85 22
FL 25 87 27
FL 25 88 0
FL 25 89 20
FL 25 90 15
FL 26 4 0
FL 26 6 9
FL 26 8 1
FL 26 11 18
FL 26 13 4
FL 26 37 310
FL 26 39 13
FL 26 44 177
FL 26 49 0
FL 26 59 0
FL 26 83 191
FL 28 10 95
FL 28 77 56
FL 29 4 0
FL 29 6 54
FL 29 8 0
FL 29 11 60
FL 29 13 0
FL 29 15 0
FL 29 39 6
FL 29 59 0
FL 32 1 34
FL 32 2 0
FL 32 7 0
FL 32 9 0
FL 32 18 0
FL 32 25 0
FL 32 41 0
FL 32 42 18
FL 32 45 68
FL 32 50 13
FL 32 53 10
FL 32 60 0
FL 32 63 4
FL 32 68 50
FL 32 69 0
FL 32 72 72
FL 32 73 0
FL 32 81 43
FL 32 82 67
FL 32 84 65
FL 32 88 0
FL 32 89 16
FL 32 90 10
FL 33 21 0
FL 35 9 0
FL 35 16 7
FL 35 21 0
FL 35 33 142
FL 35 36 0
FL 35 38 0
FL 35 48 0
FL 35 55 85
FL 35 63 10
FL 35 65 92
FL 35 75 21
FL 35 76 0
FL 35 80 0
FL 35 82 0
FL 35 87 10
FL 35 90 3
FL 36 11 23
FL 36 13 0
FL 36 16 12
FL 36 19 0
FL 36 21 0
FL 36 33 144
FL 36 35 0
FL 36 55 42
FL 36 63 6
FL 36 65 83
FL 36 73 0
FL 36 75 22
FL 36 76 0
FL 36 80 0
FL 36 86 0
FL 36 90 18
FL 37 5 0
FL 37 6 58
FL 37 8 0
FL 37 10 14
FL 37 11 27
FL 37 12 45
FL 37 13 0
FL 37 15 0
FL 37 17 0
FL 37 23 0
FL 37 26 275
FL 37 40 0
FL 37 43 0
FL 37 49 0
FL 37 51 76
FL 37 52 0
FL 37 59 0
FL 37 60 1
FL 37 61 45
FL 37 77 94
FL 37 78 0
FL 37 79 0
FL 37 83 0
FL 37 85 10
FL 37 86 0
FL 38 2 999
FL 38 3 60
FL 38 7 307
FL 38 9 298
FL 38 18 208
FL 38 21 999
FL 38 32 257
FL 38 35 381
FL 38 41 240
FL 38 47 240
FL 38 50 363
FL 38 53 501
FL 38 54 110
FL 38 63 217
FL 38 69 235
FL 38 72 339
FL 38 73 289
FL 38 75 50
FL 38 82 215
FL 38 87 220
FL 38 88 195
FL 38 89 248
FL 38 90 151
FL 38 0 1000
FL 39 4 0
FL 39 15 0
FL 39 24 0
FL 39 26 2
FL 39 28 75
FL 39 29 0
FL 39 40 2
FL 39 44 252
FL 39 46 1
FL 40 1 36
FL 40 5 0
FL 40 6 30
FL 40 8 0
FL 40 10 48
FL 40 11 35
FL 40 12 33
FL 40 13 0
FL 40 15 0
FL 40 23 0
FL 40 28 44
FL 40 37 0
FL 40 39 22
FL 40 43 0
FL 40 49 0
FL 40 51 49
FL 40 52 2
FL 40 59 0
FL 40 60 0
FL 40 61 201
FL 40 78 0
FL 40 79 0
FL 40 83 115
FL 40 85 13
FL 40 86 0
FL 41 2 0
FL 41 3 18
FL 41 7 123
FL 41 9 59
FL 41 18 52
FL 41 25 0
FL 41 32 8
FL 41 38 0
FL 41 42 25
FL 41 47 37
FL 41 50 18
FL 41 53 12
FL 41 54 47
FL 41 63 5
FL 41 68 29
FL 41 69 62
FL 41 72 0
FL 41 73 0
FL 41 75 108
FL 41 81 38
FL 41 82 34
FL 41 84 44
FL 41 87 44
FL 41 88 0
FL 41 89 27
FL 42 2 0
FL 42 3 35
FL 42 7 0
FL 42 9 35
FL 42 16 20
FL 42 18 33
FL 42 25 0
FL 42 32 5
FL 42 41 47
FL 42 47 0
FL 42 50 16
FL 42 53 17
FL 42 54 94
FL 42 63 3
FL 42 68 51
FL 42 69 0
FL 42 72 22
FL 42 73 13
FL 42 81 17
FL 42 84 69
FL 42 87 51
FL 42 88 0
FL 42 89 22
FL 42 90 17
FL 43 1 11
FL 43 2 0
FL 43 5 0
FL 43 6 30
FL 43 8 0
FL 43 10 30
FL 43 11 61
FL 43 12 26
FL 43 13 0
FL 43 15 0
FL 43 17 0
FL 43 25 53
FL 43 28 22
FL 43 37 0
FL 43 40 0
FL 43 45 0
FL 43 49 0
FL 43 52 0
FL 43 56 35
FL 43 58 100
FL 43 59 0
FL 43 60 0
FL 43 61 0
FL 43 77 61
FL 43 79 0
FL 43 83 0
FL 43 85 22
FL 44 4 0
FL 44 11 43
FL 44 13 0
FL 44 26 0
FL 44 39 441
FL 45 1 35
FL 45 2 0
FL 45 5 370
FL 45 10 49
FL 45 12 25
FL 45 17 356
FL 45 18 15
FL 45 25 23
FL 45 32 23
FL 45 43 207
FL 45 53 17
FL 45 56 260
FL 45 58 83
FL 45 60 230
FL 45 61 237
FL 45 73 18
FL 45 77 78
FL 45 79 229
FL 45 85 50
FL 46 15 0
FL 46 19 0
FL 46 28 44
FL 46 39 4
FL 46 55 84
FL 46 76 0
FL 46 80 0
FL 47 2 0
FL 47 3 55
FL 47 25 37
FL 47 38 0
FL 47 41 28
FL 47 42 0
FL 47 50 13
FL 47 53 12
FL 47 54 46
FL 47 68 24
FL 47 69 42
FL 47 72 88
FL 47 81 40
FL 47 82 60
FL 47 84 42
FL 47 87 27
FL 47 88 0
FL 47 89 21
FL 48 19 2
FL 48 21 0
FL 48 35 0
FL 48 55 65
FL 48 75 26
FL 48 76 1
FL 48 80 0
FL 49 1 34
FL 49 2 0
FL 49 4 0
FL 49 5 0
FL 49 6 24
FL 49 8 0
FL 49 10 42
FL 49 11 9
FL 49 12 19
FL 49 13 0
FL 49 15 0
FL 49 17 0
FL 49 23 0
FL 49 24 999
FL 49 26 0
FL 49 37 0
FL 49 40 0
FL 49 43 0
FL 49 52 0
FL 49 56 72
FL 49 59 0
FL 49 60 0
FL 49 61 0
FL 49 77 46
FL 49 79 0
FL 49 83 0
FL 49 85 62
FL 49 86 0
FL 50 2 0
FL 50 3 62
FL 50 7 0
FL 50 9 45
FL 50 16 73
FL 50 18 63
FL 50 25 0
FL 50 32 39
FL 50 38 0
FL 50 41 53
FL 50 42 33
FL 50 47 64
FL 50 53 9
FL 50 54 40
FL 50 63 4
FL 50 68 29
FL 50 69 66
FL 50 72 41
FL 50 73 21
FL 50 75 64
FL 50 81 12
FL 50 82 47
FL 50 84 43
FL 50 88 0
FL 50 89 25
FL 50 90 13
FL 51 1 21
FL 51 10 69
FL 51 11 14
FL 51 12 35
FL 51 13 4
FL 51 19 2
FL 51 28 72
FL 51 37 2
FL 51 40 5
FL 51 63 21
FL 51 65 50
FL 51 73 0
FL 51 78 3
FL 51 86 5
FL 52 1 54
FL 52 5 87
FL 52 6 47
FL 52 8 94
FL 52 10 24
FL 52 11 50
FL 52 12 73
FL 52 13 509
FL 52 15 2
FL 52 19 508
FL 52 23 1
FL 52 28 58
FL 52 37 243
FL 52 40 263
FL 52 43 1
FL 52 49 1
FL 52 59 1
FL 52 60 209
FL 52 78 1
FL 52 83 92
FL 52 85 99
FL 52 86 999
FL 53 2 3
FL 53 3 45
FL 53 7 89
FL 53 9 62
FL 53 18 134
FL 53 25 192
FL 53 32 171
FL 53 38 1
FL 53 41 212
FL 53 42 151
FL 53 45 499
FL 53 47 55
FL 53 50 40
FL 53 54 22
FL 53 63 122
FL 53 68 198
FL 53 69 72
FL 53 72 48
FL 53 73 311
FL 53 81 111
FL 53 84 27
FL 53 87 57
FL 53 88 40
FL 53 89 16
FL 53 90 211
FL 54 38 1
FL 54 47 35
FL 55 16 13
FL 55 46 1
FL 55 80 1
FL 56 8 159
FL 58 5 1
FL 58 10 42
FL 58 17 1
FL 58 25 19
FL 58 28 46
FL 58 43 148
FL 58 77 38
FL 59 2 1
FL 59 4 383
FL 59 6 160
FL 59 8 210
FL 59 13 509
FL 59 17 390
FL 59 24 3
FL 59 26 274
FL 59 29 999
FL 59 40 398
FL 59 43 152
FL 59 52 999
FL 59 60 387
FL 59 83 126
FL 59 85 114
FL 60 5 1
FL 60 6 30
FL 60 8 151
FL 60 10 32
FL 60 11 89
FL 60 12 107
FL 60 13 1
FL 60 17 1
FL 60 23 2
FL 60 32 36
FL 60 37 2
FL 60 40 2
FL 60 43 2
FL 60 45 2
FL 60 49 3
FL 60 52 0
FL 60 56 77
FL 60 58 19
FL 60 59 2
FL 60 61 0
FL 60 65 60
FL 60 73 0
FL 60 77 51
FL 60 78 0
FL 60 79 0
FL 60 85 28
FL 60 86 0
FL 61 1 30
FL 61 2 0
FL 61 5 0
FL 61 6 20
FL 61 8 0
FL 61 10 7
FL 61 12 41
FL 61 15 0
FL 61 17 0
FL 61 25 0
FL 61 28 15
FL 61 37 459
FL 61 40 349
FL 61 43 0
FL 61 45 0
FL 61 49 0
FL 61 56 80
FL 61 58 83
FL 61 60 0
FL 61 77 22
FL 61 79 0
FL 61 85 67
FL 63 2 0
FL 63 3 33
FL 63 7 95
FL 63 9 30
FL 63 16 17
FL 63 18 36
FL 63 25 26
FL 63 32 31
FL 63 35 282
FL 63 36 257
FL 63 38 0
FL 63 41 0
FL 63 42 20
FL 63 50 14
FL 63 51 41
FL 63 53 9
FL 63 54 57
FL 63 55 86
FL 63 65 57
FL 63 69 36
FL 63 72 34
FL 63 73 19
FL 63 75 47
FL 63 76 502
FL 63 82 82
FL 63 88 58
FL 63 89 44
FL 63 90 11
FL 65 51 66
FL 68 2 0
FL 68 3 55
FL 68 18 30
FL 68 25 52
FL 68 32 14
FL 68 41 27
FL 68 42 48
FL 68 47 64
FL 68 50 11
FL 68 53 19
FL 68 72 34
FL 68 81 45
FL 68 84 24
FL 68 87 33
FL 68 88 107
FL 68 89 32
FL 69 2 0
FL 69 3 40
FL 69 18 24
FL 69 25 0
FL 69 32 15
FL 69 38 0
FL 69 41 13
FL 69 42 49
FL 69 47 21
FL 69 50 11
FL 69 53 21
FL 69 54 50
FL 69 63 4
FL 69 72 0
FL 69 81 28
FL 69 82 97
FL 69 84 34
FL 69 87 21
FL 69 88 0
FL 69 89 14
FL 72 2 0
FL 72 3 61
FL 72 7 0
FL 72 9 0
FL 72 18 0
FL 72 25 0
FL 72 32 26
FL 72 38 0
FL 72 41 0
FL 72 42 49
FL 72 47 62
FL 72 50 13
FL 72 53 15
FL 72 54 24
FL 72 63 11
FL 72 68 52
FL 72 69 0
FL 72 73 6
FL 72 81 34
FL 72 82 56
FL 72 84 33
FL 72 87 73
FL 72 88 0
FL 72 89 19
FL 72 90 15
FL 73 1 52
FL 73 2 0
FL 73 3 48
FL 73 7 58
FL 73 9 77
FL 73 16 6
FL 73 18 21
FL 73 25 9
FL 73 32 16
FL 73 36 250
FL 73 38 0
FL 73 41 0
FL 73 42 29
FL 73 45 55
FL 73 50 27
FL 73 51 78
FL 73 53 8
FL 73 54 91
FL 73 55 80
FL 73 60 174
FL 73 63 9
FL 73 65 35
FL 73 72 60
FL 73 75 77
FL 73 82 30
FL 73 87 35
FL 73 88 79
FL 73 89 18
FL 73 90 7
FL 75 50 12
FL 76 19 0
FL 76 21 0
FL 76 33 175
FL 76 35 0
FL 76 36 0
FL 76 46 0
FL 76 48 0
FL 76 55 109
FL 76 63 4
FL 76 65 29
FL 76 75 79
FL 76 80 0
FL 77 11 30
FL 77 25 0
FL 77 28 72
FL 77 58 92
FL 78 1 39
FL 78 5 83
FL 78 6 43
FL 78 8 294
FL 78 10 44
FL 78 11 27
FL 78 12 42
FL 78 13 0
FL 78 16 8
FL 78 19 0
FL 78 23 0
FL 78 28 38
FL 78 37 0
FL 78 40 0
FL 78 51 68
FL 78 52 0
FL 78 60 0
FL 78 86 0
FL 79 1 54
FL 79 2 0
FL 79 4 0
FL 79 5 0
FL 79 6 20
FL 79 8 0
FL 79 10 17
FL 79 11 44
FL 79 12 22
FL 79 13 0
FL 79 15 0
FL 79 17 0
FL 79 25 0
FL 79 28 47
FL 79 37 0
FL 79 40 0
FL 79 43 0
FL 79 45 0
FL 79 49 0
FL 79 56 56
FL 79 59 0
FL 79 60 0
FL 79 61 0
FL 79 77 36
FL 79 83 0
FL 79 85 54
FL 80 46 998
FL 81 2 0
FL 81 3 21
FL 81 9 94
FL 81 18 19
FL 81 25 38
FL 81 32 12
FL 81 41 36
FL 81 42 147
FL 81 47 68
FL 81 50 20
FL 81 53 35
FL 81 54 56
FL 81 68 23
FL 81 69 127
FL 81 72 14
FL 81 84 27
FL 81 87 24
FL 81 88 53
FL 81 89 4
FL 82 3 71
FL 82 7 0
FL 82 9 0
FL 82 18 0
FL 82 21 0
FL 82 32 13
FL 82 35 0
FL 82 38 0
FL 82 41 32
FL 82 47 0
FL 82 50 34
FL 82 63 8
FL 82 69 0
FL 82 72 0
FL 82 73 0
FL 82 75 74
FL 82 87 27
FL 82 88 0
FL 82 89 22
FL 82 90 7
FL 83 1 61
FL 83 2 0
FL 83 4 0
FL 83 5 0
FL 83 6 63
FL 83 8 0
FL 83 10 35
FL 83 11 57
FL 83 12 32
FL 83 13 0
FL 83 15 0
FL 83 17 0
FL 83 26 456
FL 83 37 0
FL 83 40 0
FL 83 43 0
FL 83 49 0
FL 83 52 0
FL 83 59 0
FL 83 77 42
FL 83 79 0
FL 83 85 43
FL 83 86 0
FL 84 2 0
FL 84 18 39
FL 84 32 38
FL 84 41 58
FL 84 42 145
FL 84 47 47
FL 84 50 46
FL 84 53 17
FL 84 68 37
FL 84 72 19
FL 84 81 26
FL 84 87 23
FL 85 86 0
FL 86 1 26
FL 86 2 0
FL 86 5 0
FL 86 6 68
FL 86 8 4
FL 86 10 10
FL 86 11 31
FL 86 12 73
FL 86 13 5
FL 86 15 2
FL 86 17 4
FL 86 23 3
FL 86 28 40
FL 86 36 6
FL 86 37 2
FL 86 40 2
FL 86 49 0
FL 86 51 32
FL 86 52 7
FL 86 60 2
FL 86 78 1
FL 86 83 0
FL 86 85 81
FL 87 2 0
FL 87 3 36
FL 87 7 0
FL 87 9 0
FL 87 18 0
FL 87 32 11
FL 87 35 0
FL 87 38 0
FL 87 41 0
FL 87 42 0
FL 87 47 43
FL 87 50 12
FL 87 53 2
FL 87 63 8
FL 87 65 100
FL 87 68 23
FL 87 69 0
FL 87 72 0
FL 87 73 0
FL 87 75 73
FL 87 81 7
FL 87 82 0
FL 87 84 21
FL 87 88 0
FL 87 89 39
FL 87 90 14
FL 88 2 0
FL 88 3 36
FL 88 7 115
FL 88 9 97
FL 88 16 8
FL 88 18 21
FL 88 25 44
FL 88 32 28
FL 88 38 0
FL 88 41 54
FL 88 42 73
FL 88 47 47
FL 88 50 14
FL 88 53 6
FL 88 54 50
FL 88 63 12
FL 88 68 29
FL 88 69 32
FL 88 72 29
FL 88 73 31
FL 88 81 25
FL 88 82 49
FL 88 84 27
FL 88 87 30
FL 88 89 15
FL 89 2 0
FL 89 3 19
FL 89 7 0
FL 89 9 68
FL 89 16 17
FL 89 18 1
FL 89 25 39
FL 89 32 19
FL 89 38 0
FL 89 41 24
FL 89 42 92
FL 89 47 0
FL 89 50 14
FL 89 53 7
FL 89 63 5
FL 89 68 49
FL 89 69 90
FL 89 72 46
FL 89 73 21
FL 89 81 26
FL 89 82 91
FL 89 84 34
FL 89 87 31
FL 89 88 37
FL 89 90 15
FL 90 2 0
FL 90 3 59
FL 90 7 47
FL 90 9 21
FL 90 16 164
FL 90 18 23
FL 90 21 0
FL 90 25 16
FL 90 32 32
FL 90 33 96
FL 90 35 107
FL 90 36 153
FL 90 38 0
FL 90 42 39
FL 90 50 31
FL 90 53 18
FL 90 54 33
FL 90 55 88
FL 90 63 5
FL 90 65 40
FL 90 72 9
FL 90 73 8
FL 90 75 72
FL 90 82 37
FL 90 87 22
FL 90 89 25
FU 0 72 2
FU 0 46 2
FU 0 40 10
FU 0 47 3
FU 0 45 7
FU 0 60 12
FU 0 9 3
FU 0 78 8
FU 0 44 487
FU 0 8 9
FU 0 15 2
FU 0 86 3
FU 0 36 12
FU 0 17 13
FU 0 29 3
FU 0 25 3
FU 0 37 10
FU 0 2 2
FU 0 24 2
FU 0 43 7
FU 0 61 3
FU 0 88 2
FU 0 76 7
FU 0 79 3
FU 0 73 2
FU 0 42 5
FU 0 23 2
FU 0 18 2
FU 0 7 2
FU 0 19 7
FU 0 82 4
FU 0 13 15
FU 0 39 523
FU 0 49 2
FU 0 83 5
FU 0 4 14
FU 0 52 5
FU 0 48 3
FU 0 5 8
FU 0 41 2
FU 0 26 11
FU 0 69 2
FU 0 35 3
FU 0 1 49
FU 0 3 40
FU 0 6 87
FU 0 10 122
FU 0 11 172
FU 0 12 50
FU 0 14 1000
FU 0 16 262
FU 0 20 1000
FU 0 21 2
FU 0 22 1000
FU 0 27 1000
FU 0 28 154
FU 0 30 1000
FU 0 31 1000
FU 0 32 51
FU 0 33 220
FU 0 34 1000
FU 0 50 35
FU 0 51 269
FU 0 53 29
FU 0 54 44
FU 0 55 80
FU 0 56 47
FU 0 57 1000
FU 0 58 100
FU 0 59 2
FU 0 62 1000
FU 0 63 19
FU 0 64 1000
FU 0 65 129
FU 0 66 1000
FU 0 67 1000
FU 0 68 87
FU 0 70 1000
FU 0 71 1000
FU 0 74 1000
FU 0 75 93
FU 0 77 76
FU 0 80 3
FU 0 81 67
FU 0 84 38
FU 0 85 78
FU 0 87 63
FU 0 89 35
FU 0 90 57
FU 1 6 30
FU 1 18 0
FU 1 23 0
FU 1 28 76
FU 1 32 23
FU 1 51 25
FU 1 52 0
FU 1 73 0
FU 1 78 0
FU 1 86 0
FU 2 1 215
FU 2 3 56
FU 2 5 421
FU 2 7 92
FU 2 9 87
FU 2 10 59
FU 2 11 33
FU 2 12 44
FU 2 18 276
FU 2 25 407
FU 2 32 72
FU 2 38 0
FU 2 41 105
FU 2 42 8
FU 2 43 327
FU 2 45 234
FU 2 47 133
FU 2 49 996
FU 2 50 114
FU 2 53 173
FU 2 54 56
FU 2 56 94
FU 2 58 276
FU 2 59 998
FU 2 61 417
FU 2 63 420
FU 2 68 232
FU 2 69 157
FU 2 72 88
FU 2 73 180
FU 2 77 119
FU 2 79 461
FU 2 81 348
FU 2 83 494
FU 2 84 335
FU 2 85 69
FU 2 86 6
FU 2 87 122
FU 2 88 362
FU 2 89 290
FU 2 90 101
FU 3 2 0
FU 3 63 15
FU 3 81 22
FU 4 5 0
FU 4 6 27
FU 4 8 1
FU 4 15 0
FU 4 24 0
FU 4 26 0
FU 4 29 0
FU 4 39 7
FU 4 44 41
FU 4 49 0
FU 4 59 0
FU 4 79 0
FU 4 83 0
FU 5 1 60
FU 5 2 0
FU 5 4 350
FU 5 6 30
FU 5 8 0
FU 5 10 67
FU 5 11 15
FU 5 12 41
FU 5 13 0
FU 5 17 0
FU 5 23 0
FU 5 37 0
FU 5 40 0
FU 5 43 0
FU 5 45 0
FU 5 49 0
FU 5 52 0
FU 5 56 100
FU 5 58 89
FU 5 59 0
FU 5 60 0
FU 5 61 0
FU 5 77 54
FU 5 78 297
FU 5 79 0
FU 5 83 0
FU 5 85 59
FU 5 86 0
FU 6 4 0
FU 6 17 1
FU 6 78 151
FU 7 2 0
FU 7 3 35
FU 7 16 26
FU 7 18 0
FU 7 25 0
FU 7 32 26
FU 7 38 0
FU 7 41 37
FU 7 42 0
FU 7 50 31
FU 7 53 7
FU 7 54 14
FU 7 63 7
FU 7 65 84
FU 7 72 0
FU 7 73 0
FU 7 75 73
FU 7 81 30
FU 7 82 0
FU 7 84 28
FU 7 87 30
FU 7 88 0
FU 7 89 23
FU 7 90 85
FU 8 4 0
FU 8 5 0
FU 8 6 16
FU 8 10 35
FU 8 11 50
FU 8 12 73
FU 8 13 0
FU 8 17 242
FU 8 23 998
FU 8 24 0
FU 8 26 0
FU 8 29 0
FU 8 37 0
FU 8 40 0
FU 8 43 0
FU 8 49 0
FU 8 52 0
FU 8 56 64
FU 8 59 0
FU 8 60 0
FU 8 61 0
FU 8 77 91
FU 8 78 149
FU 8 79 0
FU 8 83 0
FU 8 85 41
FU 8 86 0
FU 9 2 0
FU 9 3 49
FU 9 16 19
FU 9 18 0
FU 9 25 0
FU 9 32 19
FU 9 35 0
FU 9 38 0
FU 9 41 0
FU 9 42 0
FU 9 50 9
FU 9 53 18
FU 9 54 94
FU 9 63 1
FU 9 65 86
FU 9 72 0
FU 9 73 0
FU 9 75 78
FU 9 81 17
FU 9 82 0
FU 9 84 19
FU 9 87 22
FU 9 88 0
FU 9 89 20
FU 9 90 2
FU 10 25 0
FU 10 28 59
FU 10 51 85
FU 11 44 89
FU 12 51 55
FU 12 78 0
FU 13 1 43
FU 13 5 0
FU 13 6 18
FU 13 8 0
FU 13 10 36
FU 13 11 26
FU 13 12 37
FU 13 15 0
FU 13 17 1
FU 13 23 0
FU 13 24 0
FU 13 26 0
FU 13 28 27
FU 13 29 0
FU 13 36 0
FU 13 37 0
FU 13 40 0
FU 13 43 0
FU 13 44 7
FU 13 49 0
FU 13 51 42
FU 13 52 0
FU 13 59 0
FU 13 60 1
FU 13 77 29
FU 13 78 0
FU 13 79 0
FU 13 83 0
FU 13 85 73
FU 13 86 0
FU 15 4 0
FU 15 10 14
FU 15 11 16
FU 15 12 94
FU 15 13 0
FU 15 23 0
FU 15 24 0
FU 15 28 33
FU 15 29 0
FU 15 37 0
FU 15 39 6
FU 15 40 0
FU 15 43 0
FU 15 46 0
FU 15 49 0
FU 15 52 0
FU 15 61 0
FU 15 79 0
FU 15 83 0
FU 15 86 0
FU 16 19 1
FU 16 21 0
FU 16 36 0
FU 16 42 0
FU 16 50 38
FU 16 55 105
FU 16 78 383
FU 17 1 45
FU 17 5 0
FU 17 6 40
FU 17 8 100
FU 17 10 23
FU 17 11 17
FU 17 12 25
FU 17 13 0
FU 17 23 0
FU 17 37 0
FU 17 43 0
FU 17 45 0
FU 17 49 0
FU 17 56 40
FU 17 58 97
FU 17 59 0
FU 17 60 1
FU 17 61 0
FU 17 77 29
FU 17 79 0
FU 17 83 0
FU 17 85 25
FU 17 86 0
FU 18 1 36
FU 18 2 0
FU 18 3 47
FU 18 7 65
FU 18 9 25
FU 18 25 19
FU 18 32 10
FU 18 38 0
FU 18 41 37
FU 18 42 67
FU 18 45 77
FU 18 50 19
FU 18 53 9
FU 18 54 33
FU 18 63 12
FU 18 68 46
FU 18 69 92
FU 18 72 64
FU 18 73 33
FU 18 81 27
FU 18 82 0
FU 18 84 32
FU 18 87 27
FU 18 88 49
FU 18 89 13
FU 18 90 0
FU 19 16 22
FU 19 21 0
FU 19 28 33
FU 19 33 87
FU 19 36 0
FU 19 46 0
FU 19 48 0
FU 19 51 109
FU 19 52 0
FU 19 55 116
FU 19 65 113
FU 19 76 0
FU 19 78 0
FU 19 80 0
FU 21 16 257
FU 21 19 501
FU 21 33 145
FU 21 35 253
FU 21 36 363
FU 21 38 0
FU 21 48 997
FU 21 55 56
FU 21 65 45
FU 21 75 49
FU 21 76 503
FU 21 80 997
FU 21 82 123
FU 21 90 26
FU 23 1 20
FU 23 5 0
FU 23 6 22
FU 23 8 0
FU 23 10 60
FU 23 11 31
FU 23 12 63
FU 23 13 0
FU 23 15 0
FU 23 16 10
FU 23 17 0
FU 23 28 71
FU 23 37 0
FU 23 40 0
FU 23 49 0
FU 23 51 20
FU 23 52 0
FU 23 60 4
FU 23 78 0
FU 23 86 0
FU 24 4 269
FU 24 6 65
FU 24 8 1
FU 24 11 23
FU 24 13 0
FU 24 15 998
FU 24 39 3
FU 24 49 0
FU 24 59 0
FU 25 1 32
FU 25 2 0
FU 25 3 39
FU 25 7 0
FU 25 9 0
FU 25 10 28
FU 25 12 30
FU 25 18 0
FU 25 32 22
FU 25 41 0
FU 25 42 0
FU 25 43 167
FU 25 45 0
FU 25 47 72
FU 25 50 22
FU 25 53 5
FU 25 54 38
FU 25 56 76
FU 25 58 65
FU 25 61 87
FU 25 63 4
FU 25 68 56
FU 25 69 0
FU 25 72 0
FU 25 73 0
FU 25 77 99
FU 25 79 327
FU 25 81 19
FU 25 84 66
FU 25 85 20
FU 25 87 28
FU 25 88 0
FU 25 89 21
FU 25 90 29
FU 26 4 0
FU 26 6 17
FU 26 8 4
FU 26 11 21
FU 26 13 3
FU 26 37 322
FU 26 39 13
FU 26 44 147
FU 26 49 0
FU 26 59 0
FU 26 83 141
FU 28 10 94
FU 28 77 59
FU 29 4 0
FU 29 6 59
FU 29 8 0
FU 29 11 58
FU 29 13 0
FU 29 15 0
FU 29 39 5
FU 29 59 0
FU 32 1 34
FU 32 2 0
FU 32 7 0
FU 32 9 0
FU 32 18 0
FU 32 25 0
FU 32 41 0
FU 32 42 29
FU 32 45 97
FU 32 50 14
FU 32 53 6
FU 32 60 0
FU 32 63 8
FU 32 68 43
FU 32 69 0
FU 32 72 76
FU 32 73 0
FU 32 81 59
FU 32 82 60
FU 32 84 51
FU 32 88 0
FU 32 89 16
FU 32 90 23
FU 33 21 0
FU 35 9 0
FU 35 16 18
FU 35 21 0
FU 35 33 142
FU 35 36 0
FU 35 38 0
FU 35 48 0
FU 35 55 83
FU 35 63 9
FU 35 65 91
FU 35 75 24
FU 35 76 0
FU 35 80 0
FU 35 82 0
FU 35 87 9
FU 35 90 2
FU 36 11 24
FU 36 13 0
FU 36 16 11
FU 36 19 0
FU 36 21 0
FU 36 33 144
FU 36 35 0
FU 36 55 45
FU 36 63 34
FU 36 65 83
FU 36 73 0
FU 36 75 23
FU 36 76 0
FU 36 80 0
FU 36 86 0
FU 36 90 22
FU 37 5 0
FU 37 6 63
FU 37 8 0
FU 37 10 17
FU 37 11 25
FU 37 12 46
FU 37 13 0
FU 37 15 0
FU 37 17 0
FU 37 23 0
FU 37 26 282
FU 37 40 0
FU 37 43 0
FU 37 49 0
FU 37 51 81
FU 37 52 0
FU 37 59 0
FU 37 60 1
FU 37 61 82
FU 37 77 82
FU 37 78 0
FU 37 79 0
FU 37 83 0
FU 37 85 10
FU 37 86 0
FU 38 2 998
FU 38 3 62
FU 38 7 323
FU 38 9 309
FU 38 18 197
FU 38 21 998
FU 38 32 247
FU 38 35 396
FU 38 41 218
FU 38 47 238
FU 38 50 349
FU 38 53 500
FU 38 54 110
FU 38 63 165
FU 38 69 241
FU 38 72 345
FU 38 73 247
FU 38 75 48
FU 38 82 222
FU 38 87 216
FU 38 88 163
FU 38 89 232
FU 38 90 133
FU 38 0 1000
FU 39 4 0
FU 39 15 0
FU 39 24 0
FU 39 26 0
FU 39 28 70
FU 39 29 0
FU 39 40 1
FU 39 44 229
FU 39 46 0
FU 40 1 31
FU 40 5 0
FU 40 6 28
FU 40 8 0
FU 40 10 63
FU 40 11 37
FU 40 12 26
FU 40 13 0
FU 40 15 0
FU 40 23 0
FU 40 28 43
FU 40 37 0
FU 40 39 25
FU 40 43 0
FU 40 49 0
FU 40 51 42
FU 40 52 0
FU 40 59 0
FU 40 60 0
FU 40 61 183
FU 40 78 0
FU 40 79 0
FU 40 83 138
FU 40 85 15
FU 40 86 0
FU 41 2 0
FU 41 3 17
FU 41 7 109
FU 41 9 60
FU 41 18 52
FU 41 25 0
FU 41 32 8
FU 41 38 0
FU 41 42 30
FU 41 47 36
FU 41 50 23
FU 41 53 14
FU 41 54 53
FU 41 63 8
FU 41 68 31
FU 41 69 78
FU 41 72 0
FU 41 73 0
FU 41 75 107
FU 41 81 30
FU 41 82 47
FU 41 84 36
FU 41 87 36
FU 41 88 0
FU 41 89 31
FU 42 2 0
FU 42 3 29
FU 42 7 0
FU 42 9 31
FU 42 16 35
FU 42 18 41
FU 42 25 0
FU 42 32 4
FU 42 41 34
FU 42 47 0
FU 42 50 22
FU 42 53 10
FU 42 54 95
FU 42 63 8
FU 42 68 37
FU 42 69 0
FU 42 72 39
FU 42 73 22
FU 42 81 34
FU 42 84 53
FU 42 87 49
FU 42 88 0
FU 42 89 22
FU 42 90 41
FU 43 1 22
FU 43 2 0
FU 43 5 0
FU 43 6 29
FU 43 8 0
FU 43 10 28
FU 43 11 64
FU 43 12 22
FU 43 13 0
FU 43 15 0
FU 43 17 0
FU 43 25 49
FU 43 28 18
FU 43 37 0
FU 43 40 0
FU 43 45 0
FU 43 49 0
FU 43 52 0
FU 43 56 34
FU 43 58 87
FU 43 59 0
FU 43 60 0
FU 43 61 0
FU 43 77 65
FU 43 79 0
FU 43 83 0
FU 43 85 25
FU 44 4 0
FU 44 11 47
FU 44 13 0
FU 44 26 0
FU 44 39 407
FU 45 1 35
FU 45 2 0
FU 45 5 310
FU 45 10 47
FU 45 12 23
FU 45 17 338
FU 45 18 16
FU 45 25 35
FU 45 32 22
FU 45 43 188
FU 45 53 17
FU 45 56 268
FU 45 58 83
FU 45 60 246
FU 45 61 228
FU 45 73 18
FU 45 77 73
FU 45 79 209
FU 45 85 54
FU 46 15 0
FU 46 19 0
FU 46 28 40
FU 46 39 11
FU 46 55 88
FU 46 76 0
FU 46 80 0
FU 47 2 0
FU 47 3 52
FU 47 25 38
FU 47 38 0
FU 47 41 27
FU 47 42 0
FU 47 50 7
FU 47 53 18
FU 47 54 49
FU 47 68 29
FU 47 69 33
FU 47 72 78
FU 47 81 36
FU 47 82 59
FU 47 84 41
FU 47 87 34
FU 47 88 0
FU 47 89 20
FU 48 19 2
FU 48 21 0
FU 48 35 0
FU 48 55 64
FU 48 75 23
FU 48 76 1
FU 48 80 0
FU 49 1 41
FU 49 2 0
FU 49 4 0
FU 49 5 0
FU 49 6 22
FU 49 8 0
FU 49 10 32
FU 49 11 11
FU 49 12 15
FU 49 13 0
FU 49 15 0
FU 49 17 0
FU 49 23 0
FU 49 24 997
FU 49 26 0
FU 49 37 0
FU 49 40 0
FU 49 43 0
FU 49 52 0
FU 49 56 58
FU 49 59 0
FU 49 60 0
FU 49 61 0
FU 49 77 49
FU 49 79 0
FU 49 83 0
FU 49 85 60
FU 49 86 0
FU 50 2 0
FU 50 3 61
FU 50 7 0
FU 50 9 62
FU 50 16 62
FU 50 18 45
FU 50 25 0
FU 50 32 32
FU 50 38 0
FU 50 41 46
FU 50 42 29
FU 50 47 65
FU 50 53 18
FU 50 54 39
FU 50 63 2
FU 50 68 23
FU 50 69 60
FU 50 72 33
FU 50 73 41
FU 50 75 60
FU 50 81 15
FU 50 82 48
FU 50 84 48
FU 50 88 0
FU 50 89 24
FU 50 90 75
FU 51 1 23
FU 51 10 66
FU 51 11 16
FU 51 12 38
FU 51 13 4
FU 51 19 1
FU 51 28 68
FU 51 37 1
FU 51 40 7
FU 51 63 19
FU 51 65 47
FU 51 73 0
FU 51 78 11
FU 51 86 0
FU 52 1 53
FU 52 5 149
FU 52 6 52
FU 52 8 96
FU 52 10 27
FU 52 11 52
FU 52 12 70
FU 52 13 476
FU 52 15 0
FU 52 19 488
FU 52 23 0
FU 52 28 52
FU 52 37 205
FU 52 40 236
FU 52 43 0
FU 52 49 0
FU 52 59 0
FU 52 60 185
FU 52 78 0
FU 52 83 95
FU 52 85 95
FU 52 86 991
FU 53 2 0
FU 53 3 41
FU 53 7 82
FU 53 9 59
FU 53 18 110
FU 53 25 171
FU 53 32 150
FU 53 38 0
FU 53 41 208
FU 53 42 138
FU 53 45 496
FU 53 47 48
FU 53 50 37
FU 53 54 16
FU 53 63 151
FU 53 68 190
FU 53 69 69
FU 53 72 39
FU 53 73 265
FU 53 81 109
FU 53 84 29
FU 53 87 50
FU 53 88 43
FU 53 89 12
FU 53 90 210
FU 54 38 0
FU 54 47 29
FU 55 16 14
FU 55 46 0
FU 55 80 0
FU 56 8 162
FU 58 5 0
FU 58 10 34
FU 58 17 0
FU 58 25 28
FU 58 28 51
FU 58 43 171
FU 58 77 31
FU 59 2 0
FU 59 4 367
FU 59 6 163
FU 59 8 195
FU 59 13 498
FU 59 17 397
FU 59 24 1
FU 59 26 248
FU 59 29 997
FU 59 40 420
FU 59 43 140
FU 59 52 995
FU 59 60 376
FU 59 83 127
FU 59 85 119
FU 60 5 0
FU 60 6 35
FU 60 8 152
FU 60 10 28
FU 60 11 83
FU 60 12 103
FU 60 13 0
FU 60 17 0
FU 60 23 0
FU 60 32 34
FU 60 37 0
FU 60 40 0
FU 60 43 0
FU 60 45 0
FU 60 49 2
FU 60 52 0
FU 60 56 79
FU 60 58 32
FU 60 59 0
FU 60 61 0
FU 60 65 62
FU 60 73 0
FU 60 77 47
FU 60 78 0
FU 60 79 0
FU 60 85 25
FU 60 86 0
FU 61 1 28
FU 61 2 0
FU 61 5 0
FU 61 6 16
FU 61 8 0
FU 61 10 8
FU 61 12 41
FU 61 15 0
FU 61 17 0
FU 61 25 0
FU 61 28 13
FU 61 37 462
FU 61 40 326
FU 61 43 0
FU 61 45 0
FU 61 49 0
FU 61 56 90
FU 61 58 91
FU 61 60 0
FU 61 77 28
FU 61 79 0
FU 61 85 64
FU 63 2 0
FU 63 3 29
FU 63 7 88
FU 63 9 33
FU 63 16 17
FU 63 18 33
FU 63 25 30
FU 63 32 24
FU 63 35 237
FU 63 36 249
FU 63 38 0
FU 63 41 0
FU 63 42 15
FU 63 50 19
FU 63 51 45
FU 63 53 9
FU 63 54 54
FU 63 55 88
FU 63 65 57
FU 63 69 34
FU 63 72 35
FU 63 73 44
FU 63 75 44
FU 63 76 489
FU 63 82 83
FU 63 88 69
FU 63 89 39
FU 63 90 22
FU 65 51 58
FU 68 2 0
FU 68 3 55
FU 68 18 51
FU 68 25 57
FU 68 32 26
FU 68 41 37
FU 68 42 41
FU 68 47 66
FU 68 50 30
FU 68 53 41
FU 68 72 30
FU 68 81 33
FU 68 84 21
FU 68 87 27
FU 68 88 115
FU 68 89 37
FU 69 2 0
FU 69 3 33
FU 69 18 20
FU 69 25 0
FU 69 32 20
FU 69 38 0
FU 69 41 27
FU 69 42 42
FU 69 47 58
FU 69 50 13
FU 69 53 15
FU 69 54 52
FU 69 63 24
FU 69 72 0
FU 69 81 28
FU 69 82 108
FU 69 84 45
FU 69 87 18
FU 69 88 0
FU 69 89 15
FU 72 2 0
FU 72 3 62
FU 72 7 0
FU 72 9 0
FU 72 18 0
FU 72 25 0
FU 72 32 22
FU 72 38 0
FU 72 41 0
FU 72 42 64
FU 72 47 60
FU 72 50 12
FU 72 53 20
FU 72 54 20
FU 72 63 25
FU 72 68 62
FU 72 69 0
FU 72 73 39
FU 72 81 43
FU 72 82 46
FU 72 84 33
FU 72 87 72
FU 72 88 0
FU 72 89 21
FU 72 90 58
FU 73 1 64
FU 73 2 0
FU 73 3 55
FU 73 7 76
FU 73 9 68
FU 73 16 34
FU 73 18 37
FU 73 25 22
FU 73 32 9
FU 73 36 226
FU 73 38 0
FU 73 41 0
FU 73 42 23
FU 73 45 89
FU 73 50 24
FU 73 51 67
FU 73 53 5
FU 73 54 97
FU 73 55 83
FU 73 60 169
FU 73 63 14
FU 73 65 39
FU 73 72 51
FU 73 75 78
FU 73 82 26
FU 73 87 38
FU 73 88 81
FU 73 89 29
FU 73 90 10
FU 75 50 10
FU 76 19 0
FU 76 21 0
FU 76 33 170
FU 76 35 0
FU 76 36 0
FU 76 46 0
FU 76 48 0
FU 76 55 108
FU 76 63 3
FU 76 65 31
FU 76 75 86
FU 76 80 0
FU 77 11 25
FU 77 25 0
FU 77 28 71
FU 77 58 80
FU 78 1 38
FU 78 5 112
FU 78 6 38
FU 78 8 277
FU 78 10 44
FU 78 11 23
FU 78 12 37
FU 78 13 0
FU 78 16 27
FU 78 19 0
FU 78 23 0
FU 78 28 35
FU 78 37 0
FU 78 40 0
FU 78 51 65
FU 78 52 0
FU 78 60 0
FU 78 86 0
FU 79 1 49
FU 79 2 0
FU 79 4 0
FU 79 5 0
FU 79 6 27
FU 79 8 0
FU 79 10 22
FU 79 11 40
FU 79 12 22
FU 79 13 0
FU 79 15 0
FU 79 17 0
FU 79 25 0
FU 79 28 42
FU 79 37 0
FU 79 40 0
FU 79 43 0
FU 79 45 0
FU 79 49 0
FU 79 56 50
FU 79 59 0
FU 79 60 0
FU 79 61 0
FU 79 77 31
FU 79 83 0
FU 79 85 50
FU 80 46 998
FU 81 2 0
FU 81 3 21
FU 81 9 101
FU 81 18 14
FU 81 25 37
FU 81 32 17
FU 81 41 37
FU 81 42 149
FU 81 47 69
FU 81 50 26
FU 81 53 36
FU 81 54 51
FU 81 68 31
FU 81 69 114
FU 81 72 19
FU 81 84 23
FU 81 87 30
FU 81 88 73
FU 81 89 5
FU 82 3 68
FU 82 7 0
FU 82 9 0
FU 82 18 0
FU 82 21 0
FU 82 32 20
FU 82 35 0
FU 82 38 0
FU 82 41 48
FU 82 47 0
FU 82 50 40
FU 82 63 10
FU 82 69 0
FU 82 72 0
FU 82 73 0
FU 82 75 74
FU 82 87 22
FU 82 88 0
FU 82 89 12
FU 82 90 16
FU 83 1 58
FU 83 2 0
FU 83 4 0
FU 83 5 0
FU 83 6 54
FU 83 8 0
FU 83 10 35
FU 83 11 61
FU 83 12 31
FU 83 13 0
FU 83 15 0
FU 83 17 0
FU 83 26 459
FU 83 37 0
FU 83 40 0
FU 83 43 0
FU 83 49 0
FU 83 52 0
FU 83 59 0
FU 83 77 38
FU 83 79 0
FU 83 85 40
FU 83 86 0
FU 84 2 0
FU 84 18 41
FU 84 32 41
FU 84 41 60
FU 84 42 142
FU 84 47 39
FU 84 50 43
FU 84 53 19
FU 84 68 27
FU 84 72 28
FU 84 81 30
FU 84 87 25
FU 85 86 0
FU 86 1 24
FU 86 2 0
FU 86 5 0
FU 86 6 62
FU 86 8 3
FU 86 10 11
FU 86 11 30
FU 86 12 69
FU 86 13 4
FU 86 15 0
FU 86 17 8
FU 86 23 0
FU 86 28 44
FU 86 36 8
FU 86 37 0
FU 86 40 0
FU 86 49 0
FU 86 51 37
FU 86 52 0
FU 86 60 5
FU 86 78 1
FU 86 83 0
FU 86 85 78
FU 87 2 0
FU 87 3 35
FU 87 7 0
FU 87 9 0
FU 87 18 0
FU 87 32 30
FU 87 35 0
FU 87 38 0
FU 87 41 0
FU 87 42 0
FU 87 47 31
FU 87 50 8
FU 87 53 3
FU 87 63 2
FU 87 65 95
FU 87 68 32
FU 87 69 0
FU 87 72 0
FU 87 73 0
FU 87 75 71
FU 87 81 7
FU 87 82 0
FU 87 84 28
FU 87 88 0
FU 87 89 36
FU 87 90 43
FU 88 2 0
FU 88 3 39
FU 88 7 107
FU 88 9 82
FU 88 16 30
FU 88 18 28
FU 88 25 56
FU 88 32 23
FU 88 38 0
FU 88 41 53
FU 88 42 80
FU 88 47 53
FU 88 50 17
FU 88 53 5
FU 88 54 54
FU 88 63 27
FU 88 68 31
FU 88 69 31
FU 88 72 22
FU 88 73 67
FU 88 81 20
FU 88 82 46
FU 88 84 37
FU 88 87 37
FU 88 89 25
FU 89 2 0
FU 89 3 16
FU 89 7 0
FU 89 9 60
FU 89 16 31
FU 89 18 0
FU 89 25 33
FU 89 32 19
FU 89 38 0
FU 89 41 24
FU 89 42 98
FU 89 47 0
FU 89 50 10
FU 89 53 5
FU 89 63 6
FU 89 68 43
FU 89 69 89
FU 89 72 43
FU 89 73 22
FU 89 81 26
FU 89 82 89
FU 89 84 37
FU 89 87 18
FU 89 88 43
FU 89 90 45
FU 90 2 0
FU 90 3 59
FU 90 7 56
FU 90 9 20
FU 90 16 125
FU 90 18 37
FU 90 21 0
FU 90 25 15
FU 90 32 29
FU 90 33 92
FU 90 35 111
FU 90 36 142
FU 90 38 0
FU 90 42 40
FU 90 50 28
FU 90 53 18
FU 90 54 31
FU 90 55 84
FU 90 63 7
FU 90 65 38
FU 90 72 8
FU 90 73 20
FU 90 75 69
FU 90 82 39
FU 90 87 27
FU 90 89 22
