Nodes: 71
Arcs: 1204
MVE: 3
MAE: 276
SAE: 37123
Terminals_rem: 2
Nodes_rem: 14
Arcs_rem: 471
First LB: 7
LB: 7
Iter. LB: 0
First UB: 36
UB: 17
Iter. UB: 290
gap: 58.8235
BM. Time: 0
Runtime: 178
FL 0 1 8
FL 0 37 5
FL 0 52 4
FL 0 31 6
FL 0 22 0
FL 0 65 0
FL 0 39 12
FL 0 50 11
FL 0 3 432
FL 0 9 11
FL 0 16 0
FL 0 59 373
FL 0 30 506
FL 0 45 3
FL 0 6 25
FL 0 8 493
FL 0 26 988
FL 0 21 0
FL 0 29 998
FL 0 12 5
FL 0 54 6
FL 0 67 4
FL 0 51 0
FL 0 20 15
FL 0 53 381
FL 0 24 999
FL 0 28 3
FL 0 2 19
FL 0 57 8
FL 0 5 9
FL 0 42 13
FL 0 64 384
FL 0 7 9
FL 0 15 1
FL 0 19 0
FL 0 17 7
FL 0 58 4
FL 0 61 8
FL 0 55 0
FL 0 4 311
FL 0 10 233
FL 0 11 998
FL 0 13 998
FL 0 14 999
FL 0 18 999
FL 0 23 999
FL 0 25 316
FL 0 32 998
FL 0 33 92
FL 0 34 194
FL 0 35 117
FL 0 36 33
FL 0 38 306
FL 0 40 223
FL 0 41 35
FL 0 43 232
FL 0 44 998
FL 0 46 65
FL 0 47 387
FL 0 48 166
FL 0 49 998
FL 0 56 998
FL 0 60 27
FL 0 62 998
FL 0 63 998
FL 0 66 0
FL 0 68 399
FL 0 69 165
FL 0 70 998
FL 1 2 0
FL 1 5 0
FL 1 6 0
FL 1 10 33
FL 1 12 0
FL 1 15 0
FL 1 17 0
FL 1 25 32
FL 1 31 0
FL 1 34 18
FL 1 37 0
FL 1 40 36
FL 1 43 44
FL 1 45 0
FL 1 51 0
FL 1 52 115
FL 1 57 0
FL 1 58 0
FL 1 60 3
FL 1 61 0
FL 1 64 3
FL 1 67 0
FL 2 1 0
FL 2 4 35
FL 2 5 0
FL 2 7 1
FL 2 10 67
FL 2 12 0
FL 2 15 0
FL 2 17 0
FL 2 25 31
FL 2 28 0
FL 2 31 0
FL 2 37 0
FL 2 42 0
FL 2 43 42
FL 2 45 0
FL 2 53 7
FL 2 54 0
FL 2 57 0
FL 2 58 0
FL 2 59 11
FL 2 60 3
FL 2 61 0
FL 2 64 13
FL 2 68 70
FL 3 20 1
FL 3 41 13
FL 3 42 0
FL 3 47 310
FL 3 50 0
FL 3 53 201
FL 3 54 0
FL 3 68 60
FL 3 69 89
FL 4 2 0
FL 4 5 0
FL 4 6 1
FL 4 8 90
FL 4 10 22
FL 4 17 0
FL 4 25 52
FL 4 28 0
FL 4 43 53
FL 4 59 159
FL 4 61 0
FL 4 67 0
FL 5 1 0
FL 5 2 0
FL 5 4 46
FL 5 6 0
FL 5 8 6
FL 5 10 36
FL 5 17 0
FL 5 31 0
FL 5 34 20
FL 5 37 0
FL 5 43 37
FL 5 45 0
FL 5 57 0
FL 5 58 0
FL 5 59 3
FL 5 60 2
FL 5 61 0
FL 5 64 4
FL 5 67 0
FL 6 1 0
FL 6 4 55
FL 6 5 0
FL 6 8 4
FL 6 10 23
FL 6 17 0
FL 6 30 23
FL 6 31 0
FL 6 34 59
FL 6 37 0
FL 6 43 57
FL 6 52 0
FL 6 57 0
FL 6 59 15
FL 6 64 19
FL 6 67 0
FL 7 2 501
FL 7 16 0
FL 7 28 0
FL 7 41 13
FL 7 50 0
FL 7 54 0
FL 7 60 2
FL 7 65 0
FL 7 68 78
FL 7 69 97
FL 8 4 8
FL 8 5 0
FL 8 6 0
FL 8 10 27
FL 8 12 0
FL 8 30 476
FL 8 31 0
FL 8 34 33
FL 8 37 0
FL 8 52 0
FL 8 57 0
FL 8 59 250
FL 8 64 135
FL 8 67 0
FL 9 16 0
FL 9 41 12
FL 9 50 0
FL 9 54 0
FL 9 60 3
FL 9 65 0
FL 9 68 43
FL 9 69 132
FL 10 4 77
FL 10 5 0
FL 10 6 1
FL 10 8 85
FL 10 17 0
FL 10 28 0
FL 10 37 0
FL 10 43 37
FL 10 58 0
FL 10 60 3
FL 10 61 0
FL 10 64 124
FL 12 1 0
FL 12 2 0
FL 12 8 2
FL 12 15 0
FL 12 17 0
FL 12 28 0
FL 12 31 0
FL 12 34 42
FL 12 40 10
FL 12 45 0
FL 12 57 0
FL 12 58 0
FL 12 60 3
FL 12 61 0
FL 12 64 2
FL 12 67 0
FL 15 1 0
FL 15 2 0
FL 15 10 26
FL 15 12 0
FL 15 17 0
FL 15 19 0
FL 15 22 0
FL 15 25 47
FL 15 28 0
FL 15 31 0
FL 15 34 11
FL 15 36 14
FL 15 37 0
FL 15 39 0
FL 15 40 9
FL 15 43 20
FL 15 46 60
FL 15 51 0
FL 15 52 0
FL 15 57 0
FL 15 58 0
FL 15 60 0
FL 15 61 0
FL 15 67 0
FL 16 7 433
FL 16 9 423
FL 16 19 0
FL 16 20 999
FL 16 25 31
FL 16 35 83
FL 16 36 8
FL 16 42 890
FL 16 50 475
FL 16 51 14
FL 16 55 31
FL 16 60 1
FL 16 65 80
FL 16 68 36
FL 16 69 105
FL 17 1 0
FL 17 2 0
FL 17 4 63
FL 17 5 0
FL 17 6 0
FL 17 10 54
FL 17 12 0
FL 17 15 0
FL 17 31 0
FL 17 37 0
FL 17 43 50
FL 17 45 0
FL 17 57 1
FL 17 58 0
FL 17 59 3
FL 17 60 3
FL 17 61 0
FL 17 64 5
FL 17 67 0
FL 19 15 4
FL 19 16 517
FL 19 21 137
FL 19 22 257
FL 19 27 0
FL 19 28 9
FL 19 33 186
FL 19 36 89
FL 19 46 107
FL 19 48 254
FL 19 51 999
FL 19 52 457
FL 19 55 82
FL 19 65 105
FL 19 66 1
FL 20 3 8
FL 20 16 0
FL 20 25 78
FL 20 38 104
FL 20 41 15
FL 20 42 0
FL 20 54 0
FL 20 65 0
FL 20 69 39
FL 21 19 1
FL 21 27 0
FL 21 35 96
FL 21 36 46
FL 21 38 473
FL 21 55 101
FL 22 15 0
FL 22 19 0
FL 22 28 0
FL 22 34 11
FL 22 36 21
FL 22 37 0
FL 22 39 0
FL 22 40 11
FL 22 46 24
FL 22 51 0
FL 22 52 0
FL 25 2 0
FL 25 4 60
FL 25 16 0
FL 25 20 1
FL 25 28 0
FL 25 42 1
FL 25 45 0
FL 25 53 231
FL 25 58 0
FL 25 60 3
FL 25 61 1
FL 25 67 0
FL 25 68 78
FL 26 39 0
FL 27 19 999
FL 27 21 483
FL 27 33 275
FL 27 35 389
FL 27 36 499
FL 27 55 501
FL 27 65 214
FL 27 66 999
FL 27 0 1000
FL 28 2 0
FL 28 4 44
FL 28 7 509
FL 28 10 35
FL 28 12 302
FL 28 15 82
FL 28 19 0
FL 28 22 274
FL 28 25 23
FL 28 31 998
FL 28 34 109
FL 28 36 19
FL 28 37 1
FL 28 39 0
FL 28 40 11
FL 28 43 52
FL 28 46 26
FL 28 51 0
FL 28 52 134
FL 28 54 999
FL 28 57 555
FL 28 58 508
FL 28 60 0
FL 28 61 999
FL 28 66 0
FL 30 6 0
FL 30 8 94
FL 30 39 0
FL 31 1 0
FL 31 2 0
FL 31 4 34
FL 31 5 0
FL 31 6 0
FL 31 8 2
FL 31 10 29
FL 31 12 0
FL 31 15 0
FL 31 17 0
FL 31 28 0
FL 31 37 0
FL 31 43 43
FL 31 45 0
FL 31 57 0
FL 31 58 0
FL 31 59 4
FL 31 61 0
FL 31 64 3
FL 31 67 0
FL 33 19 0
FL 33 35 89
FL 33 36 22
FL 33 40 10
FL 33 46 7
FL 33 55 43
FL 33 65 88
FL 33 66 0
FL 34 1 0
FL 34 5 0
FL 34 6 0
FL 34 8 85
FL 34 12 193
FL 34 15 0
FL 34 28 0
FL 34 37 0
FL 34 40 46
FL 34 43 40
FL 34 46 38
FL 34 52 0
FL 34 57 0
FL 34 60 2
FL 35 16 1
FL 35 21 133
FL 35 27 0
FL 35 33 79
FL 35 41 120
FL 35 48 217
FL 35 55 23
FL 35 65 108
FL 36 15 178
FL 36 16 1
FL 36 19 0
FL 36 21 129
FL 36 22 166
FL 36 27 0
FL 36 28 0
FL 36 33 66
FL 36 34 102
FL 36 37 4
FL 36 39 399
FL 36 40 471
FL 36 46 22
FL 36 48 206
FL 36 51 2
FL 36 52 98
FL 36 55 41
FL 36 65 60
FL 37 1 0
FL 37 2 0
FL 37 5 0
FL 37 6 999
FL 37 8 4
FL 37 10 55
FL 37 15 0
FL 37 17 508
FL 37 22 0
FL 37 28 0
FL 37 31 0
FL 37 34 13
FL 37 36 23
FL 37 40 10
FL 37 43 24
FL 37 51 0
FL 37 52 0
FL 37 57 0
FL 37 60 2
FL 37 67 0
FL 38 21 0
FL 38 41 13
FL 38 50 434
FL 38 69 102
FL 39 15 0
FL 39 22 0
FL 39 26 11
FL 39 28 0
FL 39 30 8
FL 39 36 31
FL 39 46 38
FL 39 52 0
FL 39 66 0
FL 40 12 258
FL 40 15 203
FL 40 28 1
FL 40 33 97
FL 40 36 16
FL 40 37 1
FL 40 51 1
FL 40 52 95
FL 40 57 465
FL 40 60 4
FL 41 7 72
FL 41 9 112
FL 41 35 61
FL 41 42 115
FL 41 47 89
FL 41 50 109
FL 41 68 59
FL 42 2 1
FL 42 3 9
FL 42 16 1
FL 42 20 3
FL 42 25 11
FL 42 41 11
FL 42 50 1
FL 42 53 7
FL 42 54 1
FL 42 68 51
FL 42 69 99
FL 43 4 21
FL 43 5 1
FL 43 6 1
FL 43 10 58
FL 43 17 1
FL 43 28 2
FL 43 34 95
FL 43 37 1
FL 43 58 1
FL 43 60 5
FL 43 64 88
FL 45 1 1
FL 45 2 1
FL 45 5 1
FL 45 10 44
FL 45 12 1
FL 45 17 1
FL 45 25 40
FL 45 31 1
FL 45 43 40
FL 45 57 1
FL 45 58 1
FL 45 60 3
FL 45 61 1
FL 45 64 5
FL 45 67 0
FL 46 15 105
FL 46 19 0
FL 46 22 306
FL 46 28 0
FL 46 33 65
FL 46 34 47
FL 46 36 18
FL 46 39 297
FL 46 51 0
FL 46 52 46
FL 46 55 22
FL 46 66 0
FL 47 41 10
FL 48 35 75
FL 48 36 33
FL 48 55 57
FL 50 3 5
FL 50 7 0
FL 50 9 0
FL 50 16 0
FL 50 25 23
FL 50 38 36
FL 50 41 34
FL 50 42 1
FL 50 47 230
FL 50 53 4
FL 50 54 1
FL 50 68 67
FL 50 69 109
FL 51 1 512
FL 51 15 217
FL 51 16 3
FL 51 19 1
FL 51 22 13
FL 51 28 1
FL 51 34 8
FL 51 36 27
FL 51 37 1
FL 51 40 11
FL 51 46 53
FL 51 52 62
FL 51 60 999
FL 51 65 65
FL 52 1 505
FL 52 6 1
FL 52 8 3
FL 52 10 65
FL 52 15 1
FL 52 19 0
FL 52 22 0
FL 52 28 1
FL 52 34 40
FL 52 36 17
FL 52 37 2
FL 52 39 0
FL 52 40 90
FL 52 46 91
FL 52 51 0
FL 53 2 0
FL 53 3 233
FL 53 25 39
FL 53 41 15
FL 53 42 0
FL 53 50 0
FL 53 54 0
FL 53 68 33
FL 53 69 38
FL 54 2 0
FL 54 3 3
FL 54 7 0
FL 54 9 0
FL 54 20 2
FL 54 25 17
FL 54 28 0
FL 54 41 13
FL 54 42 0
FL 54 50 0
FL 54 53 2
FL 54 68 35
FL 54 69 45
FL 55 16 490
FL 55 19 0
FL 55 21 116
FL 55 27 0
FL 55 33 47
FL 55 35 77
FL 55 36 50
FL 55 46 425
FL 55 48 173
FL 55 65 103
FL 55 66 0
FL 57 1 0
FL 57 2 0
FL 57 4 73
FL 57 5 0
FL 57 6 0
FL 57 8 2
FL 57 10 22
FL 57 12 0
FL 57 15 0
FL 57 17 0
FL 57 25 26
FL 57 28 0
FL 57 31 0
FL 57 34 80
FL 57 37 0
FL 57 40 12
FL 57 43 57
FL 57 45 0
FL 57 58 0
FL 57 60 1
FL 57 61 0
FL 57 64 3
FL 57 67 0
FL 58 1 0
FL 58 2 0
FL 58 5 0
FL 58 10 23
FL 58 12 0
FL 58 15 0
FL 58 17 0
FL 58 25 15
FL 58 28 0
FL 58 31 0
FL 58 43 43
FL 58 45 0
FL 58 57 1
FL 58 60 2
FL 58 61 0
FL 58 67 0
FL 59 2 0
FL 59 4 49
FL 59 5 0
FL 59 6 0
FL 59 8 70
FL 59 17 0
FL 59 31 0
FL 59 64 214
FL 60 1 0
FL 60 2 515
FL 60 5 999
FL 60 7 1
FL 60 9 480
FL 60 10 63
FL 60 12 258
FL 60 15 229
FL 60 16 1
FL 60 17 510
FL 60 25 109
FL 60 28 1
FL 60 34 133
FL 60 37 999
FL 60 40 18
FL 60 43 25
FL 60 45 998
FL 60 51 0
FL 60 57 1
FL 60 58 507
FL 60 65 92
FL 60 67 999
FL 61 1 0
FL 61 2 0
FL 61 4 37
FL 61 5 0
FL 61 10 13
FL 61 12 0
FL 61 15 0
FL 61 17 0
FL 61 25 46
FL 61 28 0
FL 61 31 0
FL 61 43 29
FL 61 45 0
FL 61 57 1
FL 61 58 0
FL 61 64 5
FL 61 67 0
FL 64 1 0
FL 64 2 0
FL 64 4 34
FL 64 5 0
FL 64 6 0
FL 64 8 61
FL 64 10 33
FL 64 12 0
FL 64 17 0
FL 64 31 0
FL 64 43 34
FL 64 45 0
FL 64 57 0
FL 64 59 189
FL 64 61 0
FL 64 67 0
FL 65 7 0
FL 65 9 0
FL 65 16 0
FL 65 19 0
FL 65 20 1
FL 65 27 0
FL 65 33 37
FL 65 35 19
FL 65 36 24
FL 65 51 0
FL 65 55 25
FL 65 60 1
FL 65 66 0
FL 66 19 0
FL 66 27 0
FL 66 28 999
FL 66 33 73
FL 66 39 319
FL 66 46 49
FL 66 55 63
FL 66 65 104
FL 67 1 0
FL 67 4 60
FL 67 5 0
FL 67 6 0
FL 67 8 2
FL 67 10 47
FL 67 12 0
FL 67 15 0
FL 67 17 0
FL 67 25 55
FL 67 31 0
FL 67 37 0
FL 67 43 44
FL 67 45 0
FL 67 57 0
FL 67 58 0
FL 67 60 1
FL 67 61 0
FL 67 64 2
FL 68 3 320
FL 68 16 0
FL 68 25 17
FL 68 41 21
FL 68 42 1
FL 68 50 2
FL 68 53 175
FL 69 38 78
FU 0 1 7
FU 0 37 4
FU 0 52 5
FU 0 31 2
FU 0 22 2
FU 0 65 2
FU 0 39 15
FU 0 50 10
FU 0 3 464
FU 0 9 11
FU 0 16 2
FU 0 59 385
FU 0 30 504
FU 0 45 2
FU 0 6 9
FU 0 8 498
FU 0 26 990
FU 0 21 2
FU 0 29 1000
FU 0 12 7
FU 0 54 4
FU 0 67 3
FU 0 51 2
FU 0 20 4
FU 0 53 399
FU 0 24 1000
FU 0 28 2
FU 0 2 14
FU 0 57 8
FU 0 5 4
FU 0 42 13
FU 0 64 412
FU 0 7 12
FU 0 15 3
FU 0 19 2
FU 0 17 6
FU 0 58 5
FU 0 61 3
FU 0 55 2
FU 0 4 313
FU 0 10 247
FU 0 11 1000
FU 0 13 1000
FU 0 14 1000
FU 0 18 1000
FU 0 23 1000
FU 0 25 315
FU 0 32 1000
FU 0 33 100
FU 0 34 188
FU 0 35 112
FU 0 36 31
FU 0 38 286
FU 0 40 193
FU 0 41 35
FU 0 43 234
FU 0 44 1000
FU 0 46 58
FU 0 47 398
FU 0 48 174
FU 0 49 1000
FU 0 56 1000
FU 0 60 3
FU 0 62 1000
FU 0 63 1000
FU 0 66 2
FU 0 68 412
FU 0 69 166
FU 0 70 1000
FU 1 2 0
FU 1 5 0
FU 1 6 0
FU 1 10 32
FU 1 12 0
FU 1 15 0
FU 1 17 0
FU 1 25 35
FU 1 31 0
FU 1 34 15
FU 1 37 0
FU 1 40 33
FU 1 43 37
FU 1 45 0
FU 1 51 0
FU 1 52 46
FU 1 57 0
FU 1 58 0
FU 1 60 0
FU 1 61 0
FU 1 64 2
FU 1 67 0
FU 2 1 0
FU 2 4 38
FU 2 5 0
FU 2 7 3
FU 2 10 74
FU 2 12 0
FU 2 15 0
FU 2 17 0
FU 2 25 34
FU 2 28 0
FU 2 31 0
FU 2 37 0
FU 2 42 0
FU 2 43 45
FU 2 45 0
FU 2 53 6
FU 2 54 0
FU 2 57 0
FU 2 58 0
FU 2 59 10
FU 2 60 0
FU 2 61 0
FU 2 64 13
FU 2 68 71
FU 3 20 0
FU 3 41 74
FU 3 42 0
FU 3 47 298
FU 3 50 0
FU 3 53 193
FU 3 54 0
FU 3 68 49
FU 3 69 80
FU 4 2 0
FU 4 5 0
FU 4 6 0
FU 4 8 88
FU 4 10 23
FU 4 17 0
FU 4 25 46
FU 4 28 0
FU 4 43 45
FU 4 59 160
FU 4 61 0
FU 4 67 0
FU 5 1 0
FU 5 2 0
FU 5 4 47
FU 5 6 0
FU 5 8 10
FU 5 10 39
FU 5 17 0
FU 5 31 0
FU 5 34 20
FU 5 37 0
FU 5 43 31
FU 5 45 0
FU 5 57 0
FU 5 58 0
FU 5 59 7
FU 5 60 0
FU 5 61 0
FU 5 64 2
FU 5 67 0
FU 6 1 0
FU 6 4 47
FU 6 5 0
FU 6 8 6
FU 6 10 15
FU 6 17 0
FU 6 30 20
FU 6 31 0
FU 6 34 50
FU 6 37 0
FU 6 43 60
FU 6 52 0
FU 6 57 0
FU 6 59 15
FU 6 64 21
FU 6 67 0
FU 7 2 488
FU 7 16 0
FU 7 28 0
FU 7 41 56
FU 7 50 0
FU 7 54 0
FU 7 60 0
FU 7 65 0
FU 7 68 73
FU 7 69 100
FU 8 4 7
FU 8 5 0
FU 8 6 0
FU 8 10 24
FU 8 12 0
FU 8 30 466
FU 8 31 0
FU 8 34 30
FU 8 37 0
FU 8 52 0
FU 8 57 0
FU 8 59 224
FU 8 64 130
FU 8 67 0
FU 9 16 0
FU 9 41 18
FU 9 50 0
FU 9 54 0
FU 9 60 0
FU 9 65 0
FU 9 68 36
FU 9 69 137
FU 10 4 67
FU 10 5 0
FU 10 6 0
FU 10 8 85
FU 10 17 0
FU 10 28 0
FU 10 37 0
FU 10 43 41
FU 10 58 0
FU 10 60 0
FU 10 61 0
FU 10 64 116
FU 12 1 0
FU 12 2 0
FU 12 8 1
FU 12 15 0
FU 12 17 0
FU 12 28 0
FU 12 31 0
FU 12 34 42
FU 12 40 18
FU 12 45 0
FU 12 57 0
FU 12 58 0
FU 12 60 0
FU 12 61 0
FU 12 64 2
FU 12 67 0
FU 15 1 0
FU 15 2 0
FU 15 10 30
FU 15 12 0
FU 15 17 0
FU 15 19 0
FU 15 22 0
FU 15 25 46
FU 15 28 0
FU 15 31 0
FU 15 34 8
FU 15 36 13
FU 15 37 0
FU 15 39 0
FU 15 40 18
FU 15 43 18
FU 15 46 67
FU 15 51 0
FU 15 52 0
FU 15 57 0
FU 15 58 0
FU 15 60 0
FU 15 61 0
FU 15 67 0
FU 16 7 411
FU 16 9 416
FU 16 19 0
FU 16 20 996
FU 16 25 33
FU 16 35 90
FU 16 36 7
FU 16 42 882
FU 16 50 463
FU 16 51 1
FU 16 55 26
FU 16 60 0
FU 16 65 85
FU 16 68 41
FU 16 69 97
FU 17 1 0
FU 17 2 0
FU 17 4 66
FU 17 5 0
FU 17 6 0
FU 17 10 47
FU 17 12 0
FU 17 15 0
FU 17 31 0
FU 17 37 0
FU 17 43 50
FU 17 45 0
FU 17 57 0
FU 17 58 0
FU 17 59 5
FU 17 60 0
FU 17 61 0
FU 17 64 8
FU 17 67 0
FU 19 15 9
FU 19 16 534
FU 19 21 161
FU 19 22 268
FU 19 27 0
FU 19 28 1
FU 19 33 183
FU 19 36 80
FU 19 46 92
FU 19 48 258
FU 19 51 996
FU 19 52 458
FU 19 55 59
FU 19 65 97
FU 19 66 0
FU 20 3 8
FU 20 16 0
FU 20 25 77
FU 20 38 109
FU 20 41 64
FU 20 42 0
FU 20 54 0
FU 20 65 0
FU 20 69 34
FU 21 19 0
FU 21 27 0
FU 21 35 87
FU 21 36 48
FU 21 38 455
FU 21 55 84
FU 22 15 0
FU 22 19 0
FU 22 28 0
FU 22 34 26
FU 22 36 19
FU 22 37 0
FU 22 39 0
FU 22 40 18
FU 22 46 34
FU 22 51 0
FU 22 52 0
FU 25 2 0
FU 25 4 64
FU 25 16 0
FU 25 20 0
FU 25 28 0
FU 25 42 1
FU 25 45 0
FU 25 53 209
FU 25 58 0
FU 25 60 0
FU 25 61 0
FU 25 67 0
FU 25 68 85
FU 26 39 0
FU 27 19 998
FU 27 21 474
FU 27 33 275
FU 27 35 386
FU 27 36 499
FU 27 55 498
FU 27 65 210
FU 27 66 998
FU 27 0 1000
FU 28 2 0
FU 28 4 38
FU 28 7 502
FU 28 10 32
FU 28 12 302
FU 28 15 76
FU 28 19 0
FU 28 22 259
FU 28 25 29
FU 28 31 998
FU 28 34 108
FU 28 36 19
FU 28 37 0
FU 28 39 0
FU 28 40 24
FU 28 43 56
FU 28 46 28
FU 28 51 0
FU 28 52 166
FU 28 54 996
FU 28 57 527
FU 28 58 498
FU 28 60 0
FU 28 61 997
FU 28 66 0
FU 30 6 0
FU 30 8 94
FU 30 39 0
FU 31 1 0
FU 31 2 0
FU 31 4 35
FU 31 5 0
FU 31 6 0
FU 31 8 3
FU 31 10 32
FU 31 12 0
FU 31 15 0
FU 31 17 0
FU 31 28 0
FU 31 37 0
FU 31 43 42
FU 31 45 0
FU 31 57 0
FU 31 58 0
FU 31 59 4
FU 31 61 0
FU 31 64 3
FU 31 67 0
FU 33 19 0
FU 33 35 85
FU 33 36 32
FU 33 40 33
FU 33 46 10
FU 33 55 45
FU 33 65 92
FU 33 66 0
FU 34 1 0
FU 34 5 0
FU 34 6 0
FU 34 8 88
FU 34 12 186
FU 34 15 0
FU 34 28 0
FU 34 37 0
FU 34 40 50
FU 34 43 40
FU 34 46 39
FU 34 52 0
FU 34 57 1
FU 34 60 0
FU 35 16 0
FU 35 21 118
FU 35 27 0
FU 35 33 80
FU 35 41 151
FU 35 48 210
FU 35 55 29
FU 35 65 111
FU 36 15 183
FU 36 16 2
FU 36 19 0
FU 36 21 138
FU 36 22 163
FU 36 27 0
FU 36 28 0
FU 36 33 64
FU 36 34 110
FU 36 37 3
FU 36 39 377
FU 36 40 436
FU 36 46 33
FU 36 48 197
FU 36 51 1
FU 36 52 107
FU 36 55 38
FU 36 65 61
FU 37 1 0
FU 37 2 0
FU 37 5 0
FU 37 6 991
FU 37 8 4
FU 37 10 59
FU 37 15 0
FU 37 17 497
FU 37 22 0
FU 37 28 0
FU 37 31 0
FU 37 34 16
FU 37 36 22
FU 37 40 8
FU 37 43 23
FU 37 51 0
FU 37 52 0
FU 37 57 0
FU 37 60 0
FU 37 67 0
FU 38 21 0
FU 38 41 24
FU 38 50 427
FU 38 69 97
FU 39 15 0
FU 39 22 0
FU 39 26 10
FU 39 28 0
FU 39 30 10
FU 39 36 26
FU 39 46 36
FU 39 52 0
FU 39 66 0
FU 40 12 259
FU 40 15 223
FU 40 28 0
FU 40 33 96
FU 40 36 20
FU 40 37 0
FU 40 51 0
FU 40 52 85
FU 40 57 461
FU 40 60 0
FU 41 7 72
FU 41 9 101
FU 41 35 48
FU 41 42 104
FU 41 47 78
FU 41 50 98
FU 41 68 51
FU 42 2 0
FU 42 3 7
FU 42 16 0
FU 42 20 0
FU 42 25 8
FU 42 41 31
FU 42 50 0
FU 42 53 15
FU 42 54 0
FU 42 68 47
FU 42 69 101
FU 43 4 26
FU 43 5 0
FU 43 6 0
FU 43 10 58
FU 43 17 0
FU 43 28 0
FU 43 34 90
FU 43 37 0
FU 43 58 0
FU 43 60 0
FU 43 64 76
FU 45 1 0
FU 45 2 0
FU 45 5 0
FU 45 10 36
FU 45 12 0
FU 45 17 0
FU 45 25 38
FU 45 31 0
FU 45 43 36
FU 45 57 0
FU 45 58 0
FU 45 60 0
FU 45 61 0
FU 45 64 6
FU 45 67 0
FU 46 15 96
FU 46 19 0
FU 46 22 296
FU 46 28 0
FU 46 33 67
FU 46 34 42
FU 46 36 20
FU 46 39 294
FU 46 51 0
FU 46 52 69
FU 46 55 19
FU 46 66 0
FU 47 41 7
FU 48 35 66
FU 48 36 27
FU 48 55 80
FU 50 3 6
FU 50 7 0
FU 50 9 0
FU 50 16 0
FU 50 25 27
FU 50 38 55
FU 50 41 287
FU 50 42 0
FU 50 47 226
FU 50 53 5
FU 50 54 0
FU 50 68 70
FU 50 69 112
FU 51 1 498
FU 51 15 196
FU 51 16 1
FU 51 19 0
FU 51 22 12
FU 51 28 0
FU 51 34 3
FU 51 36 49
FU 51 37 0
FU 51 40 37
FU 51 46 56
FU 51 52 64
FU 51 60 997
FU 51 65 60
FU 52 1 495
FU 52 6 0
FU 52 8 0
FU 52 10 64
FU 52 15 1
FU 52 19 0
FU 52 22 0
FU 52 28 0
FU 52 34 32
FU 52 36 12
FU 52 37 0
FU 52 39 0
FU 52 40 68
FU 52 46 82
FU 52 51 0
FU 53 2 0
FU 53 3 249
FU 53 25 29
FU 53 41 54
FU 53 42 0
FU 53 50 0
FU 53 54 0
FU 53 68 30
FU 53 69 33
FU 54 2 0
FU 54 3 7
FU 54 7 0
FU 54 9 0
FU 54 20 0
FU 54 25 32
FU 54 28 0
FU 54 41 45
FU 54 42 0
FU 54 50 0
FU 54 53 9
FU 54 68 35
FU 54 69 43
FU 55 16 448
FU 55 19 0
FU 55 21 107
FU 55 27 0
FU 55 33 38
FU 55 35 96
FU 55 36 39
FU 55 46 420
FU 55 48 161
FU 55 65 101
FU 55 66 0
FU 57 1 0
FU 57 2 0
FU 57 4 74
FU 57 5 0
FU 57 6 0
FU 57 8 1
FU 57 10 18
FU 57 12 0
FU 57 15 0
FU 57 17 0
FU 57 25 26
FU 57 28 0
FU 57 31 0
FU 57 34 87
FU 57 37 0
FU 57 40 20
FU 57 43 67
FU 57 45 0
FU 57 58 0
FU 57 60 0
FU 57 61 0
FU 57 64 6
FU 57 67 0
FU 58 1 0
FU 58 2 0
FU 58 5 0
FU 58 10 29
FU 58 12 0
FU 58 15 0
FU 58 17 0
FU 58 25 15
FU 58 28 0
FU 58 31 0
FU 58 43 46
FU 58 45 0
FU 58 57 1
FU 58 60 0
FU 58 61 0
FU 58 67 0
FU 59 2 0
FU 59 4 58
FU 59 5 0
FU 59 6 0
FU 59 8 68
FU 59 17 0
FU 59 31 0
FU 59 64 197
FU 60 1 0
FU 60 2 498
FU 60 5 996
FU 60 7 0
FU 60 9 472
FU 60 10 59
FU 60 12 246
FU 60 15 213
FU 60 16 13
FU 60 17 497
FU 60 25 106
FU 60 28 0
FU 60 34 133
FU 60 37 993
FU 60 40 44
FU 60 43 17
FU 60 45 998
FU 60 51 0
FU 60 57 1
FU 60 58 497
FU 60 65 85
FU 60 67 997
FU 61 1 0
FU 61 2 0
FU 61 4 36
FU 61 5 0
FU 61 10 7
FU 61 12 0
FU 61 15 0
FU 61 17 0
FU 61 25 46
FU 61 28 0
FU 61 31 0
FU 61 43 26
FU 61 45 0
FU 61 57 1
FU 61 58 0
FU 61 64 4
FU 61 67 0
FU 64 1 0
FU 64 2 0
FU 64 4 30
FU 64 5 0
FU 64 6 0
FU 64 8 53
FU 64 10 24
FU 64 12 0
FU 64 17 0
FU 64 31 0
FU 64 43 35
FU 64 45 0
FU 64 57 0
FU 64 59 190
FU 64 61 0
FU 64 67 0
FU 65 7 0
FU 65 9 0
FU 65 16 0
FU 65 19 0
FU 65 20 0
FU 65 27 0
FU 65 33 33
FU 65 35 30
FU 65 36 37
FU 65 51 0
FU 65 55 42
FU 65 60 0
FU 65 66 0
FU 66 19 0
FU 66 27 0
FU 66 28 997
FU 66 33 64
FU 66 39 314
FU 66 46 45
FU 66 55 78
FU 66 65 96
FU 67 1 0
FU 67 4 54
FU 67 5 0
FU 67 6 0
FU 67 8 1
FU 67 10 51
FU 67 12 0
FU 67 15 0
FU 67 17 0
FU 67 25 46
FU 67 31 0
FU 67 37 0
FU 67 43 51
FU 67 45 0
FU 67 57 0
FU 67 58 0
FU 67 60 0
FU 67 61 0
FU 67 64 2
FU 68 3 259
FU 68 16 0
FU 68 25 12
FU 68 41 154
FU 68 42 0
FU 68 50 2
FU 68 53 164
FU 69 38 95
