Nodes: 126
Arcs: 2448
MVE: 31
MAE: 580
SAE: 108619
Terminals_rem: 0
Nodes_rem: 35
Arcs_rem: 1362
First LB: 9
LB: 9
Iter. LB: 0
First UB: 45
UB: 32
Iter. UB: 508
gap: 71.875
BM. Time: 0
Runtime: 548
FL 0 18 30
FL 0 1 12
FL 0 73 475
FL 0 35 16
FL 0 58 1
FL 0 92 10
FL 0 90 378
FL 0 123 7
FL 0 28 7
FL 0 20 14
FL 0 31 15
FL 0 46 0
FL 0 78 12
FL 0 22 8
FL 0 54 12
FL 0 84 0
FL 0 93 6
FL 0 99 400
FL 0 76 0
FL 0 101 10
FL 0 122 1
FL 0 51 13
FL 0 26 12
FL 0 119 9
FL 0 8 405
FL 0 43 13
FL 0 79 375
FL 0 10 447
FL 0 94 357
FL 0 47 4
FL 0 2 443
FL 0 37 9
FL 0 56 0
FL 0 59 0
FL 0 5 18
FL 0 21 15
FL 0 40 0
FL 0 39 0
FL 0 74 3
FL 0 124 0
FL 0 49 15
FL 0 70 0
FL 0 89 364
FL 0 27 4
FL 0 95 10
FL 0 83 0
FL 0 6 35
FL 0 11 18
FL 0 44 14
FL 0 38 14
FL 0 61 9
FL 0 80 25
FL 0 60 17
FL 0 111 0
FL 0 55 1
FL 0 3 85
FL 0 4 42
FL 0 7 998
FL 0 9 121
FL 0 12 103
FL 0 13 120
FL 0 14 106
FL 0 15 143
FL 0 16 104
FL 0 19 998
FL 0 23 13
FL 0 24 998
FL 0 25 998
FL 0 29 998
FL 0 30 998
FL 0 32 998
FL 0 33 111
FL 0 34 998
FL 0 36 133
FL 0 41 998
FL 0 42 998
FL 0 45 998
FL 0 48 400
FL 0 50 998
FL 0 52 998
FL 0 53 998
FL 0 57 203
FL 0 62 164
FL 0 63 90
FL 0 64 998
FL 0 65 998
FL 0 66 266
FL 0 67 122
FL 0 68 998
FL 0 69 998
FL 0 71 998
FL 0 72 396
FL 0 75 998
FL 0 77 998
FL 0 81 84
FL 0 82 82
FL 0 85 998
FL 0 86 998
FL 0 87 171
FL 0 88 210
FL 0 91 33
FL 0 96 62
FL 0 97 998
FL 0 98 998
FL 0 100 998
FL 0 102 258
FL 0 103 79
FL 0 104 998
FL 0 105 998
FL 0 106 85
FL 0 107 998
FL 0 108 265
FL 0 109 998
FL 0 110 998
FL 0 112 56
FL 0 113 998
FL 0 114 998
FL 0 115 54
FL 0 116 236
FL 0 117 204
FL 0 118 5
FL 0 120 15
FL 0 121 998
FL 0 125 998
FL 1 5 0
FL 1 12 117
FL 1 13 84
FL 1 18 2
FL 1 20 1
FL 1 35 0
FL 1 38 0
FL 1 51 0
FL 1 57 16
FL 1 60 0
FL 1 61 0
FL 1 62 76
FL 1 67 69
FL 1 81 7
FL 1 82 24
FL 1 101 0
FL 1 106 94
FL 1 108 80
FL 1 115 4
FL 1 119 0
FL 2 9 156
FL 2 20 0
FL 2 26 0
FL 2 43 0
FL 2 48 51
FL 2 54 0
FL 2 72 83
FL 2 78 0
FL 2 80 0
FL 2 88 187
FL 2 96 1
FL 2 99 228
FL 2 120 0
FL 3 66 47
FL 4 17 0
FL 4 23 16
FL 4 33 129
FL 4 59 0
FL 4 70 0
FL 4 82 41
FL 4 83 0
FL 4 84 0
FL 4 111 0
FL 4 119 456
FL 5 1 0
FL 5 13 68
FL 5 14 105
FL 5 18 0
FL 5 20 0
FL 5 35 0
FL 5 38 0
FL 5 43 0
FL 5 44 1
FL 5 51 0
FL 5 57 3
FL 5 60 0
FL 5 61 0
FL 5 63 37
FL 5 67 57
FL 5 72 41
FL 5 73 10
FL 5 80 1
FL 5 81 4
FL 5 82 11
FL 5 96 1
FL 5 108 73
FL 5 115 3
FL 6 8 5
FL 6 9 139
FL 6 10 20
FL 6 11 0
FL 6 15 36
FL 6 43 503
FL 6 44 1
FL 6 54 0
FL 6 79 28
FL 6 89 14
FL 6 90 13
FL 6 94 27
FL 6 120 0
FL 8 6 0
FL 8 10 126
FL 8 11 0
FL 8 15 38
FL 8 44 1
FL 8 63 96
FL 8 73 106
FL 8 84 0
FL 8 89 174
FL 8 90 139
FL 8 94 152
FL 8 112 63
FL 8 122 0
FL 8 124 0
FL 9 6 0
FL 9 43 2
FL 10 6 0
FL 10 8 55
FL 10 15 34
FL 10 31 1
FL 10 73 49
FL 10 79 281
FL 10 84 0
FL 10 89 228
FL 10 90 169
FL 10 91 31
FL 10 94 126
FL 11 6 0
FL 11 8 9
FL 11 9 94
FL 11 15 38
FL 11 43 506
FL 11 44 2
FL 11 54 0
FL 11 79 17
FL 11 89 9
FL 11 94 5
FL 11 120 0
FL 12 48 77
FL 13 18 0
FL 13 61 0
FL 13 80 4
FL 14 5 0
FL 15 63 48
FL 15 72 68
FL 15 80 2
FL 15 96 4
FL 16 33 39
FL 16 57 12
FL 17 4 480
FL 17 23 112
FL 17 39 998
FL 17 40 431
FL 17 46 998
FL 17 55 529
FL 17 56 998
FL 17 58 368
FL 17 59 998
FL 17 70 512
FL 17 76 4
FL 17 83 501
FL 17 84 515
FL 17 91 359
FL 17 111 999
FL 17 112 222
FL 17 118 147
FL 17 122 402
FL 17 124 459
FL 17 0 1000
FL 18 1 476
FL 18 5 0
FL 18 12 67
FL 18 13 80
FL 18 14 55
FL 18 20 1
FL 18 26 0
FL 18 35 2
FL 18 38 140
FL 18 43 1
FL 18 48 50
FL 18 51 0
FL 18 57 150
FL 18 60 1
FL 18 61 0
FL 18 62 58
FL 18 67 75
FL 18 78 4
FL 18 80 998
FL 18 81 3
FL 18 96 3
FL 18 101 456
FL 18 106 132
FL 18 108 68
FL 18 115 2
FL 18 119 0
FL 20 1 0
FL 20 2 8
FL 20 5 0
FL 20 12 109
FL 20 14 94
FL 20 18 0
FL 20 26 0
FL 20 35 0
FL 20 38 82
FL 20 48 119
FL 20 51 0
FL 20 60 0
FL 20 61 0
FL 20 67 54
FL 20 72 74
FL 20 78 0
FL 20 80 0
FL 20 81 5
FL 20 82 6
FL 20 96 1
FL 20 115 3
FL 20 123 0
FL 21 16 87
FL 21 23 8
FL 21 33 106
FL 21 36 84
FL 21 46 0
FL 21 49 1
FL 21 55 0
FL 21 62 66
FL 21 87 45
FL 21 95 2
FL 21 101 0
FL 21 103 19
FL 21 106 84
FL 21 117 160
FL 21 118 16
FL 21 119 1
FL 22 27 1
FL 22 28 1
FL 22 37 1
FL 22 47 0
FL 22 66 41
FL 22 87 54
FL 22 93 0
FL 23 4 73
FL 23 21 240
FL 23 39 0
FL 23 40 0
FL 23 55 1
FL 23 56 0
FL 23 58 0
FL 23 59 0
FL 23 70 0
FL 23 83 0
FL 23 84 0
FL 23 91 48
FL 23 111 0
FL 23 112 90
FL 23 118 8
FL 23 124 0
FL 26 2 6
FL 26 12 145
FL 26 14 30
FL 26 18 0
FL 26 20 0
FL 26 48 74
FL 26 60 0
FL 26 72 34
FL 26 78 0
FL 26 81 5
FL 26 88 188
FL 26 96 0
FL 26 123 0
FL 27 22 0
FL 27 37 0
FL 27 47 0
FL 27 116 15
FL 28 22 0
FL 28 33 52
FL 28 55 0
FL 28 56 0
FL 28 74 998
FL 28 87 47
FL 28 93 0
FL 28 95 0
FL 28 102 399
FL 31 3 84
FL 31 10 3
FL 31 15 28
FL 31 40 0
FL 31 58 0
FL 31 59 0
FL 31 63 62
FL 31 66 45
FL 31 90 7
FL 31 92 0
FL 31 94 8
FL 31 112 96
FL 33 16 92
FL 33 37 0
FL 35 1 0
FL 35 5 0
FL 35 9 84
FL 35 14 35
FL 35 15 56
FL 35 18 0
FL 35 20 0
FL 35 51 0
FL 35 54 0
FL 35 57 18
FL 35 60 0
FL 35 61 0
FL 35 67 107
FL 35 72 76
FL 35 80 3
FL 35 81 10
FL 35 82 32
FL 35 99 10
FL 35 115 2
FL 35 120 2
FL 36 57 9
FL 36 103 27
FL 37 22 916
FL 37 27 0
FL 37 33 48
FL 37 40 0
FL 37 47 39
FL 37 58 0
FL 37 59 0
FL 37 66 43
FL 37 70 0
FL 37 76 0
FL 37 92 1
FL 37 93 0
FL 37 116 68
FL 37 118 6
FL 37 124 0
FL 38 1 394
FL 38 5 0
FL 38 9 77
FL 38 14 56
FL 38 15 68
FL 38 18 2
FL 38 20 395
FL 38 51 0
FL 38 54 0
FL 38 57 20
FL 38 60 0
FL 38 61 325
FL 38 67 94
FL 38 72 40
FL 38 80 2
FL 38 81 3
FL 38 82 15
FL 38 99 4
FL 38 115 3
FL 38 120 1
FL 39 4 44
FL 39 17 0
FL 39 23 9
FL 39 40 0
FL 39 44 0
FL 39 55 0
FL 39 56 0
FL 39 58 0
FL 39 59 0
FL 39 63 31
FL 39 70 0
FL 39 76 0
FL 39 83 0
FL 39 84 0
FL 39 91 55
FL 39 111 0
FL 39 118 0
FL 39 122 0
FL 39 124 0
FL 40 3 107
FL 40 4 14
FL 40 17 0
FL 40 23 5
FL 40 31 0
FL 40 37 11
FL 40 39 0
FL 40 47 0
FL 40 56 0
FL 40 58 0
FL 40 59 0
FL 40 63 58
FL 40 66 19
FL 40 70 0
FL 40 76 0
FL 40 83 238
FL 40 84 0
FL 40 91 49
FL 40 92 124
FL 40 111 0
FL 40 116 57
FL 40 118 0
FL 40 122 0
FL 40 124 0
FL 43 2 5
FL 43 5 0
FL 43 6 498
FL 43 9 105
FL 43 11 495
FL 43 15 16
FL 43 18 0
FL 43 44 1
FL 43 54 0
FL 43 67 74
FL 43 72 29
FL 43 80 0
FL 43 82 11
FL 43 106 78
FL 43 111 0
FL 43 115 3
FL 43 120 0
FL 44 4 12
FL 44 5 0
FL 44 6 0
FL 44 8 2
FL 44 11 0
FL 44 15 50
FL 44 39 0
FL 44 43 2
FL 44 54 0
FL 44 63 64
FL 44 73 3
FL 44 83 0
FL 44 84 0
FL 44 89 5
FL 44 91 32
FL 44 111 0
FL 44 112 87
FL 44 120 1
FL 44 122 0
FL 46 16 83
FL 46 17 0
FL 46 21 0
FL 46 33 54
FL 46 36 103
FL 46 49 0
FL 46 55 0
FL 46 62 79
FL 46 95 0
FL 46 101 447
FL 46 103 779
FL 46 106 68
FL 46 111 0
FL 46 118 0
FL 46 119 0
FL 47 22 0
FL 47 27 498
FL 47 33 25
FL 47 37 22
FL 47 40 171
FL 47 58 124
FL 47 59 0
FL 47 66 40
FL 47 70 0
FL 47 76 239
FL 47 92 238
FL 47 93 451
FL 47 116 25
FL 48 2 332
FL 48 12 82
FL 48 18 0
FL 48 26 0
FL 48 60 1
FL 48 78 3
FL 48 80 3
FL 48 123 1
FL 49 16 94
FL 49 21 0
FL 49 36 111
FL 49 46 0
FL 49 55 493
FL 49 57 6
FL 49 62 70
FL 49 87 34
FL 49 95 3
FL 49 101 0
FL 49 103 25
FL 49 106 148
FL 49 117 178
FL 49 119 0
FL 51 1 0
FL 51 4 46
FL 51 5 0
FL 51 12 79
FL 51 13 58
FL 51 18 0
FL 51 20 0
FL 51 35 0
FL 51 38 0
FL 51 57 3
FL 51 60 0
FL 51 61 0
FL 51 67 68
FL 51 80 0
FL 51 81 1
FL 51 82 14
FL 51 83 0
FL 51 96 2
FL 51 108 122
FL 51 111 0
FL 51 115 3
FL 51 119 63
FL 51 122 0
FL 54 2 3
FL 54 6 0
FL 54 9 108
FL 54 11 0
FL 54 15 34
FL 54 35 0
FL 54 38 0
FL 54 43 0
FL 54 44 0
FL 54 72 38
FL 54 89 4
FL 54 96 0
FL 54 99 7
FL 54 120 0
FL 55 16 154
FL 55 17 0
FL 55 21 1
FL 55 23 9
FL 55 28 1
FL 55 33 75
FL 55 36 100
FL 55 39 0
FL 55 46 0
FL 55 49 515
FL 55 62 61
FL 55 76 0
FL 55 87 67
FL 55 91 17
FL 55 93 3
FL 55 95 3
FL 55 106 102
FL 55 118 7
FL 55 119 1
FL 55 122 0
FL 55 124 0
FL 56 4 25
FL 56 13 106
FL 56 17 0
FL 56 23 16
FL 56 28 999
FL 56 36 54
FL 56 39 0
FL 56 40 126
FL 56 58 114
FL 56 59 1
FL 56 63 79
FL 56 70 510
FL 56 76 277
FL 56 83 250
FL 56 84 0
FL 56 87 513
FL 56 91 29
FL 56 93 475
FL 56 95 822
FL 56 111 1
FL 56 118 25
FL 56 122 274
FL 56 124 0
FL 57 1 82
FL 57 5 0
FL 57 16 59
FL 57 18 1
FL 57 36 153
FL 57 38 157
FL 57 49 0
FL 57 61 0
FL 57 67 41
FL 57 81 7
FL 57 101 116
FL 57 108 57
FL 57 117 84
FL 58 3 139
FL 58 4 11
FL 58 17 0
FL 58 23 2
FL 58 31 0
FL 58 37 0
FL 58 39 0
FL 58 40 0
FL 58 47 149
FL 58 56 0
FL 58 59 0
FL 58 63 78
FL 58 70 0
FL 58 76 0
FL 58 83 0
FL 58 84 0
FL 58 91 28
FL 58 92 0
FL 58 111 0
FL 58 112 106
FL 58 116 30
FL 58 118 29
FL 58 122 0
FL 58 124 0
FL 59 3 86
FL 59 4 80
FL 59 17 0
FL 59 23 272
FL 59 31 998
FL 59 37 809
FL 59 39 0
FL 59 40 78
FL 59 47 505
FL 59 56 1
FL 59 58 73
FL 59 66 41
FL 59 70 0
FL 59 76 240
FL 59 84 509
FL 59 91 198
FL 59 92 271
FL 59 116 398
FL 59 118 99
FL 59 122 341
FL 59 124 476
FL 60 1 0
FL 60 5 0
FL 60 12 52
FL 60 14 115
FL 60 18 0
FL 60 20 0
FL 60 26 0
FL 60 35 0
FL 60 38 36
FL 60 48 64
FL 60 51 0
FL 60 61 0
FL 60 67 58
FL 60 72 47
FL 60 78 998
FL 60 80 2
FL 60 81 3
FL 60 96 4
FL 60 115 3
FL 60 123 998
FL 61 1 1
FL 61 5 1
FL 61 12 104
FL 61 13 89
FL 61 18 1
FL 61 20 1
FL 61 35 1
FL 61 38 96
FL 61 51 1
FL 61 57 6
FL 61 60 1
FL 61 62 48
FL 61 67 91
FL 61 81 4
FL 61 82 19
FL 61 108 76
FL 61 115 4
FL 62 1 5
FL 62 61 1
FL 63 15 44
FL 63 76 1
FL 66 3 104
FL 66 22 88
FL 66 31 2
FL 66 33 76
FL 66 37 2
FL 66 40 1
FL 66 47 2
FL 66 70 1
FL 66 76 1
FL 66 92 4
FL 66 93 1
FL 66 116 66
FL 66 118 10
FL 66 124 85
FL 67 38 1
FL 67 57 16
FL 67 96 5
FL 70 4 26
FL 70 17 1
FL 70 23 29
FL 70 37 1
FL 70 39 1
FL 70 40 1
FL 70 47 1
FL 70 56 1
FL 70 58 1
FL 70 59 1
FL 70 66 72
FL 70 76 1
FL 70 84 1
FL 70 91 43
FL 70 92 1
FL 70 118 1
FL 70 122 1
FL 70 124 1
FL 72 5 2
FL 72 15 57
FL 72 99 369
FL 73 5 1
FL 73 8 110
FL 73 10 67
FL 73 15 44
FL 73 44 2
FL 73 79 324
FL 73 89 218
FL 73 90 132
FL 73 94 216
FL 74 28 1
FL 74 33 51
FL 74 102 371
FL 76 4 22
FL 76 17 1
FL 76 23 7
FL 76 37 1
FL 76 39 1
FL 76 40 1
FL 76 47 1
FL 76 55 1
FL 76 56 1
FL 76 58 1
FL 76 59 1
FL 76 63 95
FL 76 66 41
FL 76 70 1
FL 76 84 0
FL 76 91 17
FL 76 92 0
FL 76 118 0
FL 76 122 0
FL 76 124 0
FL 78 2 6
FL 78 12 86
FL 78 14 80
FL 78 18 0
FL 78 20 0
FL 78 26 0
FL 78 48 66
FL 78 60 0
FL 78 72 44
FL 78 80 0
FL 78 81 5
FL 78 88 120
FL 78 96 1
FL 78 123 1
FL 79 6 1
FL 79 10 47
FL 79 11 1
FL 79 73 50
FL 80 2 12
FL 80 5 1
FL 80 13 42
FL 80 14 61
FL 80 15 50
FL 80 18 2
FL 80 20 1
FL 80 35 1
FL 80 38 1
FL 80 43 2
FL 80 48 90
FL 80 51 1
FL 80 60 1
FL 80 67 47
FL 80 72 43
FL 80 78 1
FL 80 81 3
FL 80 82 16
FL 80 96 4
FL 80 115 2
FL 80 120 999
FL 81 1 65
FL 81 14 45
FL 81 35 112
FL 81 38 49
FL 81 57 145
FL 81 80 4
FL 81 96 4
FL 81 108 154
FL 81 115 5
FL 82 4 25
FL 82 5 174
FL 82 13 66
FL 82 20 225
FL 82 35 229
FL 82 61 202
FL 82 83 15
FL 82 111 1
FL 82 119 77
FL 83 4 32
FL 83 15 18
FL 83 17 0
FL 83 23 2
FL 83 39 0
FL 83 40 96
FL 83 44 502
FL 83 51 0
FL 83 56 0
FL 83 58 144
FL 83 63 44
FL 83 82 278
FL 83 84 0
FL 83 91 14
FL 83 111 0
FL 83 112 83
FL 83 118 0
FL 83 122 0
FL 84 4 29
FL 84 8 76
FL 84 10 57
FL 84 15 44
FL 84 17 0
FL 84 23 20
FL 84 39 0
FL 84 40 0
FL 84 44 0
FL 84 56 0
FL 84 58 0
FL 84 59 0
FL 84 63 44
FL 84 70 0
FL 84 76 0
FL 84 83 0
FL 84 91 17
FL 84 112 76
FL 84 118 0
FL 84 122 0
FL 84 124 0
FL 87 49 496
FL 88 96 5
FL 89 6 0
FL 89 8 53
FL 89 9 95
FL 89 10 60
FL 89 11 0
FL 89 15 64
FL 89 44 1
FL 89 54 0
FL 89 73 137
FL 90 3 105
FL 90 6 0
FL 90 8 49
FL 90 10 90
FL 90 15 21
FL 90 31 1
FL 90 63 50
FL 90 73 114
FL 90 94 129
FL 90 112 88
FL 91 44 522
FL 92 3 141
FL 92 31 1
FL 92 33 91
FL 92 37 10
FL 92 40 0
FL 92 47 77
FL 92 58 0
FL 92 59 0
FL 92 66 71
FL 92 70 0
FL 92 76 0
FL 92 93 0
FL 92 116 80
FL 92 118 7
FL 92 124 0
FL 93 13 65
FL 93 22 0
FL 93 28 1
FL 93 33 83
FL 93 37 2
FL 93 47 1
FL 93 55 0
FL 93 56 0
FL 93 66 64
FL 93 87 29
FL 93 92 2
FL 93 95 1
FL 93 118 23
FL 94 6 0
FL 94 8 92
FL 94 10 104
FL 94 11 0
FL 94 15 45
FL 94 31 2
FL 94 73 75
FL 94 90 179
FL 95 13 76
FL 95 16 151
FL 95 21 0
FL 95 28 2
FL 95 33 59
FL 95 36 68
FL 95 46 0
FL 95 49 0
FL 95 55 0
FL 95 56 0
FL 95 62 67
FL 95 87 68
FL 95 93 1
FL 95 106 49
FL 95 118 1
FL 95 119 0
FL 96 5 419
FL 96 14 128
FL 96 15 77
FL 96 18 998
FL 96 20 401
FL 96 26 998
FL 96 51 509
FL 96 54 998
FL 96 60 999
FL 96 67 93
FL 96 81 160
FL 96 88 206
FL 96 115 1
FL 99 2 194
FL 99 9 61
FL 99 35 0
FL 99 38 0
FL 99 54 0
FL 99 72 32
FL 99 120 0
FL 101 1 0
FL 101 16 103
FL 101 18 0
FL 101 21 0
FL 101 36 65
FL 101 46 0
FL 101 49 0
FL 101 57 4
FL 101 62 215
FL 101 103 9
FL 101 106 47
FL 101 117 201
FL 101 119 0
FL 102 28 0
FL 103 21 771
FL 103 36 69
FL 103 46 0
FL 103 106 90
FL 103 117 201
FL 103 119 177
FL 106 1 3
FL 108 57 19
FL 108 61 121
FL 108 81 27
FL 108 119 79
FL 111 4 12
FL 111 17 0
FL 111 23 9
FL 111 39 0
FL 111 40 121
FL 111 43 0
FL 111 44 0
FL 111 46 0
FL 111 51 0
FL 111 56 0
FL 111 58 83
FL 111 63 106
FL 111 82 39
FL 111 83 0
FL 111 91 17
FL 111 115 999
FL 111 122 0
FL 112 58 115
FL 115 5 432
FL 115 13 114
FL 115 35 670
FL 115 38 384
FL 115 60 11
FL 115 61 373
FL 115 81 15
FL 115 96 999
FL 115 111 0
FL 115 119 143
FL 116 3 190
FL 116 27 525
FL 116 37 17
FL 116 40 0
FL 116 47 235
FL 116 58 0
FL 116 59 0
FL 116 66 50
FL 116 92 302
FL 117 57 24
FL 117 101 0
FL 117 103 15
FL 118 21 0
FL 118 23 2
FL 118 33 51
FL 118 37 132
FL 118 46 0
FL 118 56 0
FL 118 59 0
FL 118 66 140
FL 118 84 0
FL 118 91 33
FL 118 92 84
FL 118 93 99
FL 118 95 184
FL 119 1 6
FL 119 4 44
FL 119 13 86
FL 119 16 109
FL 119 18 10
FL 119 21 4
FL 119 36 107
FL 119 46 0
FL 119 49 4
FL 119 51 513
FL 119 55 1
FL 119 57 58
FL 119 62 140
FL 119 82 29
FL 119 95 3
FL 119 101 4
FL 119 103 31
FL 119 106 72
FL 119 108 127
FL 119 115 25
FL 120 6 522
FL 120 11 524
FL 120 14 67
FL 120 15 69
FL 120 80 2
FL 122 4 22
FL 122 8 90
FL 122 17 0
FL 122 23 12
FL 122 39 0
FL 122 40 0
FL 122 44 0
FL 122 51 0
FL 122 55 0
FL 122 56 0
FL 122 58 0
FL 122 59 0
FL 122 63 37
FL 122 70 0
FL 122 76 266
FL 122 83 0
FL 122 84 0
FL 122 91 18
FL 122 111 0
FL 122 118 0
FL 122 124 0
FL 123 12 105
FL 123 14 76
FL 123 20 0
FL 123 26 0
FL 123 48 45
FL 123 60 0
FL 123 78 0
FL 123 81 4
FL 123 88 116
FL 124 4 20
FL 124 8 81
FL 124 17 0
FL 124 23 12
FL 124 37 0
FL 124 39 0
FL 124 40 0
FL 124 55 0
FL 124 56 0
FL 124 58 0
FL 124 59 0
FL 124 63 39
FL 124 66 57
FL 124 70 0
FL 124 76 0
FL 124 84 0
FL 124 91 22
FL 124 92 0
FL 124 112 74
FL 124 122 0
FU 0 18 22
FU 0 1 11
FU 0 73 481
FU 0 35 15
FU 0 58 4
FU 0 92 6
FU 0 90 410
FU 0 123 8
FU 0 28 2
FU 0 20 12
FU 0 31 11
FU 0 46 2
FU 0 78 10
FU 0 22 6
FU 0 54 9
FU 0 84 2
FU 0 93 10
FU 0 99 423
FU 0 76 2
FU 0 101 10
FU 0 122 5
FU 0 51 6
FU 0 26 11
FU 0 119 19
FU 0 8 415
FU 0 43 9
FU 0 79 387
FU 0 10 464
FU 0 94 366
FU 0 47 4
FU 0 2 460
FU 0 37 6
FU 0 56 2
FU 0 59 2
FU 0 5 18
FU 0 21 10
FU 0 40 2
FU 0 39 2
FU 0 74 3
FU 0 124 2
FU 0 49 15
FU 0 70 2
FU 0 89 387
FU 0 27 4
FU 0 95 9
FU 0 83 2
FU 0 6 27
FU 0 11 14
FU 0 44 10
FU 0 38 13
FU 0 61 12
FU 0 80 17
FU 0 60 6
FU 0 111 2
FU 0 55 6
FU 0 3 87
FU 0 4 37
FU 0 7 1000
FU 0 9 124
FU 0 12 114
FU 0 13 119
FU 0 14 105
FU 0 15 151
FU 0 16 110
FU 0 19 1000
FU 0 23 10
FU 0 24 1000
FU 0 25 1000
FU 0 29 1000
FU 0 30 1000
FU 0 32 1000
FU 0 33 112
FU 0 34 1000
FU 0 36 137
FU 0 41 1000
FU 0 42 1000
FU 0 45 1000
FU 0 48 408
FU 0 50 1000
FU 0 52 1000
FU 0 53 1000
FU 0 57 194
FU 0 62 171
FU 0 63 89
FU 0 64 1000
FU 0 65 1000
FU 0 66 257
FU 0 67 126
FU 0 68 1000
FU 0 69 1000
FU 0 71 1000
FU 0 72 398
FU 0 75 1000
FU 0 77 1000
FU 0 81 79
FU 0 82 81
FU 0 85 1000
FU 0 86 1000
FU 0 87 143
FU 0 88 227
FU 0 91 27
FU 0 96 2
FU 0 97 1000
FU 0 98 1000
FU 0 100 1000
FU 0 102 251
FU 0 103 74
FU 0 104 1000
FU 0 105 1000
FU 0 106 80
FU 0 107 1000
FU 0 108 245
FU 0 109 1000
FU 0 110 1000
FU 0 112 54
FU 0 113 1000
FU 0 114 1000
FU 0 115 2
FU 0 116 219
FU 0 117 213
FU 0 118 9
FU 0 120 4
FU 0 121 1000
FU 0 125 1000
FU 1 5 0
FU 1 12 104
FU 1 13 82
FU 1 18 0
FU 1 20 0
FU 1 35 0
FU 1 38 0
FU 1 51 0
FU 1 57 82
FU 1 60 0
FU 1 61 0
FU 1 62 72
FU 1 67 65
FU 1 81 6
FU 1 82 35
FU 1 101 0
FU 1 106 90
FU 1 108 89
FU 1 115 0
FU 1 119 0
FU 2 9 148
FU 2 20 0
FU 2 26 0
FU 2 43 0
FU 2 48 46
FU 2 54 0
FU 2 72 68
FU 2 78 0
FU 2 80 0
FU 2 88 178
FU 2 96 0
FU 2 99 215
FU 2 120 0
FU 3 66 44
FU 4 17 0
FU 4 23 22
FU 4 33 123
FU 4 59 0
FU 4 70 0
FU 4 82 81
FU 4 83 0
FU 4 84 0
FU 4 111 0
FU 4 119 459
FU 5 1 0
FU 5 13 63
FU 5 14 101
FU 5 18 0
FU 5 20 0
FU 5 35 0
FU 5 38 0
FU 5 43 0
FU 5 44 1
FU 5 51 0
FU 5 57 2
FU 5 60 0
FU 5 61 0
FU 5 63 44
FU 5 67 55
FU 5 72 38
FU 5 73 15
FU 5 80 0
FU 5 81 28
FU 5 82 76
FU 5 96 0
FU 5 108 83
FU 5 115 0
FU 6 8 6
FU 6 9 139
FU 6 10 19
FU 6 11 0
FU 6 15 31
FU 6 43 459
FU 6 44 1
FU 6 54 0
FU 6 79 29
FU 6 89 16
FU 6 90 15
FU 6 94 28
FU 6 120 0
FU 8 6 0
FU 8 10 119
FU 8 11 0
FU 8 15 28
FU 8 44 1
FU 8 63 91
FU 8 73 95
FU 8 84 0
FU 8 89 157
FU 8 90 135
FU 8 94 151
FU 8 112 61
FU 8 122 0
FU 8 124 0
FU 9 6 0
FU 9 43 1
FU 10 6 0
FU 10 8 55
FU 10 15 23
FU 10 31 0
FU 10 73 63
FU 10 79 261
FU 10 84 0
FU 10 89 238
FU 10 90 145
FU 10 91 25
FU 10 94 127
FU 11 6 0
FU 11 8 13
FU 11 9 88
FU 11 15 30
FU 11 43 509
FU 11 44 1
FU 11 54 0
FU 11 79 15
FU 11 89 9
FU 11 94 5
FU 11 120 0
FU 12 48 66
FU 13 18 0
FU 13 61 0
FU 13 80 3
FU 14 5 0
FU 15 63 41
FU 15 72 52
FU 15 80 0
FU 15 96 0
FU 16 33 29
FU 16 57 30
FU 17 4 481
FU 17 23 98
FU 17 39 998
FU 17 40 435
FU 17 46 998
FU 17 55 550
FU 17 56 997
FU 17 58 370
FU 17 59 998
FU 17 70 498
FU 17 76 3
FU 17 83 506
FU 17 84 501
FU 17 91 357
FU 17 111 998
FU 17 112 222
FU 17 118 151
FU 17 122 455
FU 17 124 465
FU 17 0 1000
FU 18 1 441
FU 18 5 0
FU 18 12 64
FU 18 13 76
FU 18 14 54
FU 18 20 2
FU 18 26 0
FU 18 35 2
FU 18 38 186
FU 18 43 1
FU 18 48 52
FU 18 51 0
FU 18 57 188
FU 18 60 0
FU 18 61 0
FU 18 62 53
FU 18 67 66
FU 18 78 0
FU 18 80 979
FU 18 81 1
FU 18 96 0
FU 18 101 436
FU 18 106 132
FU 18 108 73
FU 18 115 0
FU 18 119 0
FU 20 1 0
FU 20 2 10
FU 20 5 0
FU 20 12 103
FU 20 14 92
FU 20 18 0
FU 20 26 0
FU 20 35 0
FU 20 38 103
FU 20 48 114
FU 20 51 0
FU 20 60 0
FU 20 61 0
FU 20 67 47
FU 20 72 80
FU 20 78 0
FU 20 80 0
FU 20 81 15
FU 20 82 20
FU 20 96 0
FU 20 115 0
FU 20 123 0
FU 21 16 80
FU 21 23 27
FU 21 33 102
FU 21 36 69
FU 21 46 0
FU 21 49 3
FU 21 55 0
FU 21 62 67
FU 21 87 47
FU 21 95 1
FU 21 101 0
FU 21 103 27
FU 21 106 90
FU 21 117 144
FU 21 118 116
FU 21 119 1
FU 22 27 0
FU 22 28 0
FU 22 37 0
FU 22 47 0
FU 22 66 29
FU 22 87 52
FU 22 93 0
FU 23 4 60
FU 23 21 232
FU 23 39 0
FU 23 40 0
FU 23 55 0
FU 23 56 0
FU 23 58 0
FU 23 59 0
FU 23 70 0
FU 23 83 0
FU 23 84 0
FU 23 91 56
FU 23 111 0
FU 23 112 81
FU 23 118 36
FU 23 124 0
FU 26 2 7
FU 26 12 143
FU 26 14 24
FU 26 18 0
FU 26 20 0
FU 26 48 60
FU 26 60 0
FU 26 72 32
FU 26 78 0
FU 26 81 128
FU 26 88 170
FU 26 96 0
FU 26 123 0
FU 27 22 0
FU 27 37 0
FU 27 47 0
FU 27 116 22
FU 28 22 0
FU 28 33 45
FU 28 55 0
FU 28 56 0
FU 28 74 997
FU 28 87 48
FU 28 93 0
FU 28 95 0
FU 28 102 387
FU 31 3 79
FU 31 10 4
FU 31 15 25
FU 31 40 0
FU 31 58 0
FU 31 59 0
FU 31 63 59
FU 31 66 52
FU 31 90 8
FU 31 92 0
FU 31 94 9
FU 31 112 107
FU 33 16 83
FU 33 37 0
FU 35 1 0
FU 35 5 0
FU 35 9 77
FU 35 14 34
FU 35 15 51
FU 35 18 0
FU 35 20 0
FU 35 51 0
FU 35 54 0
FU 35 57 78
FU 35 60 0
FU 35 61 0
FU 35 67 100
FU 35 72 71
FU 35 80 0
FU 35 81 182
FU 35 82 86
FU 35 99 24
FU 35 115 0
FU 35 120 0
FU 36 57 30
FU 36 103 29
FU 37 22 917
FU 37 27 0
FU 37 33 52
FU 37 40 0
FU 37 47 31
FU 37 58 0
FU 37 59 0
FU 37 66 36
FU 37 70 0
FU 37 76 0
FU 37 92 0
FU 37 93 0
FU 37 116 64
FU 37 118 5
FU 37 124 0
FU 38 1 390
FU 38 5 0
FU 38 9 73
FU 38 14 48
FU 38 15 71
FU 38 18 0
FU 38 20 380
FU 38 51 0
FU 38 54 0
FU 38 57 53
FU 38 60 0
FU 38 61 320
FU 38 67 86
FU 38 72 42
FU 38 80 0
FU 38 81 1
FU 38 82 49
FU 38 99 10
FU 38 115 0
FU 38 120 0
FU 39 4 31
FU 39 17 0
FU 39 23 26
FU 39 40 0
FU 39 44 0
FU 39 55 0
FU 39 56 0
FU 39 58 0
FU 39 59 0
FU 39 63 29
FU 39 70 0
FU 39 76 0
FU 39 83 0
FU 39 84 0
FU 39 91 55
FU 39 111 0
FU 39 118 0
FU 39 122 0
FU 39 124 0
FU 40 3 95
FU 40 4 14
FU 40 17 0
FU 40 23 81
FU 40 31 0
FU 40 37 14
FU 40 39 0
FU 40 47 0
FU 40 56 0
FU 40 58 0
FU 40 59 0
FU 40 63 50
FU 40 66 18
FU 40 70 0
FU 40 76 0
FU 40 83 215
FU 40 84 0
FU 40 91 49
FU 40 92 140
FU 40 111 0
FU 40 116 71
FU 40 118 0
FU 40 122 0
FU 40 124 0
FU 43 2 5
FU 43 5 0
FU 43 6 350
FU 43 9 98
FU 43 11 355
FU 43 15 13
FU 43 18 0
FU 43 44 1
FU 43 54 0
FU 43 67 72
FU 43 72 18
FU 43 80 0
FU 43 82 36
FU 43 106 71
FU 43 111 0
FU 43 115 0
FU 43 120 0
FU 44 4 12
FU 44 5 0
FU 44 6 0
FU 44 8 3
FU 44 11 0
FU 44 15 44
FU 44 39 0
FU 44 43 16
FU 44 54 0
FU 44 63 60
FU 44 73 6
FU 44 83 0
FU 44 84 0
FU 44 89 4
FU 44 91 29
FU 44 111 0
FU 44 112 76
FU 44 120 0
FU 44 122 0
FU 46 16 91
FU 46 17 0
FU 46 21 0
FU 46 33 46
FU 46 36 109
FU 46 49 0
FU 46 55 0
FU 46 62 74
FU 46 95 0
FU 46 101 444
FU 46 103 792
FU 46 106 65
FU 46 111 0
FU 46 118 0
FU 46 119 0
FU 47 22 0
FU 47 27 488
FU 47 33 18
FU 47 37 21
FU 47 40 156
FU 47 58 109
FU 47 59 0
FU 47 66 55
FU 47 70 0
FU 47 76 262
FU 47 92 195
FU 47 93 434
FU 47 116 37
FU 48 2 327
FU 48 12 71
FU 48 18 0
FU 48 26 0
FU 48 60 0
FU 48 78 1
FU 48 80 1
FU 48 123 0
FU 49 16 84
FU 49 21 0
FU 49 36 104
FU 49 46 0
FU 49 55 443
FU 49 57 18
FU 49 62 62
FU 49 87 24
FU 49 95 1
FU 49 101 0
FU 49 103 18
FU 49 106 134
FU 49 117 175
FU 49 119 0
FU 51 1 0
FU 51 4 36
FU 51 5 0
FU 51 12 69
FU 51 13 53
FU 51 18 0
FU 51 20 0
FU 51 35 0
FU 51 38 0
FU 51 57 11
FU 51 60 0
FU 51 61 0
FU 51 67 68
FU 51 80 0
FU 51 81 12
FU 51 82 15
FU 51 83 0
FU 51 96 0
FU 51 108 117
FU 51 111 0
FU 51 115 0
FU 51 119 82
FU 51 122 0
FU 54 2 4
FU 54 6 0
FU 54 9 100
FU 54 11 0
FU 54 15 27
FU 54 35 0
FU 54 38 0
FU 54 43 0
FU 54 44 0
FU 54 72 30
FU 54 89 3
FU 54 96 0
FU 54 99 5
FU 54 120 0
FU 55 16 147
FU 55 17 0
FU 55 21 1
FU 55 23 24
FU 55 28 0
FU 55 33 73
FU 55 36 98
FU 55 39 0
FU 55 46 0
FU 55 49 483
FU 55 62 56
FU 55 76 0
FU 55 87 66
FU 55 91 12
FU 55 93 2
FU 55 95 2
FU 55 106 97
FU 55 118 26
FU 55 119 1
FU 55 122 0
FU 55 124 0
FU 56 4 23
FU 56 13 97
FU 56 17 0
FU 56 23 49
FU 56 28 998
FU 56 36 46
FU 56 39 0
FU 56 40 118
FU 56 58 140
FU 56 59 0
FU 56 63 75
FU 56 70 500
FU 56 76 269
FU 56 83 262
FU 56 84 0
FU 56 87 515
FU 56 91 25
FU 56 93 456
FU 56 95 810
FU 56 111 0
FU 56 118 167
FU 56 122 251
FU 56 124 0
FU 57 1 74
FU 57 5 0
FU 57 16 56
FU 57 18 0
FU 57 36 137
FU 57 38 136
FU 57 49 0
FU 57 61 0
FU 57 67 50
FU 57 81 38
FU 57 101 109
FU 57 108 64
FU 57 117 91
FU 58 3 133
FU 58 4 9
FU 58 17 0
FU 58 23 1
FU 58 31 0
FU 58 37 0
FU 58 39 0
FU 58 40 0
FU 58 47 148
FU 58 56 0
FU 58 59 0
FU 58 63 70
FU 58 70 0
FU 58 76 0
FU 58 83 0
FU 58 84 0
FU 58 91 24
FU 58 92 0
FU 58 111 0
FU 58 112 107
FU 58 116 38
FU 58 118 256
FU 58 122 0
FU 58 124 0
FU 59 3 75
FU 59 4 80
FU 59 17 0
FU 59 23 348
FU 59 31 988
FU 59 37 809
FU 59 39 0
FU 59 40 66
FU 59 47 516
FU 59 56 1
FU 59 58 68
FU 59 66 41
FU 59 70 0
FU 59 76 215
FU 59 84 497
FU 59 91 193
FU 59 92 275
FU 59 116 373
FU 59 118 105
FU 59 122 289
FU 59 124 470
FU 60 1 0
FU 60 5 0
FU 60 12 49
FU 60 14 113
FU 60 18 0
FU 60 20 0
FU 60 26 0
FU 60 35 0
FU 60 38 55
FU 60 48 60
FU 60 51 0
FU 60 61 0
FU 60 67 57
FU 60 72 48
FU 60 78 989
FU 60 80 0
FU 60 81 15
FU 60 96 0
FU 60 115 0
FU 60 123 992
FU 61 1 0
FU 61 5 0
FU 61 12 102
FU 61 13 81
FU 61 18 0
FU 61 20 0
FU 61 35 0
FU 61 38 87
FU 61 51 0
FU 61 57 21
FU 61 60 0
FU 61 62 46
FU 61 67 82
FU 61 81 7
FU 61 82 42
FU 61 108 72
FU 61 115 0
FU 62 1 9
FU 62 61 0
FU 63 15 47
FU 63 76 0
FU 66 3 107
FU 66 22 77
FU 66 31 1
FU 66 33 71
FU 66 37 0
FU 66 40 0
FU 66 47 1
FU 66 70 0
FU 66 76 0
FU 66 92 2
FU 66 93 0
FU 66 116 75
FU 66 118 36
FU 66 124 63
FU 67 38 0
FU 67 57 45
FU 67 96 0
FU 70 4 18
FU 70 17 0
FU 70 23 125
FU 70 37 0
FU 70 39 0
FU 70 40 0
FU 70 47 0
FU 70 56 0
FU 70 58 0
FU 70 59 0
FU 70 66 63
FU 70 76 0
FU 70 84 0
FU 70 91 37
FU 70 92 0
FU 70 118 0
FU 70 122 0
FU 70 124 0
FU 72 5 1
FU 72 15 59
FU 72 99 323
FU 73 5 0
FU 73 8 96
FU 73 10 56
FU 73 15 38
FU 73 44 0
FU 73 79 308
FU 73 89 186
FU 73 90 111
FU 73 94 213
FU 74 28 0
FU 74 33 51
FU 74 102 362
FU 76 4 28
FU 76 17 0
FU 76 23 36
FU 76 37 0
FU 76 39 0
FU 76 40 0
FU 76 47 0
FU 76 55 0
FU 76 56 0
FU 76 58 0
FU 76 59 0
FU 76 63 84
FU 76 66 33
FU 76 70 0
FU 76 84 0
FU 76 91 14
FU 76 92 0
FU 76 118 0
FU 76 122 0
FU 76 124 0
FU 78 2 8
FU 78 12 82
FU 78 14 79
FU 78 18 0
FU 78 20 0
FU 78 26 0
FU 78 48 68
FU 78 60 0
FU 78 72 45
FU 78 80 0
FU 78 81 116
FU 78 88 109
FU 78 96 0
FU 78 123 0
FU 79 6 0
FU 79 10 50
FU 79 11 0
FU 79 73 53
FU 80 2 16
FU 80 5 0
FU 80 13 41
FU 80 14 59
FU 80 15 54
FU 80 18 1
FU 80 20 0
FU 80 35 0
FU 80 38 0
FU 80 43 5
FU 80 48 81
FU 80 51 0
FU 80 60 0
FU 80 67 40
FU 80 72 39
FU 80 78 0
FU 80 81 8
FU 80 82 68
FU 80 96 0
FU 80 115 0
FU 80 120 996
FU 81 1 65
FU 81 14 41
FU 81 35 87
FU 81 38 60
FU 81 57 114
FU 81 80 0
FU 81 96 0
FU 81 108 138
FU 81 115 0
FU 82 4 31
FU 82 5 170
FU 82 13 59
FU 82 20 196
FU 82 35 221
FU 82 61 196
FU 82 83 15
FU 82 111 0
FU 82 119 82
FU 83 4 24
FU 83 15 19
FU 83 17 0
FU 83 23 1
FU 83 39 0
FU 83 40 85
FU 83 44 481
FU 83 51 0
FU 83 56 0
FU 83 58 142
FU 83 63 42
FU 83 82 290
FU 83 84 0
FU 83 91 12
FU 83 111 0
FU 83 112 64
FU 83 118 0
FU 83 122 0
FU 84 4 29
FU 84 8 77
FU 84 10 52
FU 84 15 35
FU 84 17 0
FU 84 23 71
FU 84 39 0
FU 84 40 0
FU 84 44 0
FU 84 56 0
FU 84 58 0
FU 84 59 0
FU 84 63 40
FU 84 70 0
FU 84 76 0
FU 84 83 0
FU 84 91 14
FU 84 112 73
FU 84 118 0
FU 84 122 0
FU 84 124 0
FU 87 49 495
FU 88 96 0
FU 89 6 0
FU 89 8 53
FU 89 9 95
FU 89 10 54
FU 89 11 0
FU 89 15 59
FU 89 44 1
FU 89 54 0
FU 89 73 113
FU 90 3 102
FU 90 6 0
FU 90 8 42
FU 90 10 82
FU 90 15 20
FU 90 31 0
FU 90 63 41
FU 90 73 90
FU 90 94 101
FU 90 112 82
FU 91 44 503
FU 92 3 136
FU 92 31 0
FU 92 33 92
FU 92 37 11
FU 92 40 0
FU 92 47 100
FU 92 58 0
FU 92 59 0
FU 92 66 77
FU 92 70 0
FU 92 76 0
FU 92 93 0
FU 92 116 101
FU 92 118 7
FU 92 124 0
FU 93 13 71
FU 93 22 0
FU 93 28 0
FU 93 33 81
FU 93 37 2
FU 93 47 3
FU 93 55 0
FU 93 56 0
FU 93 66 62
FU 93 87 32
FU 93 92 5
FU 93 95 0
FU 93 118 72
FU 94 6 0
FU 94 8 75
FU 94 10 100
FU 94 11 0
FU 94 15 36
FU 94 31 0
FU 94 73 84
FU 94 90 176
FU 95 13 72
FU 95 16 144
FU 95 21 0
FU 95 28 0
FU 95 33 56
FU 95 36 66
FU 95 46 0
FU 95 49 0
FU 95 55 0
FU 95 56 0
FU 95 62 62
FU 95 87 73
FU 95 93 3
FU 95 106 42
FU 95 118 14
FU 95 119 0
FU 96 5 384
FU 96 14 122
FU 96 15 70
FU 96 18 973
FU 96 20 410
FU 96 26 989
FU 96 51 493
FU 96 54 991
FU 96 60 994
FU 96 67 86
FU 96 81 165
FU 96 88 199
FU 96 115 0
FU 99 2 163
FU 99 9 58
FU 99 35 0
FU 99 38 0
FU 99 54 0
FU 99 72 39
FU 99 120 0
FU 101 1 0
FU 101 16 91
FU 101 18 0
FU 101 21 0
FU 101 36 61
FU 101 46 0
FU 101 49 0
FU 101 57 6
FU 101 62 200
FU 101 103 7
FU 101 106 42
FU 101 117 186
FU 101 119 0
FU 102 28 0
FU 103 21 757
FU 103 36 70
FU 103 46 0
FU 103 106 86
FU 103 117 191
FU 103 119 158
FU 106 1 3
FU 108 57 35
FU 108 61 102
FU 108 81 22
FU 108 119 62
FU 111 4 10
FU 111 17 0
FU 111 23 10
FU 111 39 0
FU 111 40 138
FU 111 43 0
FU 111 44 0
FU 111 46 0
FU 111 51 0
FU 111 56 0
FU 111 58 72
FU 111 63 98
FU 111 82 97
FU 111 83 0
FU 111 91 13
FU 111 115 998
FU 111 122 0
FU 112 58 95
FU 115 5 427
FU 115 13 107
FU 115 35 675
FU 115 38 360
FU 115 60 0
FU 115 61 370
FU 115 81 45
FU 115 96 998
FU 115 111 0
FU 115 119 136
FU 116 3 186
FU 116 27 508
FU 116 37 10
FU 116 40 0
FU 116 47 197
FU 116 58 0
FU 116 59 0
FU 116 66 51
FU 116 92 275
FU 117 57 43
FU 117 101 0
FU 117 103 31
FU 118 21 0
FU 118 23 10
FU 118 33 49
FU 118 37 127
FU 118 46 0
FU 118 56 0
FU 118 59 0
FU 118 66 130
FU 118 84 0
FU 118 91 27
FU 118 92 102
FU 118 93 95
FU 118 95 175
FU 119 1 7
FU 119 4 29
FU 119 13 79
FU 119 16 114
FU 119 18 4
FU 119 21 0
FU 119 36 103
FU 119 46 0
FU 119 49 4
FU 119 51 501
FU 119 55 1
FU 119 57 50
FU 119 62 137
FU 119 82 24
FU 119 95 2
FU 119 101 1
FU 119 103 22
FU 119 106 71
FU 119 108 119
FU 119 115 0
FU 120 6 623
FU 120 11 631
FU 120 14 62
FU 120 15 69
FU 120 80 0
FU 122 4 23
FU 122 8 88
FU 122 17 0
FU 122 23 33
FU 122 39 0
FU 122 40 0
FU 122 44 0
FU 122 51 0
FU 122 55 0
FU 122 56 0
FU 122 58 0
FU 122 59 0
FU 122 63 44
FU 122 70 0
FU 122 76 249
FU 122 83 0
FU 122 84 0
FU 122 91 9
FU 122 111 0
FU 122 118 0
FU 122 124 0
FU 123 12 99
FU 123 14 66
FU 123 20 0
FU 123 26 0
FU 123 48 45
FU 123 60 0
FU 123 78 0
FU 123 81 132
FU 123 88 117
FU 124 4 25
FU 124 8 77
FU 124 17 0
FU 124 23 28
FU 124 37 0
FU 124 39 0
FU 124 40 0
FU 124 55 0
FU 124 56 0
FU 124 58 0
FU 124 59 0
FU 124 63 43
FU 124 66 52
FU 124 70 0
FU 124 76 0
FU 124 84 0
FU 124 91 22
FU 124 92 0
FU 124 112 73
FU 124 122 0
