Nodes: 71
Arcs: 2516
MVE: 2
MAE: 707
SAE: 86755
Terminals_rem: 0
Nodes_rem: 6
Arcs_rem: 803
First LB: 4
LB: 4
Iter. LB: 0
First UB: 35
UB: 16
Iter. UB: 2
gap: 75
BM. Time: 0
Runtime: 359
FL 0 35 0
FL 0 9 0
FL 0 62 14
FL 0 19 2
FL 0 29 0
FL 0 47 8
FL 0 24 0
FL 0 36 0
FL 0 30 6
FL 0 17 0
FL 0 46 0
FL 0 54 4
FL 0 38 0
FL 0 64 2
FL 0 27 4
FL 0 7 78
FL 0 2 20
FL 0 59 97
FL 0 32 98
FL 0 5 4
FL 0 43 0
FL 0 69 1
FL 0 58 33
FL 0 33 0
FL 0 52 0
FL 0 42 0
FL 0 31 0
FL 0 63 11
FL 0 3 0
FL 0 66 0
FL 0 40 2
FL 0 12 0
FL 0 49 0
FL 0 55 0
FL 0 68 3
FL 0 37 43
FL 0 13 0
FL 0 1 40
FL 0 4 58
FL 0 6 999
FL 0 8 5
FL 0 10 69
FL 0 11 23
FL 0 14 44
FL 0 15 27
FL 0 16 61
FL 0 18 54
FL 0 20 89
FL 0 21 34
FL 0 22 74
FL 0 23 998
FL 0 25 87
FL 0 28 998
FL 0 34 98
FL 0 39 49
FL 0 41 35
FL 0 44 68
FL 0 45 999
FL 0 48 999
FL 0 50 207
FL 0 51 68
FL 0 53 30
FL 0 56 55
FL 0 57 46
FL 0 60 260
FL 0 61 23
FL 0 65 59
FL 0 67 8
FL 0 70 999
FL 1 13 0
FL 1 26 0
FL 1 31 0
FL 1 36 1
FL 1 38 0
FL 1 41 55
FL 1 46 0
FL 1 47 19
FL 1 53 90
FL 1 55 0
FL 1 61 38
FL 2 5 0
FL 2 8 3
FL 2 10 25
FL 2 11 42
FL 2 12 0
FL 2 13 0
FL 2 14 34
FL 2 15 50
FL 2 16 29
FL 2 17 0
FL 2 27 0
FL 2 29 0
FL 2 30 2
FL 2 31 0
FL 2 32 4
FL 2 37 8
FL 2 40 0
FL 2 41 7
FL 2 44 59
FL 2 50 18
FL 2 52 0
FL 2 57 48
FL 2 58 1
FL 2 60 7
FL 2 62 0
FL 2 63 0
FL 2 64 0
FL 2 65 33
FL 2 68 0
FL 3 4 42
FL 3 5 2
FL 3 8 1
FL 3 11 30
FL 3 13 0
FL 3 16 19
FL 3 17 0
FL 3 18 74
FL 3 19 0
FL 3 24 0
FL 3 26 0
FL 3 30 1
FL 3 31 0
FL 3 33 0
FL 3 35 1
FL 3 36 0
FL 3 38 0
FL 3 40 1
FL 3 41 15
FL 3 46 0
FL 3 47 5
FL 3 49 0
FL 3 51 12
FL 3 52 0
FL 3 53 27
FL 3 54 0
FL 3 55 0
FL 3 56 42
FL 3 59 59
FL 3 61 25
FL 3 63 4
FL 3 66 0
FL 3 67 26
FL 3 68 0
FL 4 3 0
FL 4 10 8
FL 4 11 38
FL 4 13 0
FL 4 17 0
FL 4 18 59
FL 4 22 39
FL 4 24 0
FL 4 26 0
FL 4 30 0
FL 4 31 0
FL 4 35 0
FL 4 36 0
FL 4 40 0
FL 4 41 9
FL 4 42 0
FL 4 46 0
FL 4 53 15
FL 4 56 21
FL 4 61 35
FL 5 1 32
FL 5 2 0
FL 5 3 0
FL 5 4 28
FL 5 7 25
FL 5 8 0
FL 5 9 0
FL 5 10 15
FL 5 11 25
FL 5 12 0
FL 5 13 0
FL 5 14 16
FL 5 15 66
FL 5 16 44
FL 5 17 0
FL 5 18 13
FL 5 19 311
FL 5 20 64
FL 5 21 62
FL 5 22 47
FL 5 24 0
FL 5 25 68
FL 5 26 0
FL 5 27 0
FL 5 29 0
FL 5 30 0
FL 5 31 0
FL 5 32 43
FL 5 33 0
FL 5 34 78
FL 5 35 0
FL 5 36 0
FL 5 37 61
FL 5 38 505
FL 5 39 90
FL 5 40 0
FL 5 41 28
FL 5 42 376
FL 5 43 0
FL 5 44 47
FL 5 46 0
FL 5 49 0
FL 5 50 52
FL 5 51 11
FL 5 52 0
FL 5 53 29
FL 5 54 0
FL 5 56 21
FL 5 57 40
FL 5 59 16
FL 5 61 12
FL 5 63 0
FL 5 64 0
FL 5 65 43
FL 5 66 0
FL 5 67 15
FL 5 68 0
FL 5 69 0
FL 7 5 0
FL 7 8 0
FL 7 11 30
FL 7 13 0
FL 7 16 50
FL 7 26 0
FL 7 30 0
FL 7 31 0
FL 7 36 0
FL 7 38 0
FL 7 40 0
FL 7 41 5
FL 7 46 0
FL 7 47 0
FL 7 49 0
FL 7 51 8
FL 7 52 0
FL 7 53 24
FL 7 54 0
FL 7 55 0
FL 7 56 29
FL 7 59 51
FL 7 61 15
FL 7 63 0
FL 7 66 0
FL 7 67 37
FL 7 68 0
FL 8 2 999
FL 8 5 0
FL 8 9 0
FL 8 10 27
FL 8 12 0
FL 8 14 49
FL 8 17 0
FL 8 26 0
FL 8 29 0
FL 8 30 0
FL 8 31 0
FL 8 32 9
FL 8 40 0
FL 8 41 6
FL 8 43 0
FL 8 44 17
FL 8 47 0
FL 8 54 0
FL 8 55 2
FL 8 57 35
FL 8 61 35
FL 8 64 0
FL 8 68 0
FL 8 69 0
FL 9 5 0
FL 9 8 0
FL 9 11 39
FL 9 13 0
FL 9 26 0
FL 9 30 0
FL 9 31 0
FL 9 36 0
FL 9 38 0
FL 9 40 0
FL 9 41 17
FL 9 46 0
FL 9 49 0
FL 9 51 24
FL 9 52 0
FL 9 53 20
FL 9 54 0
FL 9 56 22
FL 9 59 13
FL 9 61 23
FL 9 63 0
FL 9 66 0
FL 9 67 27
FL 9 68 0
FL 10 4 24
FL 10 14 36
FL 10 17 0
FL 10 18 36
FL 10 22 11
FL 10 26 0
FL 10 27 0
FL 10 30 0
FL 10 41 6
FL 10 50 56
FL 10 53 12
FL 10 56 15
FL 10 57 33
FL 10 60 24
FL 10 61 42
FL 10 69 0
FL 11 2 0
FL 11 3 0
FL 11 4 27
FL 11 5 43
FL 11 10 20
FL 11 27 0
FL 11 47 0
FL 12 2 0
FL 12 4 10
FL 12 5 0
FL 12 8 0
FL 12 10 21
FL 12 11 31
FL 12 13 0
FL 12 15 17
FL 12 16 37
FL 12 17 0
FL 12 18 24
FL 12 19 0
FL 12 26 0
FL 12 27 0
FL 12 29 0
FL 12 30 0
FL 12 31 0
FL 12 33 0
FL 12 36 0
FL 12 40 0
FL 12 41 7
FL 12 43 0
FL 12 50 29
FL 12 51 13
FL 12 52 0
FL 12 53 15
FL 12 54 0
FL 12 56 14
FL 12 57 24
FL 12 58 0
FL 12 59 22
FL 12 60 17
FL 12 61 12
FL 12 62 0
FL 12 63 0
FL 12 64 0
FL 12 65 23
FL 12 66 0
FL 12 67 21
FL 12 68 0
FL 12 69 0
FL 13 1 29
FL 13 2 0
FL 13 3 0
FL 13 4 11
FL 13 5 0
FL 13 7 35
FL 13 8 0
FL 13 9 0
FL 13 10 33
FL 13 11 25
FL 13 12 0
FL 13 14 32
FL 13 15 53
FL 13 16 40
FL 13 17 0
FL 13 18 8
FL 13 19 0
FL 13 20 82
FL 13 21 78
FL 13 22 18
FL 13 25 52
FL 13 26 0
FL 13 27 0
FL 13 29 0
FL 13 30 0
FL 13 31 0
FL 13 32 28
FL 13 33 0
FL 13 34 58
FL 13 36 0
FL 13 37 45
FL 13 39 12
FL 13 40 0
FL 13 41 8
FL 13 42 0
FL 13 43 0
FL 13 44 41
FL 13 46 0
FL 13 49 0
FL 13 50 37
FL 13 51 14
FL 13 52 0
FL 13 53 7
FL 13 54 0
FL 13 56 32
FL 13 57 28
FL 13 58 0
FL 13 59 10
FL 13 60 11
FL 13 61 8
FL 13 62 0
FL 13 63 0
FL 13 64 0
FL 13 65 36
FL 13 66 0
FL 13 67 33
FL 13 68 0
FL 13 69 0
FL 14 2 0
FL 14 5 0
FL 14 8 0
FL 14 10 25
FL 14 17 0
FL 14 26 0
FL 14 27 0
FL 14 30 0
FL 14 50 17
FL 14 51 7
FL 14 54 0
FL 14 55 0
FL 14 57 10
FL 14 62 0
FL 14 64 0
FL 14 69 115
FL 15 54 0
FL 16 2 0
FL 16 5 0
FL 16 12 0
FL 16 27 0
FL 16 50 27
FL 16 60 7
FL 16 62 0
FL 17 2 0
FL 17 3 0
FL 17 4 13
FL 17 5 0
FL 17 8 0
FL 17 10 13
FL 17 11 24
FL 17 12 0
FL 17 13 0
FL 17 14 39
FL 17 16 31
FL 17 18 18
FL 17 19 0
FL 17 22 21
FL 17 24 0
FL 17 25 24
FL 17 26 0
FL 17 29 0
FL 17 30 0
FL 17 31 0
FL 17 33 0
FL 17 35 0
FL 17 36 0
FL 17 37 45
FL 17 38 0
FL 17 40 0
FL 17 41 10
FL 17 42 0
FL 17 46 0
FL 17 47 0
FL 17 49 0
FL 17 51 17
FL 17 52 0
FL 17 53 9
FL 17 54 0
FL 17 55 0
FL 17 56 24
FL 17 57 31
FL 17 59 38
FL 17 61 6
FL 17 63 0
FL 17 65 49
FL 17 66 0
FL 17 67 31
FL 17 68 0
FL 17 69 0
FL 18 3 0
FL 18 4 16
FL 18 10 24
FL 18 13 0
FL 18 17 0
FL 18 22 29
FL 18 24 0
FL 18 26 0
FL 18 30 0
FL 18 31 0
FL 18 35 0
FL 18 36 0
FL 18 40 0
FL 18 41 15
FL 18 46 0
FL 18 52 0
FL 18 53 19
FL 18 56 59
FL 18 61 13
FL 19 3 0
FL 19 5 28
FL 19 8 0
FL 19 11 51
FL 19 12 0
FL 19 13 0
FL 19 16 24
FL 19 17 0
FL 19 25 32
FL 19 26 0
FL 19 27 0
FL 19 29 0
FL 19 30 0
FL 19 40 0
FL 19 41 8
FL 19 42 0
FL 19 47 0
FL 19 52 0
FL 19 55 0
FL 19 59 5
FL 19 63 0
FL 19 66 0
FL 19 67 36
FL 19 68 0
FL 20 5 46
FL 20 26 0
FL 21 5 43
FL 21 13 0
FL 21 26 0
FL 21 40 0
FL 21 41 6
FL 21 47 0
FL 21 54 214
FL 21 55 0
FL 22 4 32
FL 22 10 51
FL 22 13 0
FL 22 17 0
FL 22 18 31
FL 22 24 0
FL 22 26 0
FL 22 30 0
FL 22 35 0
FL 22 36 0
FL 22 40 0
FL 22 41 7
FL 22 46 0
FL 22 52 0
FL 22 53 27
FL 22 56 45
FL 22 61 23
FL 24 3 0
FL 24 4 18
FL 24 5 0
FL 24 8 0
FL 24 17 0
FL 24 18 21
FL 24 22 23
FL 24 26 0
FL 24 30 0
FL 24 31 0
FL 24 33 0
FL 24 35 66
FL 24 36 0
FL 24 38 0
FL 24 41 11
FL 24 43 0
FL 24 46 0
FL 24 49 0
FL 24 51 29
FL 24 53 13
FL 24 54 0
FL 24 56 15
FL 24 59 8
FL 24 61 30
FL 24 66 0
FL 24 67 41
FL 25 5 33
FL 25 11 28
FL 25 13 0
FL 25 17 0
FL 25 19 0
FL 25 26 0
FL 25 27 0
FL 25 29 0
FL 25 40 0
FL 25 41 13
FL 25 47 0
FL 25 52 0
FL 25 54 179
FL 25 55 0
FL 25 66 0
FL 25 67 31
FL 26 1 250
FL 26 3 508
FL 26 4 138
FL 26 5 314
FL 26 7 159
FL 26 8 24
FL 26 9 999
FL 26 10 138
FL 26 11 157
FL 26 12 998
FL 26 13 509
FL 26 14 70
FL 26 15 39
FL 26 16 73
FL 26 17 507
FL 26 18 99
FL 26 19 348
FL 26 20 227
FL 26 21 182
FL 26 22 126
FL 26 24 525
FL 26 25 257
FL 26 27 393
FL 26 29 507
FL 26 30 448
FL 26 31 507
FL 26 32 162
FL 26 33 999
FL 26 34 196
FL 26 35 499
FL 26 36 380
FL 26 37 200
FL 26 38 514
FL 26 39 466
FL 26 40 507
FL 26 41 382
FL 26 42 362
FL 26 43 999
FL 26 44 68
FL 26 46 999
FL 26 49 999
FL 26 51 101
FL 26 52 509
FL 26 53 172
FL 26 54 471
FL 26 55 999
FL 26 56 87
FL 26 57 367
FL 26 59 308
FL 26 61 170
FL 26 63 45
FL 26 64 465
FL 26 65 79
FL 26 66 508
FL 26 67 28
FL 26 68 497
FL 26 69 402
FL 26 0 1000
FL 27 2 0
FL 27 5 0
FL 27 8 0
FL 27 10 41
FL 27 11 9
FL 27 12 0
FL 27 13 0
FL 27 14 16
FL 27 15 67
FL 27 16 16
FL 27 19 0
FL 27 25 43
FL 27 26 0
FL 27 29 0
FL 27 30 0
FL 27 31 0
FL 27 32 111
FL 27 37 45
FL 27 40 0
FL 27 41 5
FL 27 44 41
FL 27 50 87
FL 27 51 10
FL 27 52 0
FL 27 54 0
FL 27 55 0
FL 27 57 29
FL 27 58 63
FL 27 60 46
FL 27 62 526
FL 27 63 0
FL 27 64 0
FL 27 65 66
FL 27 68 0
FL 29 2 0
FL 29 4 35
FL 29 5 0
FL 29 8 0
FL 29 10 18
FL 29 11 24
FL 29 12 0
FL 29 13 0
FL 29 15 47
FL 29 16 16
FL 29 17 0
FL 29 19 0
FL 29 22 65
FL 29 25 36
FL 29 26 0
FL 29 27 0
FL 29 30 0
FL 29 31 0
FL 29 33 0
FL 29 37 47
FL 29 40 0
FL 29 41 5
FL 29 50 51
FL 29 51 18
FL 29 52 0
FL 29 53 36
FL 29 54 0
FL 29 55 0
FL 29 58 0
FL 29 59 37
FL 29 60 18
FL 29 61 52
FL 29 62 0
FL 29 63 0
FL 29 64 0
FL 29 65 49
FL 29 66 0
FL 29 67 42
FL 29 68 0
FL 30 1 31
FL 30 2 0
FL 30 3 0
FL 30 4 12
FL 30 5 0
FL 30 7 45
FL 30 8 0
FL 30 9 0
FL 30 10 41
FL 30 11 26
FL 30 12 0
FL 30 13 0
FL 30 14 56
FL 30 15 54
FL 30 16 42
FL 30 17 0
FL 30 18 38
FL 30 19 0
FL 30 20 70
FL 30 21 69
FL 30 22 11
FL 30 24 0
FL 30 25 48
FL 30 26 0
FL 30 27 0
FL 30 29 0
FL 30 31 0
FL 30 32 97
FL 30 33 0
FL 30 34 75
FL 30 35 237
FL 30 36 0
FL 30 37 20
FL 30 39 107
FL 30 40 0
FL 30 41 5
FL 30 42 0
FL 30 43 0
FL 30 44 52
FL 30 46 0
FL 30 49 0
FL 30 51 8
FL 30 52 0
FL 30 53 8
FL 30 54 0
FL 30 55 0
FL 30 56 24
FL 30 57 14
FL 30 59 22
FL 30 61 11
FL 30 63 0
FL 30 64 0
FL 30 65 22
FL 30 66 0
FL 30 67 33
FL 30 68 0
FL 30 69 0
FL 31 1 22
FL 31 2 0
FL 31 3 0
FL 31 4 27
FL 31 5 0
FL 31 7 40
FL 31 8 0
FL 31 9 0
FL 31 10 22
FL 31 12 0
FL 31 13 0
FL 31 14 43
FL 31 15 27
FL 31 17 0
FL 31 18 61
FL 31 22 10
FL 31 24 0
FL 31 26 0
FL 31 27 0
FL 31 29 0
FL 31 30 0
FL 31 32 65
FL 31 33 0
FL 31 35 211
FL 31 36 0
FL 31 37 51
FL 31 38 0
FL 31 40 0
FL 31 41 4
FL 31 43 0
FL 31 44 55
FL 31 46 0
FL 31 49 0
FL 31 50 28
FL 31 51 10
FL 31 52 0
FL 31 53 18
FL 31 54 0
FL 31 56 44
FL 31 57 21
FL 31 59 39
FL 31 61 13
FL 31 63 0
FL 31 64 0
FL 31 65 29
FL 31 66 0
FL 31 67 47
FL 31 68 0
FL 31 69 0
FL 32 2 0
FL 32 5 0
FL 32 8 0
FL 32 11 41
FL 32 13 0
FL 32 15 28
FL 32 16 15
FL 32 26 0
FL 32 27 0
FL 32 30 0
FL 32 31 0
FL 32 40 0
FL 32 41 8
FL 32 52 0
FL 32 57 31
FL 32 58 0
FL 32 60 19
FL 32 62 0
FL 32 63 0
FL 32 64 0
FL 32 65 54
FL 32 68 0
FL 33 3 0
FL 33 4 34
FL 33 5 0
FL 33 8 0
FL 33 10 25
FL 33 12 0
FL 33 13 0
FL 33 17 0
FL 33 18 20
FL 33 22 16
FL 33 24 0
FL 33 26 0
FL 33 29 0
FL 33 30 0
FL 33 31 0
FL 33 35 0
FL 33 36 0
FL 33 38 0
FL 33 40 0
FL 33 41 5
FL 33 43 0
FL 33 46 0
FL 33 49 0
FL 33 51 10
FL 33 52 0
FL 33 53 27
FL 33 54 0
FL 33 56 35
FL 33 59 12
FL 33 61 22
FL 33 63 0
FL 33 66 0
FL 33 67 18
FL 33 68 0
FL 34 5 80
FL 34 13 0
FL 34 26 0
FL 34 40 0
FL 34 41 9
FL 34 47 0
FL 34 55 0
FL 35 3 0
FL 35 4 20
FL 35 5 0
FL 35 8 0
FL 35 17 0
FL 35 18 15
FL 35 22 17
FL 35 24 494
FL 35 26 0
FL 35 30 242
FL 35 31 510
FL 35 33 0
FL 35 36 0
FL 35 38 0
FL 35 43 0
FL 35 46 0
FL 35 49 0
FL 35 51 25
FL 35 53 20
FL 35 54 0
FL 35 56 25
FL 35 59 29
FL 35 61 20
FL 35 66 0
FL 35 67 24
FL 36 1 42
FL 36 3 0
FL 36 4 18
FL 36 5 0
FL 36 7 40
FL 36 8 0
FL 36 9 0
FL 36 12 0
FL 36 13 0
FL 36 17 0
FL 36 18 22
FL 36 22 32
FL 36 24 0
FL 36 26 0
FL 36 30 0
FL 36 31 0
FL 36 33 0
FL 36 35 0
FL 36 38 0
FL 36 39 46
FL 36 40 0
FL 36 42 0
FL 36 43 0
FL 36 46 0
FL 36 49 0
FL 36 51 20
FL 36 52 0
FL 36 53 36
FL 36 54 0
FL 36 56 58
FL 36 59 12
FL 36 61 19
FL 36 63 0
FL 36 66 0
FL 36 67 28
FL 36 68 0
FL 37 2 0
FL 37 5 0
FL 37 8 0
FL 37 10 12
FL 37 11 67
FL 37 13 0
FL 37 15 64
FL 37 16 24
FL 37 17 0
FL 37 26 0
FL 37 27 0
FL 37 29 0
FL 37 30 0
FL 37 31 0
FL 37 40 0
FL 37 41 14
FL 37 50 55
FL 37 51 19
FL 37 52 0
FL 37 54 0
FL 37 57 22
FL 37 58 0
FL 37 60 7
FL 37 62 0
FL 37 63 0
FL 37 64 0
FL 37 65 21
FL 37 68 0
FL 37 69 0
FL 38 1 16
FL 38 3 0
FL 38 4 26
FL 38 5 76
FL 38 7 48
FL 38 8 0
FL 38 9 0
FL 38 17 0
FL 38 18 28
FL 38 22 24
FL 38 24 0
FL 38 26 0
FL 38 31 0
FL 38 33 0
FL 38 35 0
FL 38 36 0
FL 38 39 29
FL 38 43 0
FL 38 46 0
FL 38 49 0
FL 38 51 29
FL 38 53 13
FL 38 54 0
FL 38 56 17
FL 38 59 7
FL 38 61 19
FL 38 66 0
FL 38 67 18
FL 39 5 146
FL 39 13 510
FL 39 26 0
FL 39 30 146
FL 39 36 262
FL 39 41 16
FL 39 53 38
FL 39 56 22
FL 40 1 46
FL 40 2 0
FL 40 3 0
FL 40 4 17
FL 40 5 0
FL 40 7 46
FL 40 8 0
FL 40 9 0
FL 40 10 13
FL 40 11 35
FL 40 12 0
FL 40 13 0
FL 40 14 29
FL 40 15 67
FL 40 16 26
FL 40 17 0
FL 40 18 21
FL 40 19 0
FL 40 20 33
FL 40 21 35
FL 40 22 41
FL 40 25 24
FL 40 26 0
FL 40 27 0
FL 40 29 0
FL 40 30 0
FL 40 31 0
FL 40 32 91
FL 40 33 0
FL 40 34 56
FL 40 36 0
FL 40 37 25
FL 40 41 14
FL 40 42 0
FL 40 43 0
FL 40 44 57
FL 40 50 49
FL 40 51 18
FL 40 52 0
FL 40 53 13
FL 40 54 0
FL 40 55 0
FL 40 56 21
FL 40 57 21
FL 40 58 0
FL 40 59 14
FL 40 60 24
FL 40 61 27
FL 40 63 0
FL 40 64 0
FL 40 65 39
FL 40 66 0
FL 40 67 10
FL 40 68 0
FL 41 1 27
FL 41 3 0
FL 41 4 31
FL 41 5 0
FL 41 7 46
FL 41 8 0
FL 41 9 0
FL 41 10 10
FL 41 11 35
FL 41 12 0
FL 41 14 28
FL 41 17 0
FL 41 18 10
FL 41 19 0
FL 41 21 74
FL 41 22 26
FL 41 24 0
FL 41 25 39
FL 41 26 0
FL 41 27 0
FL 41 29 0
FL 41 30 0
FL 41 31 0
FL 41 33 0
FL 41 34 60
FL 41 39 22
FL 41 40 0
FL 41 42 0
FL 41 46 0
FL 41 49 0
FL 41 50 58
FL 41 52 0
FL 41 53 27
FL 41 54 0
FL 41 57 18
FL 41 60 23
FL 41 61 39
FL 41 67 39
FL 41 69 190
FL 42 4 14
FL 42 5 39
FL 42 8 0
FL 42 11 24
FL 42 13 0
FL 42 16 25
FL 42 17 0
FL 42 19 0
FL 42 26 1
FL 42 30 0
FL 42 36 1
FL 42 40 1
FL 42 41 8
FL 42 46 1
FL 42 47 1
FL 42 49 1
FL 42 51 14
FL 42 52 1
FL 42 55 1
FL 42 59 25
FL 42 61 17
FL 42 63 1
FL 42 66 0
FL 42 67 68
FL 42 68 0
FL 43 4 9
FL 43 5 0
FL 43 8 0
FL 43 10 8
FL 43 12 0
FL 43 13 0
FL 43 18 31
FL 43 22 42
FL 43 24 0
FL 43 26 0
FL 43 30 0
FL 43 31 0
FL 43 33 0
FL 43 35 0
FL 43 36 0
FL 43 38 0
FL 43 40 0
FL 43 46 0
FL 43 49 0
FL 43 51 11
FL 43 52 0
FL 43 53 8
FL 43 54 0
FL 43 56 19
FL 43 59 18
FL 43 61 15
FL 43 63 1
FL 43 66 1
FL 43 67 36
FL 43 68 1
FL 44 53 27
FL 44 58 1
FL 44 60 21
FL 46 1 53
FL 46 3 1
FL 46 4 16
FL 46 5 1
FL 46 7 40
FL 46 8 1
FL 46 9 1
FL 46 13 1
FL 46 17 1
FL 46 18 37
FL 46 22 16
FL 46 24 1
FL 46 26 1
FL 46 30 1
FL 46 31 1
FL 46 33 1
FL 46 35 1
FL 46 36 377
FL 46 38 1
FL 46 39 39
FL 46 41 36
FL 46 42 1
FL 46 43 1
FL 46 49 1
FL 46 51 10
FL 46 53 16
FL 46 54 1
FL 46 56 15
FL 46 59 29
FL 46 61 35
FL 46 66 1
FL 46 67 21
FL 47 1 42
FL 47 3 1
FL 47 7 7
FL 47 8 5
FL 47 11 36
FL 47 16 41
FL 47 17 1
FL 47 19 1
FL 47 20 84
FL 47 21 17
FL 47 25 16
FL 47 34 83
FL 47 42 1
FL 47 52 1
FL 47 55 1
FL 47 66 1
FL 47 67 30
FL 47 68 0
FL 49 1 31
FL 49 3 0
FL 49 4 11
FL 49 5 0
FL 49 7 46
FL 49 8 0
FL 49 9 0
FL 49 13 0
FL 49 17 0
FL 49 18 10
FL 49 22 13
FL 49 24 0
FL 49 26 0
FL 49 30 0
FL 49 31 0
FL 49 33 0
FL 49 35 0
FL 49 36 0
FL 49 38 0
FL 49 39 35
FL 49 41 9
FL 49 42 0
FL 49 43 0
FL 49 46 0
FL 49 51 14
FL 49 53 12
FL 49 54 0
FL 49 56 15
FL 49 59 8
FL 49 61 16
FL 49 66 0
FL 49 67 49
FL 50 2 1
FL 50 5 0
FL 50 10 37
FL 50 12 0
FL 50 14 20
FL 50 16 17
FL 50 27 0
FL 50 29 0
FL 50 41 7
FL 50 58 1
FL 50 60 66
FL 50 62 1
FL 50 63 1
FL 50 64 0
FL 51 14 22
FL 51 27 0
FL 51 37 73
FL 51 57 11
FL 51 64 221
FL 51 65 15
FL 51 69 84
FL 52 1 24
FL 52 2 0
FL 52 3 0
FL 52 4 16
FL 52 5 0
FL 52 7 27
FL 52 8 0
FL 52 9 0
FL 52 10 30
FL 52 11 11
FL 52 12 0
FL 52 13 0
FL 52 14 51
FL 52 15 30
FL 52 16 47
FL 52 17 0
FL 52 18 62
FL 52 19 0
FL 52 20 30
FL 52 21 53
FL 52 22 14
FL 52 25 31
FL 52 26 0
FL 52 27 0
FL 52 29 0
FL 52 30 0
FL 52 31 0
FL 52 32 79
FL 52 33 0
FL 52 34 94
FL 52 36 0
FL 52 37 44
FL 52 40 0
FL 52 41 17
FL 52 42 0
FL 52 43 0
FL 52 44 20
FL 52 47 0
FL 52 51 14
FL 52 53 13
FL 52 54 0
FL 52 55 0
FL 52 58 0
FL 52 59 23
FL 52 60 12
FL 52 61 19
FL 52 63 0
FL 52 64 0
FL 52 65 30
FL 52 66 0
FL 52 67 27
FL 52 68 0
FL 53 1 41
FL 53 3 0
FL 53 4 12
FL 53 10 14
FL 53 13 0
FL 53 17 0
FL 53 18 25
FL 53 22 30
FL 53 24 0
FL 53 26 0
FL 53 30 0
FL 53 31 0
FL 53 35 0
FL 53 36 0
FL 53 39 31
FL 53 40 0
FL 53 41 6
FL 53 44 59
FL 53 52 0
FL 53 56 67
FL 53 61 8
FL 54 1 17
FL 54 3 0
FL 54 4 39
FL 54 5 0
FL 54 7 66
FL 54 8 0
FL 54 9 0
FL 54 10 16
FL 54 12 0
FL 54 13 0
FL 54 14 25
FL 54 15 56
FL 54 17 0
FL 54 18 18
FL 54 21 43
FL 54 22 45
FL 54 24 0
FL 54 25 26
FL 54 26 0
FL 54 27 0
FL 54 29 0
FL 54 30 0
FL 54 31 0
FL 54 33 0
FL 54 35 0
FL 54 36 0
FL 54 37 67
FL 54 38 0
FL 54 39 26
FL 54 40 0
FL 54 41 8
FL 54 43 0
FL 54 44 50
FL 54 46 0
FL 54 49 0
FL 54 51 21
FL 54 52 0
FL 54 53 17
FL 54 56 14
FL 54 57 24
FL 54 59 23
FL 54 61 36
FL 54 63 0
FL 54 64 328
FL 54 65 91
FL 54 66 0
FL 54 67 29
FL 54 68 0
FL 54 69 0
FL 55 1 34
FL 55 3 511
FL 55 7 28
FL 55 8 999
FL 55 11 22
FL 55 14 129
FL 55 16 22
FL 55 17 511
FL 55 19 358
FL 55 20 88
FL 55 21 159
FL 55 25 45
FL 55 26 0
FL 55 27 542
FL 55 29 512
FL 55 30 171
FL 55 34 54
FL 55 40 512
FL 55 42 275
FL 55 47 999
FL 55 52 507
FL 55 63 653
FL 55 66 509
FL 55 68 0
FL 56 4 26
FL 56 10 12
FL 56 13 0
FL 56 18 24
FL 56 22 32
FL 56 24 0
FL 56 26 0
FL 56 35 0
FL 56 36 0
FL 56 40 0
FL 56 53 32
FL 56 61 10
FL 57 5 0
FL 57 8 1
FL 57 10 12
FL 57 12 0
FL 57 14 22
FL 57 17 0
FL 57 26 0
FL 57 27 0
FL 57 30 0
FL 57 31 0
FL 57 41 8
FL 57 51 14
FL 57 54 0
FL 57 60 194
FL 57 63 0
FL 57 69 206
FL 58 2 2
FL 58 10 11
FL 58 12 0
FL 58 13 0
FL 58 14 49
FL 58 15 45
FL 58 16 27
FL 58 27 47
FL 58 29 0
FL 58 32 9
FL 58 37 15
FL 58 40 0
FL 58 41 17
FL 58 44 41
FL 58 50 59
FL 58 52 0
FL 58 60 105
FL 58 62 490
FL 58 63 364
FL 58 64 0
FL 58 65 42
FL 58 68 244
FL 59 1 45
FL 59 3 0
FL 59 4 40
FL 59 5 0
FL 59 7 33
FL 59 8 2
FL 59 9 0
FL 59 10 27
FL 59 11 14
FL 59 12 0
FL 59 13 0
FL 59 16 44
FL 59 17 0
FL 59 18 21
FL 59 19 0
FL 59 20 51
FL 59 21 45
FL 59 22 11
FL 59 24 0
FL 59 25 43
FL 59 26 0
FL 59 29 0
FL 59 30 0
FL 59 31 0
FL 59 33 0
FL 59 34 37
FL 59 35 0
FL 59 36 0
FL 59 38 0
FL 59 39 26
FL 59 40 0
FL 59 41 9
FL 59 42 0
FL 59 43 0
FL 59 44 40
FL 59 46 0
FL 59 49 0
FL 59 51 10
FL 59 52 0
FL 59 53 22
FL 59 54 0
FL 59 56 16
FL 59 61 13
FL 59 63 0
FL 59 66 0
FL 59 67 45
FL 59 68 0
FL 60 2 4
FL 60 10 43
FL 60 12 0
FL 60 14 39
FL 60 16 49
FL 60 27 2
FL 60 29 0
FL 60 41 62
FL 60 44 101
FL 60 50 28
FL 60 52 0
FL 60 57 39
FL 60 58 3
FL 60 62 2
FL 60 63 4
FL 60 64 1
FL 60 65 32
FL 60 68 267
FL 61 1 34
FL 61 3 0
FL 61 4 12
FL 61 5 0
FL 61 9 0
FL 61 10 9
FL 61 13 0
FL 61 18 13
FL 61 22 23
FL 61 24 0
FL 61 26 0
FL 61 31 0
FL 61 35 0
FL 61 36 0
FL 61 38 0
FL 61 40 0
FL 61 41 9
FL 61 42 0
FL 61 46 0
FL 61 53 19
FL 61 56 46
FL 62 2 1
FL 62 12 0
FL 62 13 0
FL 62 14 25
FL 62 15 115
FL 62 16 34
FL 62 27 0
FL 62 29 0
FL 62 32 8
FL 62 37 9
FL 62 50 41
FL 62 58 2
FL 62 60 25
FL 62 64 0
FL 63 1 46
FL 63 2 0
FL 63 3 0
FL 63 4 34
FL 63 5 0
FL 63 7 12
FL 63 8 1
FL 63 9 0
FL 63 10 32
FL 63 11 22
FL 63 12 0
FL 63 13 0
FL 63 14 30
FL 63 15 44
FL 63 16 38
FL 63 17 0
FL 63 18 25
FL 63 19 0
FL 63 20 76
FL 63 21 54
FL 63 22 34
FL 63 25 47
FL 63 26 0
FL 63 27 0
FL 63 29 0
FL 63 30 0
FL 63 31 0
FL 63 32 12
FL 63 33 0
FL 63 34 23
FL 63 36 0
FL 63 37 11
FL 63 40 0
FL 63 41 28
FL 63 42 0
FL 63 43 0
FL 63 44 44
FL 63 50 37
FL 63 51 20
FL 63 52 0
FL 63 53 11
FL 63 54 0
FL 63 55 0
FL 63 56 29
FL 63 57 56
FL 63 58 516
FL 63 59 7
FL 63 60 17
FL 63 61 26
FL 63 64 0
FL 63 65 22
FL 63 66 0
FL 63 67 10
FL 63 68 0
FL 64 2 0
FL 64 5 0
FL 64 8 1
FL 64 10 24
FL 64 12 0
FL 64 13 0
FL 64 14 15
FL 64 15 36
FL 64 16 42
FL 64 26 0
FL 64 27 0
FL 64 29 0
FL 64 30 0
FL 64 31 0
FL 64 32 122
FL 64 37 27
FL 64 40 0
FL 64 41 12
FL 64 44 34
FL 64 50 54
FL 64 51 94
FL 64 52 0
FL 64 54 144
FL 64 57 19
FL 64 58 0
FL 64 60 31
FL 64 62 0
FL 64 63 0
FL 64 65 36
FL 64 68 0
FL 64 69 0
FL 65 51 12
FL 65 60 23
FL 66 1 33
FL 66 3 0
FL 66 4 70
FL 66 5 0
FL 66 7 45
FL 66 8 2
FL 66 9 0
FL 66 10 23
FL 66 11 35
FL 66 12 0
FL 66 13 0
FL 66 16 18
FL 66 17 0
FL 66 18 33
FL 66 19 0
FL 66 20 42
FL 66 21 34
FL 66 22 39
FL 66 24 0
FL 66 25 33
FL 66 26 0
FL 66 29 0
FL 66 30 0
FL 66 31 0
FL 66 33 0
FL 66 34 17
FL 66 35 0
FL 66 36 0
FL 66 38 0
FL 66 39 35
FL 66 40 0
FL 66 42 0
FL 66 43 0
FL 66 46 0
FL 66 47 0
FL 66 49 0
FL 66 51 22
FL 66 52 0
FL 66 53 22
FL 66 54 0
FL 66 55 0
FL 66 56 43
FL 66 59 20
FL 66 61 14
FL 66 63 0
FL 66 67 20
FL 66 68 0
FL 67 47 0
FL 68 1 42
FL 68 2 0
FL 68 3 0
FL 68 4 49
FL 68 5 0
FL 68 7 115
FL 68 8 7
FL 68 9 0
FL 68 10 27
FL 68 11 35
FL 68 12 0
FL 68 13 0
FL 68 14 42
FL 68 15 47
FL 68 16 32
FL 68 17 0
FL 68 18 31
FL 68 19 0
FL 68 20 60
FL 68 21 47
FL 68 22 48
FL 68 25 31
FL 68 26 0
FL 68 27 0
FL 68 29 0
FL 68 30 0
FL 68 31 0
FL 68 32 59
FL 68 33 0
FL 68 34 66
FL 68 36 0
FL 68 37 49
FL 68 40 0
FL 68 41 20
FL 68 42 0
FL 68 43 0
FL 68 44 39
FL 68 47 1
FL 68 51 31
FL 68 52 0
FL 68 53 34
FL 68 54 0
FL 68 55 0
FL 68 58 377
FL 68 59 25
FL 68 60 23
FL 68 61 46
FL 68 63 0
FL 68 64 0
FL 68 65 19
FL 68 66 0
FL 68 67 42
FL 69 5 0
FL 69 8 1
FL 69 10 18
FL 69 12 0
FL 69 13 0
FL 69 14 36
FL 69 17 0
FL 69 26 0
FL 69 30 0
FL 69 31 0
FL 69 37 103
FL 69 41 11
FL 69 44 43
FL 69 51 239
FL 69 54 0
FL 69 57 30
FL 69 64 0
FL 69 65 82
FU 0 35 2
FU 0 9 2
FU 0 62 10
FU 0 19 3
FU 0 29 2
FU 0 47 2
FU 0 24 2
FU 0 36 2
FU 0 30 4
FU 0 17 2
FU 0 46 2
FU 0 54 8
FU 0 38 2
FU 0 64 2
FU 0 27 7
FU 0 7 85
FU 0 2 3
FU 0 59 90
FU 0 32 100
FU 0 5 5
FU 0 43 2
FU 0 69 2
FU 0 58 19
FU 0 33 2
FU 0 52 2
FU 0 42 2
FU 0 31 2
FU 0 63 4
FU 0 3 2
FU 0 66 2
FU 0 40 2
FU 0 12 2
FU 0 49 2
FU 0 55 2
FU 0 68 7
FU 0 37 72
FU 0 13 2
FU 0 1 50
FU 0 4 51
FU 0 6 1000
FU 0 8 3
FU 0 10 61
FU 0 11 26
FU 0 14 45
FU 0 15 39
FU 0 16 68
FU 0 18 59
FU 0 20 92
FU 0 21 57
FU 0 22 77
FU 0 23 1000
FU 0 25 79
FU 0 28 1000
FU 0 34 99
FU 0 39 54
FU 0 41 37
FU 0 44 70
FU 0 45 1000
FU 0 48 1000
FU 0 50 211
FU 0 51 73
FU 0 53 23
FU 0 56 64
FU 0 57 52
FU 0 60 241
FU 0 61 28
FU 0 65 61
FU 0 67 13
FU 0 70 1000
FU 1 13 0
FU 1 26 0
FU 1 31 0
FU 1 36 0
FU 1 38 0
FU 1 41 55
FU 1 46 0
FU 1 47 3
FU 1 53 108
FU 1 55 0
FU 1 61 32
FU 2 5 0
FU 2 8 0
FU 2 10 23
FU 2 11 35
FU 2 12 0
FU 2 13 0
FU 2 14 34
FU 2 15 50
FU 2 16 32
FU 2 17 0
FU 2 27 0
FU 2 29 0
FU 2 30 1
FU 2 31 0
FU 2 32 4
FU 2 37 7
FU 2 40 0
FU 2 41 10
FU 2 44 59
FU 2 50 26
FU 2 52 0
FU 2 57 42
FU 2 58 0
FU 2 60 24
FU 2 62 0
FU 2 63 0
FU 2 64 0
FU 2 65 29
FU 2 68 0
FU 3 4 42
FU 3 5 2
FU 3 8 0
FU 3 11 26
FU 3 13 0
FU 3 16 16
FU 3 17 0
FU 3 18 65
FU 3 19 0
FU 3 24 0
FU 3 26 0
FU 3 30 1
FU 3 31 0
FU 3 33 0
FU 3 35 3
FU 3 36 0
FU 3 38 0
FU 3 40 0
FU 3 41 16
FU 3 46 0
FU 3 47 0
FU 3 49 0
FU 3 51 10
FU 3 52 0
FU 3 53 22
FU 3 54 0
FU 3 55 0
FU 3 56 38
FU 3 59 46
FU 3 61 18
FU 3 63 0
FU 3 66 0
FU 3 67 24
FU 3 68 0
FU 4 3 0
FU 4 10 5
FU 4 11 27
FU 4 13 0
FU 4 17 0
FU 4 18 73
FU 4 22 58
FU 4 24 0
FU 4 26 0
FU 4 30 0
FU 4 31 0
FU 4 35 0
FU 4 36 0
FU 4 40 0
FU 4 41 7
FU 4 42 0
FU 4 46 0
FU 4 53 11
FU 4 56 21
FU 4 61 40
FU 5 1 39
FU 5 2 0
FU 5 3 0
FU 5 4 40
FU 5 7 31
FU 5 8 0
FU 5 9 0
FU 5 10 19
FU 5 11 22
FU 5 12 0
FU 5 13 0
FU 5 14 13
FU 5 15 59
FU 5 16 49
FU 5 17 0
FU 5 18 12
FU 5 19 278
FU 5 20 54
FU 5 21 57
FU 5 22 66
FU 5 24 0
FU 5 25 64
FU 5 26 0
FU 5 27 0
FU 5 29 0
FU 5 30 0
FU 5 31 0
FU 5 32 43
FU 5 33 0
FU 5 34 62
FU 5 35 0
FU 5 36 0
FU 5 37 65
FU 5 38 477
FU 5 39 73
FU 5 40 0
FU 5 41 25
FU 5 42 355
FU 5 43 0
FU 5 44 40
FU 5 46 0
FU 5 49 0
FU 5 50 50
FU 5 51 10
FU 5 52 0
FU 5 53 20
FU 5 54 0
FU 5 56 20
FU 5 57 35
FU 5 59 17
FU 5 61 7
FU 5 63 0
FU 5 64 0
FU 5 65 37
FU 5 66 0
FU 5 67 17
FU 5 68 0
FU 5 69 0
FU 7 5 0
FU 7 8 0
FU 7 11 37
FU 7 13 0
FU 7 16 45
FU 7 26 0
FU 7 30 0
FU 7 31 0
FU 7 36 0
FU 7 38 0
FU 7 40 0
FU 7 41 17
FU 7 46 0
FU 7 47 0
FU 7 49 0
FU 7 51 18
FU 7 52 0
FU 7 53 30
FU 7 54 0
FU 7 55 0
FU 7 56 25
FU 7 59 47
FU 7 61 22
FU 7 63 0
FU 7 66 0
FU 7 67 40
FU 7 68 0
FU 8 2 997
FU 8 5 0
FU 8 9 0
FU 8 10 35
FU 8 12 0
FU 8 14 43
FU 8 17 0
FU 8 26 0
FU 8 29 0
FU 8 30 0
FU 8 31 0
FU 8 32 11
FU 8 40 0
FU 8 41 11
FU 8 43 0
FU 8 44 19
FU 8 47 0
FU 8 54 0
FU 8 55 0
FU 8 57 36
FU 8 61 30
FU 8 64 0
FU 8 68 0
FU 8 69 0
FU 9 5 0
FU 9 8 0
FU 9 11 50
FU 9 13 0
FU 9 26 0
FU 9 30 0
FU 9 31 0
FU 9 36 0
FU 9 38 0
FU 9 40 0
FU 9 41 15
FU 9 46 0
FU 9 49 0
FU 9 51 27
FU 9 52 0
FU 9 53 25
FU 9 54 0
FU 9 56 22
FU 9 59 17
FU 9 61 26
FU 9 63 0
FU 9 66 0
FU 9 67 28
FU 9 68 0
FU 10 4 21
FU 10 14 38
FU 10 17 0
FU 10 18 33
FU 10 22 17
FU 10 26 0
FU 10 27 0
FU 10 30 0
FU 10 41 9
FU 10 50 65
FU 10 53 9
FU 10 56 24
FU 10 57 28
FU 10 60 36
FU 10 61 47
FU 10 69 0
FU 11 2 0
FU 11 3 0
FU 11 4 27
FU 11 5 58
FU 11 10 15
FU 11 27 0
FU 11 47 0
FU 12 2 0
FU 12 4 14
FU 12 5 0
FU 12 8 0
FU 12 10 23
FU 12 11 24
FU 12 13 0
FU 12 15 16
FU 12 16 44
FU 12 17 0
FU 12 18 29
FU 12 19 0
FU 12 26 0
FU 12 27 0
FU 12 29 0
FU 12 30 0
FU 12 31 0
FU 12 33 0
FU 12 36 0
FU 12 40 0
FU 12 41 11
FU 12 43 0
FU 12 50 21
FU 12 51 10
FU 12 52 0
FU 12 53 18
FU 12 54 0
FU 12 56 8
FU 12 57 31
FU 12 58 0
FU 12 59 25
FU 12 60 27
FU 12 61 12
FU 12 62 0
FU 12 63 0
FU 12 64 0
FU 12 65 28
FU 12 66 0
FU 12 67 19
FU 12 68 0
FU 12 69 0
FU 13 1 39
FU 13 2 0
FU 13 3 0
FU 13 4 8
FU 13 5 0
FU 13 7 78
FU 13 8 0
FU 13 9 0
FU 13 10 26
FU 13 11 31
FU 13 12 0
FU 13 14 37
FU 13 15 64
FU 13 16 39
FU 13 17 0
FU 13 18 8
FU 13 19 0
FU 13 20 67
FU 13 21 69
FU 13 22 12
FU 13 25 42
FU 13 26 0
FU 13 27 0
FU 13 29 0
FU 13 30 0
FU 13 31 0
FU 13 32 28
FU 13 33 0
FU 13 34 50
FU 13 36 0
FU 13 37 48
FU 13 39 13
FU 13 40 0
FU 13 41 6
FU 13 42 0
FU 13 43 0
FU 13 44 41
FU 13 46 0
FU 13 49 0
FU 13 50 35
FU 13 51 15
FU 13 52 0
FU 13 53 6
FU 13 54 0
FU 13 56 30
FU 13 57 27
FU 13 58 0
FU 13 59 8
FU 13 60 21
FU 13 61 6
FU 13 62 0
FU 13 63 0
FU 13 64 0
FU 13 65 36
FU 13 66 0
FU 13 67 28
FU 13 68 0
FU 13 69 0
FU 14 2 0
FU 14 5 0
FU 14 8 0
FU 14 10 21
FU 14 17 0
FU 14 26 0
FU 14 27 0
FU 14 30 0
FU 14 50 21
FU 14 51 2
FU 14 54 0
FU 14 55 0
FU 14 57 22
FU 14 62 0
FU 14 64 0
FU 14 69 122
FU 15 54 0
FU 16 2 0
FU 16 5 0
FU 16 12 0
FU 16 27 0
FU 16 50 28
FU 16 60 24
FU 16 62 0
FU 17 2 0
FU 17 3 0
FU 17 4 8
FU 17 5 0
FU 17 8 0
FU 17 10 25
FU 17 11 14
FU 17 12 0
FU 17 13 0
FU 17 14 50
FU 17 16 30
FU 17 18 16
FU 17 19 0
FU 17 22 27
FU 17 24 0
FU 17 25 22
FU 17 26 0
FU 17 29 0
FU 17 30 0
FU 17 31 0
FU 17 33 0
FU 17 35 0
FU 17 36 0
FU 17 37 43
FU 17 38 0
FU 17 40 0
FU 17 41 7
FU 17 42 0
FU 17 46 0
FU 17 47 0
FU 17 49 0
FU 17 51 16
FU 17 52 0
FU 17 53 14
FU 17 54 0
FU 17 55 0
FU 17 56 24
FU 17 57 31
FU 17 59 40
FU 17 61 6
FU 17 63 0
FU 17 65 51
FU 17 66 0
FU 17 67 29
FU 17 68 0
FU 17 69 0
FU 18 3 0
FU 18 4 22
FU 18 10 35
FU 18 13 0
FU 18 17 0
FU 18 22 24
FU 18 24 0
FU 18 26 0
FU 18 30 0
FU 18 31 0
FU 18 35 0
FU 18 36 0
FU 18 40 0
FU 18 41 14
FU 18 46 0
FU 18 52 0
FU 18 53 16
FU 18 56 56
FU 18 61 9
FU 19 3 0
FU 19 5 32
FU 19 8 0
FU 19 11 54
FU 19 12 0
FU 19 13 0
FU 19 16 24
FU 19 17 0
FU 19 25 26
FU 19 26 0
FU 19 27 0
FU 19 29 0
FU 19 30 0
FU 19 40 0
FU 19 41 5
FU 19 42 0
FU 19 47 0
FU 19 52 0
FU 19 55 0
FU 19 59 9
FU 19 63 0
FU 19 66 0
FU 19 67 36
FU 19 68 0
FU 20 5 67
FU 20 26 0
FU 21 5 100
FU 21 13 0
FU 21 26 0
FU 21 40 0
FU 21 41 1
FU 21 47 0
FU 21 54 228
FU 21 55 0
FU 22 4 38
FU 22 10 48
FU 22 13 0
FU 22 17 0
FU 22 18 28
FU 22 24 0
FU 22 26 0
FU 22 30 0
FU 22 35 0
FU 22 36 0
FU 22 40 0
FU 22 41 5
FU 22 46 0
FU 22 52 0
FU 22 53 25
FU 22 56 42
FU 22 61 27
FU 24 3 0
FU 24 4 13
FU 24 5 0
FU 24 8 0
FU 24 17 0
FU 24 18 16
FU 24 22 28
FU 24 26 0
FU 24 30 0
FU 24 31 0
FU 24 33 0
FU 24 35 144
FU 24 36 0
FU 24 38 0
FU 24 41 6
FU 24 43 0
FU 24 46 0
FU 24 49 0
FU 24 51 39
FU 24 53 19
FU 24 54 0
FU 24 56 14
FU 24 59 4
FU 24 61 39
FU 24 66 0
FU 24 67 36
FU 25 5 70
FU 25 11 28
FU 25 13 0
FU 25 17 0
FU 25 19 0
FU 25 26 0
FU 25 27 0
FU 25 29 0
FU 25 40 0
FU 25 41 16
FU 25 47 0
FU 25 52 0
FU 25 54 187
FU 25 55 0
FU 25 66 0
FU 25 67 30
FU 26 1 250
FU 26 3 500
FU 26 4 165
FU 26 5 313
FU 26 7 158
FU 26 8 1
FU 26 9 998
FU 26 10 144
FU 26 11 163
FU 26 12 998
FU 26 13 504
FU 26 14 66
FU 26 15 37
FU 26 16 74
FU 26 17 500
FU 26 18 101
FU 26 19 383
FU 26 20 240
FU 26 21 188
FU 26 22 122
FU 26 24 517
FU 26 25 262
FU 26 27 366
FU 26 29 510
FU 26 30 454
FU 26 31 526
FU 26 32 163
FU 26 33 998
FU 26 34 198
FU 26 35 486
FU 26 36 400
FU 26 37 200
FU 26 38 521
FU 26 39 462
FU 26 40 511
FU 26 41 380
FU 26 42 389
FU 26 43 998
FU 26 44 82
FU 26 46 998
FU 26 49 998
FU 26 51 91
FU 26 52 518
FU 26 53 172
FU 26 54 470
FU 26 55 998
FU 26 56 83
FU 26 57 368
FU 26 59 320
FU 26 61 179
FU 26 63 22
FU 26 64 474
FU 26 65 108
FU 26 66 505
FU 26 67 22
FU 26 68 508
FU 26 69 413
FU 26 0 1000
FU 27 2 0
FU 27 5 0
FU 27 8 0
FU 27 10 52
FU 27 11 11
FU 27 12 0
FU 27 13 0
FU 27 14 14
FU 27 15 71
FU 27 16 17
FU 27 19 0
FU 27 25 43
FU 27 26 0
FU 27 29 0
FU 27 30 0
FU 27 31 0
FU 27 32 107
FU 27 37 34
FU 27 40 0
FU 27 41 4
FU 27 44 39
FU 27 50 90
FU 27 51 6
FU 27 52 0
FU 27 54 0
FU 27 55 0
FU 27 57 29
FU 27 58 95
FU 27 60 49
FU 27 62 513
FU 27 63 0
FU 27 64 0
FU 27 65 72
FU 27 68 0
FU 29 2 0
FU 29 4 27
FU 29 5 0
FU 29 8 0
FU 29 10 21
FU 29 11 37
FU 29 12 0
FU 29 13 0
FU 29 15 55
FU 29 16 22
FU 29 17 0
FU 29 19 0
FU 29 22 57
FU 29 25 34
FU 29 26 0
FU 29 27 0
FU 29 30 0
FU 29 31 0
FU 29 33 0
FU 29 37 36
FU 29 40 0
FU 29 41 7
FU 29 50 48
FU 29 51 11
FU 29 52 0
FU 29 53 41
FU 29 54 0
FU 29 55 0
FU 29 58 0
FU 29 59 37
FU 29 60 19
FU 29 61 48
FU 29 62 0
FU 29 63 0
FU 29 64 0
FU 29 65 50
FU 29 66 0
FU 29 67 39
FU 29 68 0
FU 30 1 26
FU 30 2 0
FU 30 3 0
FU 30 4 13
FU 30 5 0
FU 30 7 39
FU 30 8 0
FU 30 9 0
FU 30 10 35
FU 30 11 31
FU 30 12 0
FU 30 13 0
FU 30 14 60
FU 30 15 56
FU 30 16 38
FU 30 17 0
FU 30 18 36
FU 30 19 0
FU 30 20 80
FU 30 21 66
FU 30 22 11
FU 30 24 0
FU 30 25 59
FU 30 26 0
FU 30 27 0
FU 30 29 0
FU 30 31 0
FU 30 32 105
FU 30 33 0
FU 30 34 93
FU 30 35 185
FU 30 36 0
FU 30 37 21
FU 30 39 76
FU 30 40 0
FU 30 41 4
FU 30 42 0
FU 30 43 0
FU 30 44 53
FU 30 46 0
FU 30 49 0
FU 30 51 7
FU 30 52 0
FU 30 53 3
FU 30 54 0
FU 30 55 0
FU 30 56 19
FU 30 57 14
FU 30 59 39
FU 30 61 12
FU 30 63 0
FU 30 64 0
FU 30 65 18
FU 30 66 0
FU 30 67 35
FU 30 68 0
FU 30 69 0
FU 31 1 22
FU 31 2 0
FU 31 3 0
FU 31 4 26
FU 31 5 0
FU 31 7 39
FU 31 8 0
FU 31 9 0
FU 31 10 21
FU 31 12 0
FU 31 13 0
FU 31 14 49
FU 31 15 29
FU 31 17 0
FU 31 18 63
FU 31 22 8
FU 31 24 0
FU 31 26 0
FU 31 27 0
FU 31 29 0
FU 31 30 0
FU 31 32 61
FU 31 33 0
FU 31 35 180
FU 31 36 0
FU 31 37 52
FU 31 38 0
FU 31 40 0
FU 31 41 1
FU 31 43 0
FU 31 44 53
FU 31 46 0
FU 31 49 0
FU 31 50 32
FU 31 51 8
FU 31 52 0
FU 31 53 10
FU 31 54 0
FU 31 56 53
FU 31 57 29
FU 31 59 41
FU 31 61 11
FU 31 63 0
FU 31 64 0
FU 31 65 29
FU 31 66 0
FU 31 67 54
FU 31 68 0
FU 31 69 0
FU 32 2 0
FU 32 5 0
FU 32 8 0
FU 32 11 37
FU 32 13 0
FU 32 15 28
FU 32 16 13
FU 32 26 0
FU 32 27 0
FU 32 30 0
FU 32 31 0
FU 32 40 0
FU 32 41 4
FU 32 52 0
FU 32 57 22
FU 32 58 0
FU 32 60 27
FU 32 62 0
FU 32 63 0
FU 32 64 0
FU 32 65 56
FU 32 68 0
FU 33 3 0
FU 33 4 28
FU 33 5 0
FU 33 8 0
FU 33 10 24
FU 33 12 0
FU 33 13 0
FU 33 17 0
FU 33 18 18
FU 33 22 11
FU 33 24 0
FU 33 26 0
FU 33 29 0
FU 33 30 0
FU 33 31 0
FU 33 35 0
FU 33 36 0
FU 33 38 0
FU 33 40 0
FU 33 41 4
FU 33 43 0
FU 33 46 0
FU 33 49 0
FU 33 51 7
FU 33 52 0
FU 33 53 25
FU 33 54 0
FU 33 56 29
FU 33 59 15
FU 33 61 23
FU 33 63 0
FU 33 66 0
FU 33 67 17
FU 33 68 0
FU 34 5 78
FU 34 13 0
FU 34 26 0
FU 34 40 0
FU 34 41 15
FU 34 47 0
FU 34 55 0
FU 35 3 0
FU 35 4 18
FU 35 5 0
FU 35 8 0
FU 35 17 0
FU 35 18 13
FU 35 22 16
FU 35 24 481
FU 35 26 0
FU 35 30 213
FU 35 31 472
FU 35 33 0
FU 35 36 0
FU 35 38 0
FU 35 43 0
FU 35 46 0
FU 35 49 0
FU 35 51 23
FU 35 53 19
FU 35 54 0
FU 35 56 33
FU 35 59 29
FU 35 61 22
FU 35 66 0
FU 35 67 37
FU 36 1 37
FU 36 3 0
FU 36 4 13
FU 36 5 0
FU 36 7 42
FU 36 8 0
FU 36 9 0
FU 36 12 0
FU 36 13 0
FU 36 17 0
FU 36 18 22
FU 36 22 32
FU 36 24 0
FU 36 26 0
FU 36 30 0
FU 36 31 0
FU 36 33 0
FU 36 35 0
FU 36 38 0
FU 36 39 47
FU 36 40 0
FU 36 42 0
FU 36 43 0
FU 36 46 0
FU 36 49 0
FU 36 51 16
FU 36 52 0
FU 36 53 39
FU 36 54 0
FU 36 56 58
FU 36 59 9
FU 36 61 19
FU 36 63 0
FU 36 66 0
FU 36 67 27
FU 36 68 0
FU 37 2 0
FU 37 5 0
FU 37 8 0
FU 37 10 16
FU 37 11 69
FU 37 13 0
FU 37 15 68
FU 37 16 21
FU 37 17 0
FU 37 26 0
FU 37 27 0
FU 37 29 0
FU 37 30 0
FU 37 31 0
FU 37 40 0
FU 37 41 13
FU 37 50 58
FU 37 51 18
FU 37 52 0
FU 37 54 0
FU 37 57 30
FU 37 58 0
FU 37 60 18
FU 37 62 0
FU 37 63 0
FU 37 64 0
FU 37 65 20
FU 37 68 0
FU 37 69 0
FU 38 1 29
FU 38 3 0
FU 38 4 37
FU 38 5 59
FU 38 7 46
FU 38 8 0
FU 38 9 0
FU 38 17 0
FU 38 18 20
FU 38 22 30
FU 38 24 0
FU 38 26 0
FU 38 31 0
FU 38 33 0
FU 38 35 0
FU 38 36 0
FU 38 39 34
FU 38 43 0
FU 38 46 0
FU 38 49 0
FU 38 51 29
FU 38 53 11
FU 38 54 0
FU 38 56 15
FU 38 59 5
FU 38 61 18
FU 38 66 0
FU 38 67 16
FU 39 5 148
FU 39 13 494
FU 39 26 0
FU 39 30 170
FU 39 36 242
FU 39 41 17
FU 39 53 41
FU 39 56 24
FU 40 1 60
FU 40 2 0
FU 40 3 0
FU 40 4 15
FU 40 5 0
FU 40 7 43
FU 40 8 0
FU 40 9 0
FU 40 10 12
FU 40 11 37
FU 40 12 0
FU 40 13 0
FU 40 14 29
FU 40 15 68
FU 40 16 28
FU 40 17 0
FU 40 18 21
FU 40 19 0
FU 40 20 31
FU 40 21 31
FU 40 22 44
FU 40 25 29
FU 40 26 0
FU 40 27 0
FU 40 29 0
FU 40 30 0
FU 40 31 0
FU 40 32 93
FU 40 33 0
FU 40 34 48
FU 40 36 0
FU 40 37 24
FU 40 41 6
FU 40 42 0
FU 40 43 0
FU 40 44 72
FU 40 50 58
FU 40 51 33
FU 40 52 0
FU 40 53 24
FU 40 54 0
FU 40 55 0
FU 40 56 19
FU 40 57 18
FU 40 58 0
FU 40 59 14
FU 40 60 26
FU 40 61 31
FU 40 63 0
FU 40 64 0
FU 40 65 31
FU 40 66 0
FU 40 67 10
FU 40 68 0
FU 41 1 19
FU 41 3 0
FU 41 4 33
FU 41 5 0
FU 41 7 34
FU 41 8 0
FU 41 9 0
FU 41 10 13
FU 41 11 47
FU 41 12 0
FU 41 14 21
FU 41 17 0
FU 41 18 11
FU 41 19 0
FU 41 21 74
FU 41 22 23
FU 41 24 0
FU 41 25 66
FU 41 26 0
FU 41 27 0
FU 41 29 0
FU 41 30 0
FU 41 31 0
FU 41 33 0
FU 41 34 54
FU 41 39 39
FU 41 40 0
FU 41 42 0
FU 41 46 0
FU 41 49 0
FU 41 50 54
FU 41 52 0
FU 41 53 29
FU 41 54 0
FU 41 57 17
FU 41 60 23
FU 41 61 31
FU 41 67 42
FU 41 69 178
FU 42 4 11
FU 42 5 68
FU 42 8 0
FU 42 11 22
FU 42 13 0
FU 42 16 25
FU 42 17 0
FU 42 19 0
FU 42 26 0
FU 42 30 0
FU 42 36 0
FU 42 40 0
FU 42 41 12
FU 42 46 0
FU 42 47 0
FU 42 49 0
FU 42 51 15
FU 42 52 0
FU 42 55 0
FU 42 59 25
FU 42 61 10
FU 42 63 0
FU 42 66 0
FU 42 67 67
FU 42 68 0
FU 43 4 11
FU 43 5 0
FU 43 8 0
FU 43 10 5
FU 43 12 0
FU 43 13 0
FU 43 18 39
FU 43 22 40
FU 43 24 0
FU 43 26 0
FU 43 30 0
FU 43 31 0
FU 43 33 0
FU 43 35 0
FU 43 36 0
FU 43 38 0
FU 43 40 0
FU 43 46 0
FU 43 49 0
FU 43 51 17
FU 43 52 0
FU 43 53 4
FU 43 54 0
FU 43 56 24
FU 43 59 15
FU 43 61 16
FU 43 63 0
FU 43 66 0
FU 43 67 37
FU 43 68 0
FU 44 53 33
FU 44 58 0
FU 44 60 23
FU 46 1 55
FU 46 3 0
FU 46 4 15
FU 46 5 0
FU 46 7 45
FU 46 8 0
FU 46 9 0
FU 46 13 0
FU 46 17 0
FU 46 18 32
FU 46 22 9
FU 46 24 0
FU 46 26 0
FU 46 30 0
FU 46 31 0
FU 46 33 0
FU 46 35 0
FU 46 36 356
FU 46 38 0
FU 46 39 37
FU 46 41 35
FU 46 42 0
FU 46 43 0
FU 46 49 0
FU 46 51 7
FU 46 53 16
FU 46 54 0
FU 46 56 13
FU 46 59 19
FU 46 61 37
FU 46 66 0
FU 46 67 18
FU 47 1 38
FU 47 3 0
FU 47 7 6
FU 47 8 0
FU 47 11 34
FU 47 16 46
FU 47 17 0
FU 47 19 0
FU 47 20 84
FU 47 21 36
FU 47 25 12
FU 47 34 72
FU 47 42 0
FU 47 52 0
FU 47 55 0
FU 47 66 0
FU 47 67 48
FU 47 68 0
FU 49 1 25
FU 49 3 0
FU 49 4 14
FU 49 5 0
FU 49 7 42
FU 49 8 0
FU 49 9 0
FU 49 13 0
FU 49 17 0
FU 49 18 13
FU 49 22 10
FU 49 24 0
FU 49 26 0
FU 49 30 0
FU 49 31 0
FU 49 33 0
FU 49 35 0
FU 49 36 0
FU 49 38 0
FU 49 39 44
FU 49 41 6
FU 49 42 0
FU 49 43 0
FU 49 46 0
FU 49 51 11
FU 49 53 9
FU 49 54 0
FU 49 56 18
FU 49 59 17
FU 49 61 11
FU 49 66 0
FU 49 67 47
FU 50 2 0
FU 50 5 0
FU 50 10 33
FU 50 12 0
FU 50 14 21
FU 50 16 13
FU 50 27 0
FU 50 29 0
FU 50 41 5
FU 50 58 0
FU 50 60 51
FU 50 62 0
FU 50 63 2
FU 50 64 0
FU 51 14 21
FU 51 27 0
FU 51 37 87
FU 51 57 13
FU 51 64 209
FU 51 65 11
FU 51 69 96
FU 52 1 32
FU 52 2 0
FU 52 3 0
FU 52 4 17
FU 52 5 0
FU 52 7 29
FU 52 8 0
FU 52 9 0
FU 52 10 40
FU 52 11 9
FU 52 12 0
FU 52 13 0
FU 52 14 49
FU 52 15 27
FU 52 16 42
FU 52 17 0
FU 52 18 65
FU 52 19 0
FU 52 20 26
FU 52 21 54
FU 52 22 13
FU 52 25 28
FU 52 26 0
FU 52 27 0
FU 52 29 0
FU 52 30 0
FU 52 31 0
FU 52 32 80
FU 52 33 0
FU 52 34 103
FU 52 36 0
FU 52 37 48
FU 52 40 0
FU 52 41 21
FU 52 42 0
FU 52 43 0
FU 52 44 15
FU 52 47 0
FU 52 51 13
FU 52 53 14
FU 52 54 0
FU 52 55 0
FU 52 58 0
FU 52 59 36
FU 52 60 10
FU 52 61 28
FU 52 63 0
FU 52 64 0
FU 52 65 30
FU 52 66 0
FU 52 67 27
FU 52 68 0
FU 53 1 50
FU 53 3 0
FU 53 4 11
FU 53 10 16
FU 53 13 0
FU 53 17 0
FU 53 18 24
FU 53 22 27
FU 53 24 0
FU 53 26 0
FU 53 30 0
FU 53 31 0
FU 53 35 0
FU 53 36 0
FU 53 39 25
FU 53 40 0
FU 53 41 7
FU 53 44 55
FU 53 52 0
FU 53 56 74
FU 53 61 7
FU 54 1 26
FU 54 3 0
FU 54 4 31
FU 54 5 0
FU 54 7 60
FU 54 8 0
FU 54 9 0
FU 54 10 15
FU 54 12 0
FU 54 13 0
FU 54 14 19
FU 54 15 54
FU 54 17 0
FU 54 18 24
FU 54 21 46
FU 54 22 46
FU 54 24 0
FU 54 25 25
FU 54 26 0
FU 54 27 0
FU 54 29 0
FU 54 30 0
FU 54 31 0
FU 54 33 0
FU 54 35 0
FU 54 36 0
FU 54 37 72
FU 54 38 0
FU 54 39 26
FU 54 40 0
FU 54 41 13
FU 54 43 0
FU 54 44 41
FU 54 46 0
FU 54 49 0
FU 54 51 22
FU 54 52 0
FU 54 53 24
FU 54 56 8
FU 54 57 22
FU 54 59 15
FU 54 61 35
FU 54 63 0
FU 54 64 312
FU 54 65 87
FU 54 66 0
FU 54 67 29
FU 54 68 0
FU 54 69 0
FU 55 1 31
FU 55 3 498
FU 55 7 30
FU 55 8 996
FU 55 11 19
FU 55 14 127
FU 55 16 25
FU 55 17 498
FU 55 19 336
FU 55 20 90
FU 55 21 142
FU 55 25 56
FU 55 26 0
FU 55 27 555
FU 55 29 488
FU 55 30 157
FU 55 34 64
FU 55 40 487
FU 55 42 254
FU 55 47 995
FU 55 52 480
FU 55 63 690
FU 55 66 493
FU 55 68 0
FU 56 4 22
FU 56 10 14
FU 56 13 0
FU 56 18 27
FU 56 22 30
FU 56 24 0
FU 56 26 0
FU 56 35 0
FU 56 36 0
FU 56 40 0
FU 56 53 30
FU 56 61 9
FU 57 5 0
FU 57 8 0
FU 57 10 7
FU 57 12 0
FU 57 14 25
FU 57 17 0
FU 57 26 0
FU 57 27 0
FU 57 30 0
FU 57 31 0
FU 57 41 14
FU 57 51 12
FU 57 54 0
FU 57 60 173
FU 57 63 0
FU 57 69 189
FU 58 2 0
FU 58 10 10
FU 58 12 0
FU 58 13 0
FU 58 14 53
FU 58 15 44
FU 58 16 33
FU 58 27 68
FU 58 29 0
FU 58 32 7
FU 58 37 14
FU 58 40 0
FU 58 41 10
FU 58 44 39
FU 58 50 50
FU 58 52 0
FU 58 60 80
FU 58 62 476
FU 58 63 280
FU 58 64 0
FU 58 65 42
FU 58 68 189
FU 59 1 35
FU 59 3 0
FU 59 4 43
FU 59 5 0
FU 59 7 33
FU 59 8 0
FU 59 9 0
FU 59 10 28
FU 59 11 17
FU 59 12 0
FU 59 13 0
FU 59 16 48
FU 59 17 0
FU 59 18 27
FU 59 19 0
FU 59 20 59
FU 59 21 51
FU 59 22 11
FU 59 24 0
FU 59 25 38
FU 59 26 0
FU 59 29 0
FU 59 30 0
FU 59 31 0
FU 59 33 0
FU 59 34 43
FU 59 35 0
FU 59 36 0
FU 59 38 0
FU 59 39 25
FU 59 40 0
FU 59 41 10
FU 59 42 0
FU 59 43 0
FU 59 44 66
FU 59 46 0
FU 59 49 0
FU 59 51 7
FU 59 52 0
FU 59 53 25
FU 59 54 0
FU 59 56 19
FU 59 61 20
FU 59 63 0
FU 59 66 0
FU 59 67 45
FU 59 68 0
FU 60 2 0
FU 60 10 44
FU 60 12 0
FU 60 14 39
FU 60 16 52
FU 60 27 4
FU 60 29 0
FU 60 41 58
FU 60 44 102
FU 60 50 18
FU 60 52 0
FU 60 57 39
FU 60 58 1
FU 60 62 1
FU 60 63 2
FU 60 64 3
FU 60 65 30
FU 60 68 296
FU 61 1 33
FU 61 3 0
FU 61 4 8
FU 61 5 0
FU 61 9 0
FU 61 10 7
FU 61 13 0
FU 61 18 15
FU 61 22 32
FU 61 24 0
FU 61 26 0
FU 61 31 0
FU 61 35 0
FU 61 36 0
FU 61 38 0
FU 61 40 0
FU 61 41 16
FU 61 42 0
FU 61 46 0
FU 61 53 16
FU 61 56 44
FU 62 2 0
FU 62 12 0
FU 62 13 0
FU 62 14 21
FU 62 15 119
FU 62 16 37
FU 62 27 0
FU 62 29 0
FU 62 32 8
FU 62 37 9
FU 62 50 38
FU 62 58 4
FU 62 60 29
FU 62 64 0
FU 63 1 39
FU 63 2 0
FU 63 3 0
FU 63 4 48
FU 63 5 0
FU 63 7 13
FU 63 8 0
FU 63 9 0
FU 63 10 24
FU 63 11 19
FU 63 12 0
FU 63 13 0
FU 63 14 33
FU 63 15 41
FU 63 16 37
FU 63 17 0
FU 63 18 28
FU 63 19 0
FU 63 20 83
FU 63 21 51
FU 63 22 33
FU 63 25 44
FU 63 26 0
FU 63 27 0
FU 63 29 0
FU 63 30 0
FU 63 31 0
FU 63 32 9
FU 63 33 0
FU 63 34 21
FU 63 36 0
FU 63 37 8
FU 63 40 0
FU 63 41 23
FU 63 42 0
FU 63 43 0
FU 63 44 54
FU 63 50 52
FU 63 51 17
FU 63 52 0
FU 63 53 13
FU 63 54 0
FU 63 55 0
FU 63 56 32
FU 63 57 46
FU 63 58 513
FU 63 59 11
FU 63 60 22
FU 63 61 22
FU 63 64 0
FU 63 65 27
FU 63 66 0
FU 63 67 7
FU 63 68 0
FU 64 2 0
FU 64 5 0
FU 64 8 0
FU 64 10 27
FU 64 12 0
FU 64 13 0
FU 64 14 12
FU 64 15 32
FU 64 16 34
FU 64 26 0
FU 64 27 0
FU 64 29 0
FU 64 30 0
FU 64 31 0
FU 64 32 126
FU 64 37 31
FU 64 40 0
FU 64 41 14
FU 64 44 30
FU 64 50 45
FU 64 51 85
FU 64 52 0
FU 64 54 107
FU 64 57 19
FU 64 58 0
FU 64 60 28
FU 64 62 0
FU 64 63 0
FU 64 65 53
FU 64 68 0
FU 64 69 0
FU 65 51 36
FU 65 60 31
FU 66 1 26
FU 66 3 0
FU 66 4 68
FU 66 5 0
FU 66 7 44
FU 66 8 0
FU 66 9 0
FU 66 10 19
FU 66 11 33
FU 66 12 0
FU 66 13 0
FU 66 16 19
FU 66 17 0
FU 66 18 32
FU 66 19 0
FU 66 20 37
FU 66 21 34
FU 66 22 35
FU 66 24 0
FU 66 25 32
FU 66 26 0
FU 66 29 0
FU 66 30 0
FU 66 31 0
FU 66 33 0
FU 66 34 27
FU 66 35 0
FU 66 36 0
FU 66 38 0
FU 66 39 45
FU 66 40 0
FU 66 42 0
FU 66 43 0
FU 66 46 0
FU 66 47 0
FU 66 49 0
FU 66 51 27
FU 66 52 0
FU 66 53 17
FU 66 54 0
FU 66 55 0
FU 66 56 47
FU 66 59 23
FU 66 61 20
FU 66 63 0
FU 66 67 28
FU 66 68 0
FU 67 47 0
FU 68 1 39
FU 68 2 0
FU 68 3 0
FU 68 4 42
FU 68 5 0
FU 68 7 103
FU 68 8 0
FU 68 9 0
FU 68 10 21
FU 68 11 41
FU 68 12 0
FU 68 13 0
FU 68 14 43
FU 68 15 43
FU 68 16 29
FU 68 17 0
FU 68 18 30
FU 68 19 0
FU 68 20 57
FU 68 21 44
FU 68 22 51
FU 68 25 39
FU 68 26 0
FU 68 27 0
FU 68 29 0
FU 68 30 0
FU 68 31 0
FU 68 32 55
FU 68 33 0
FU 68 34 66
FU 68 36 0
FU 68 37 42
FU 68 40 0
FU 68 41 18
FU 68 42 0
FU 68 43 0
FU 68 44 30
FU 68 47 0
FU 68 51 31
FU 68 52 0
FU 68 53 39
FU 68 54 0
FU 68 55 0
FU 68 58 368
FU 68 59 27
FU 68 60 18
FU 68 61 42
FU 68 63 0
FU 68 64 0
FU 68 65 15
FU 68 66 0
FU 68 67 48
FU 69 5 0
FU 69 8 0
FU 69 10 16
FU 69 12 0
FU 69 13 0
FU 69 14 38
FU 69 17 0
FU 69 26 0
FU 69 30 0
FU 69 31 0
FU 69 37 87
FU 69 41 10
FU 69 44 40
FU 69 51 231
FU 69 54 0
FU 69 57 30
FU 69 64 0
FU 69 65 79
