Nodes: 31
Arcs: 420
MVE: 2
MAE: 82
SAE: 4925
Terminals_rem: 0
Nodes_rem: 5
Arcs_rem: 128
First LB: 2
LB: 2
Iter. LB: 0
First UB: 8
UB: 3
Iter. UB: 13
gap: 33.3333
BM. Time: 0
Runtime: 29
FL 0 6 0
FL 0 1 2
FL 0 14 6
FL 0 7 327
FL 0 5 0
FL 0 2 11
FL 0 27 3
FL 0 17 1
FL 0 12 9
FL 0 13 0
FL 0 4 1
FL 0 19 6
FL 0 25 8
FL 0 15 513
FL 0 23 0
FL 0 3 998
FL 0 8 998
FL 0 9 43
FL 0 10 40
FL 0 11 998
FL 0 16 89
FL 0 20 998
FL 0 21 95
FL 0 22 52
FL 0 24 131
FL 0 26 40
FL 0 28 998
FL 0 29 19
FL 0 30 55
FL 1 4 0
FL 1 7 2
FL 1 9 35
FL 1 13 0
FL 1 17 0
FL 1 19 0
FL 1 21 76
FL 1 23 0
FL 1 25 0
FL 2 5 0
FL 2 6 0
FL 2 10 8
FL 2 12 0
FL 2 14 0
FL 2 15 10
FL 2 16 84
FL 2 23 0
FL 2 27 0
FL 2 29 16
FL 2 30 35
FL 4 1 347
FL 4 5 88
FL 4 6 0
FL 4 9 84
FL 4 10 27
FL 4 13 0
FL 4 17 61
FL 4 18 0
FL 4 21 111
FL 4 22 76
FL 4 23 216
FL 4 24 122
FL 4 26 64
FL 4 29 32
FL 4 30 34
FL 5 2 375
FL 5 4 83
FL 5 6 0
FL 5 10 33
FL 5 12 299
FL 5 13 0
FL 5 14 344
FL 5 17 43
FL 5 18 0
FL 5 22 68
FL 5 23 165
FL 5 26 39
FL 5 29 28
FL 5 30 13
FL 6 2 0
FL 6 4 0
FL 6 5 0
FL 6 7 226
FL 6 9 38
FL 6 10 28
FL 6 12 0
FL 6 13 0
FL 6 14 0
FL 6 17 0
FL 6 18 0
FL 6 19 0
FL 6 21 132
FL 6 22 21
FL 6 23 0
FL 6 26 34
FL 6 29 13
FL 6 30 21
FL 7 1 0
FL 7 6 0
FL 7 9 44
FL 7 13 0
FL 7 17 0
FL 7 19 0
FL 7 21 79
FL 7 25 0
FL 9 1 318
FL 9 4 52
FL 9 10 62
FL 9 13 1
FL 9 17 48
FL 9 18 0
FL 9 21 103
FL 9 22 68
FL 9 24 104
FL 9 26 44
FL 10 2 307
FL 10 4 54
FL 10 5 40
FL 10 9 62
FL 10 12 200
FL 10 13 0
FL 10 14 304
FL 10 17 44
FL 10 18 0
FL 10 22 52
FL 10 23 128
FL 10 26 27
FL 10 29 25
FL 10 30 34
FL 12 2 0
FL 12 5 0
FL 12 6 0
FL 12 10 32
FL 12 13 0
FL 12 14 0
FL 12 15 11
FL 12 16 42
FL 12 17 0
FL 12 19 527
FL 12 23 0
FL 12 25 0
FL 12 26 62
FL 12 27 0
FL 12 29 42
FL 12 30 36
FL 13 1 357
FL 13 4 49
FL 13 5 0
FL 13 6 0
FL 13 7 229
FL 13 9 71
FL 13 10 35
FL 13 12 0
FL 13 14 0
FL 13 17 41
FL 13 18 0
FL 13 19 1
FL 13 21 65
FL 13 22 76
FL 13 23 0
FL 13 25 998
FL 13 26 37
FL 13 29 22
FL 13 30 27
FL 14 2 0
FL 14 5 0
FL 14 6 0
FL 14 10 45
FL 14 12 0
FL 14 13 0
FL 14 15 5
FL 14 17 0
FL 14 23 0
FL 14 27 555
FL 14 29 35
FL 14 30 43
FL 15 2 0
FL 15 12 0
FL 15 14 0
FL 15 16 83
FL 15 23 0
FL 15 27 0
FL 15 29 37
FL 16 2 0
FL 16 12 1
FL 16 25 0
FL 16 27 466
FL 16 29 27
FL 17 1 0
FL 17 4 85
FL 17 5 0
FL 17 6 0
FL 17 7 225
FL 17 9 42
FL 17 10 29
FL 17 12 0
FL 17 13 0
FL 17 14 0
FL 17 18 1
FL 17 19 490
FL 17 21 75
FL 17 22 15
FL 17 23 1
FL 17 24 113
FL 17 25 1
FL 17 26 16
FL 17 29 44
FL 17 30 40
FL 18 4 477
FL 18 5 500
FL 18 6 526
FL 18 9 403
FL 18 10 481
FL 18 13 998
FL 18 17 498
FL 18 22 342
FL 18 23 495
FL 18 24 321
FL 18 26 383
FL 18 29 475
FL 18 30 497
FL 18 0 1000
FL 19 1 0
FL 19 6 0
FL 19 7 7
FL 19 12 135
FL 19 13 0
FL 19 16 101
FL 19 17 69
FL 19 21 98
FL 19 23 0
FL 19 25 1
FL 19 29 21
FL 21 1 1
FL 21 4 1
FL 21 9 45
FL 21 13 1
FL 21 17 1
FL 21 25 3
FL 22 4 38
FL 22 5 160
FL 22 9 20
FL 22 10 28
FL 22 13 0
FL 22 17 46
FL 22 18 0
FL 22 24 89
FL 22 26 54
FL 22 29 17
FL 22 30 53
FL 23 1 0
FL 23 2 0
FL 23 4 0
FL 23 5 0
FL 23 6 0
FL 23 9 15
FL 23 10 49
FL 23 12 0
FL 23 13 0
FL 23 14 0
FL 23 15 481
FL 23 17 0
FL 23 18 0
FL 23 19 0
FL 23 21 87
FL 23 22 25
FL 23 25 0
FL 23 26 25
FL 23 29 17
FL 23 30 23
FL 24 4 64
FL 24 9 30
FL 24 17 66
FL 24 18 0
FL 24 22 62
FL 24 26 89
FL 25 1 0
FL 25 7 5
FL 25 12 0
FL 25 13 0
FL 25 16 37
FL 25 17 0
FL 25 19 0
FL 25 21 85
FL 25 23 0
FL 25 29 16
FL 26 4 65
FL 26 5 131
FL 26 9 42
FL 26 10 39
FL 26 12 267
FL 26 13 0
FL 26 17 26
FL 26 18 0
FL 26 22 69
FL 26 24 127
FL 26 29 9
FL 26 30 37
FL 27 2 0
FL 27 12 0
FL 27 14 0
FL 27 15 6
FL 27 16 75
FL 27 29 19
FL 29 14 0
FL 29 16 470
FL 29 27 0
FL 29 30 29
FL 30 2 337
FL 30 4 22
FL 30 5 89
FL 30 6 495
FL 30 10 32
FL 30 12 102
FL 30 13 1
FL 30 14 357
FL 30 17 43
FL 30 18 0
FL 30 22 52
FL 30 26 63
FL 30 29 28
FU 0 6 3
FU 0 1 3
FU 0 14 8
FU 0 7 319
FU 0 5 3
FU 0 2 11
FU 0 27 2
FU 0 17 4
FU 0 12 15
FU 0 13 4
FU 0 4 5
FU 0 19 7
FU 0 25 3
FU 0 15 511
FU 0 23 4
FU 0 3 1000
FU 0 8 1000
FU 0 9 42
FU 0 10 49
FU 0 11 1000
FU 0 16 86
FU 0 20 1000
FU 0 21 97
FU 0 22 62
FU 0 24 119
FU 0 26 44
FU 0 28 1000
FU 0 29 28
FU 0 30 48
FU 1 4 0
FU 1 7 1
FU 1 9 39
FU 1 13 0
FU 1 17 0
FU 1 19 0
FU 1 21 85
FU 1 23 0
FU 1 25 0
FU 2 5 0
FU 2 6 0
FU 2 10 6
FU 2 12 0
FU 2 14 0
FU 2 15 6
FU 2 16 85
FU 2 23 0
FU 2 27 0
FU 2 29 27
FU 2 30 35
FU 4 1 351
FU 4 5 80
FU 4 6 0
FU 4 9 85
FU 4 10 25
FU 4 13 0
FU 4 17 44
FU 4 18 0
FU 4 21 102
FU 4 22 65
FU 4 23 190
FU 4 24 108
FU 4 26 49
FU 4 29 31
FU 4 30 43
FU 5 2 373
FU 5 4 73
FU 5 6 0
FU 5 10 26
FU 5 12 302
FU 5 13 0
FU 5 14 361
FU 5 17 50
FU 5 18 0
FU 5 22 80
FU 5 23 158
FU 5 26 47
FU 5 29 29
FU 5 30 18
FU 6 2 0
FU 6 4 0
FU 6 5 0
FU 6 7 220
FU 6 9 35
FU 6 10 38
FU 6 12 0
FU 6 13 0
FU 6 14 0
FU 6 17 0
FU 6 18 0
FU 6 19 0
FU 6 21 124
FU 6 22 17
FU 6 23 0
FU 6 26 43
FU 6 29 22
FU 6 30 22
FU 7 1 0
FU 7 6 0
FU 7 9 53
FU 7 13 0
FU 7 17 0
FU 7 19 0
FU 7 21 80
FU 7 25 0
FU 9 1 303
FU 9 4 46
FU 9 10 58
FU 9 13 0
FU 9 17 45
FU 9 18 0
FU 9 21 95
FU 9 22 65
FU 9 24 100
FU 9 26 57
FU 10 2 293
FU 10 4 74
FU 10 5 56
FU 10 9 66
FU 10 12 193
FU 10 13 0
FU 10 14 303
FU 10 17 57
FU 10 18 0
FU 10 22 55
FU 10 23 151
FU 10 26 22
FU 10 29 40
FU 10 30 52
FU 12 2 0
FU 12 5 0
FU 12 6 0
FU 12 10 37
FU 12 13 0
FU 12 14 0
FU 12 15 9
FU 12 16 36
FU 12 17 0
FU 12 19 500
FU 12 23 0
FU 12 25 0
FU 12 26 62
FU 12 27 0
FU 12 29 54
FU 12 30 32
FU 13 1 343
FU 13 4 52
FU 13 5 0
FU 13 6 0
FU 13 7 228
FU 13 9 67
FU 13 10 37
FU 13 12 0
FU 13 14 0
FU 13 17 62
FU 13 18 0
FU 13 19 0
FU 13 21 60
FU 13 22 69
FU 13 23 0
FU 13 25 997
FU 13 26 37
FU 13 29 29
FU 13 30 35
FU 14 2 0
FU 14 5 0
FU 14 6 0
FU 14 10 40
FU 14 12 0
FU 14 13 0
FU 14 15 3
FU 14 17 0
FU 14 23 0
FU 14 27 545
FU 14 29 40
FU 14 30 27
FU 15 2 0
FU 15 12 0
FU 15 14 0
FU 15 16 81
FU 15 23 0
FU 15 27 0
FU 15 29 34
FU 16 2 0
FU 16 12 1
FU 16 25 0
FU 16 27 453
FU 16 29 32
FU 17 1 0
FU 17 4 55
FU 17 5 0
FU 17 6 0
FU 17 7 220
FU 17 9 34
FU 17 10 34
FU 17 12 0
FU 17 13 0
FU 17 14 0
FU 17 18 0
FU 17 19 493
FU 17 21 83
FU 17 22 16
FU 17 23 0
FU 17 24 102
FU 17 25 0
FU 17 26 23
FU 17 29 44
FU 17 30 41
FU 18 4 476
FU 18 5 504
FU 18 6 512
FU 18 9 397
FU 18 10 479
FU 18 13 995
FU 18 17 501
FU 18 22 344
FU 18 23 497
FU 18 24 353
FU 18 26 376
FU 18 29 453
FU 18 30 498
FU 18 0 1000
FU 19 1 0
FU 19 6 0
FU 19 7 9
FU 19 12 116
FU 19 13 0
FU 19 16 122
FU 19 17 56
FU 19 21 101
FU 19 23 0
FU 19 25 0
FU 19 29 16
FU 21 1 0
FU 21 4 0
FU 21 9 56
FU 21 13 0
FU 21 17 0
FU 21 25 0
FU 22 4 59
FU 22 5 148
FU 22 9 27
FU 22 10 34
FU 22 13 0
FU 22 17 64
FU 22 18 0
FU 22 24 96
FU 22 26 69
FU 22 29 15
FU 22 30 54
FU 23 1 0
FU 23 2 0
FU 23 4 0
FU 23 5 0
FU 23 6 0
FU 23 9 20
FU 23 10 51
FU 23 12 0
FU 23 13 0
FU 23 14 0
FU 23 15 465
FU 23 17 0
FU 23 18 0
FU 23 19 0
FU 23 21 84
FU 23 22 28
FU 23 25 0
FU 23 26 33
FU 23 29 22
FU 23 30 22
FU 24 4 69
FU 24 9 30
FU 24 17 57
FU 24 18 0
FU 24 22 61
FU 24 26 85
FU 25 1 0
FU 25 7 3
FU 25 12 0
FU 25 13 0
FU 25 16 31
FU 25 17 0
FU 25 19 0
FU 25 21 89
FU 25 23 0
FU 25 29 12
FU 26 4 63
FU 26 5 120
FU 26 9 49
FU 26 10 43
FU 26 12 284
FU 26 13 0
FU 26 17 23
FU 26 18 0
FU 26 22 71
FU 26 24 122
FU 26 29 6
FU 26 30 34
FU 27 2 0
FU 27 12 0
FU 27 14 0
FU 27 15 6
FU 27 16 72
FU 27 29 28
FU 29 14 0
FU 29 16 487
FU 29 27 0
FU 29 30 39
FU 30 2 323
FU 30 4 28
FU 30 5 89
FU 30 6 485
FU 30 10 43
FU 30 12 89
FU 30 13 1
FU 30 14 328
FU 30 17 37
FU 30 18 0
FU 30 22 67
FU 30 26 53
FU 30 29 38
