Nodes: 71
Arcs: 1700
MVE: 2
MAE: 339
SAE: 63943
Terminals_rem: 0
Nodes_rem: 5
Arcs_rem: 470
First LB: 5
LB: 5
Iter. LB: 0
First UB: 23
UB: 14
Iter. UB: 575
gap: 64.2857
BM. Time: 0
Runtime: 314
FL 0 28 0
FL 0 8 36
FL 0 10 12
FL 0 68 7
FL 0 57 404
FL 0 12 380
FL 0 52 19
FL 0 13 2
FL 0 60 12
FL 0 33 0
FL 0 65 311
FL 0 62 0
FL 0 32 9
FL 0 25 0
FL 0 40 9
FL 0 30 13
FL 0 11 0
FL 0 45 0
FL 0 2 16
FL 0 21 268
FL 0 37 8
FL 0 70 5
FL 0 36 11
FL 0 5 0
FL 0 50 10
FL 0 47 419
FL 0 56 0
FL 0 66 13
FL 0 34 9
FL 0 41 13
FL 0 16 0
FL 0 53 13
FL 0 24 31
FL 0 63 0
FL 0 9 1
FL 0 59 24
FL 0 44 0
FL 0 43 0
FL 0 55 0
FL 0 6 10
FL 0 46 22
FL 0 18 0
FL 0 1 89
FL 0 3 74
FL 0 4 43
FL 0 7 122
FL 0 14 999
FL 0 15 999
FL 0 17 999
FL 0 19 237
FL 0 20 156
FL 0 22 139
FL 0 23 218
FL 0 27 52
FL 0 29 22
FL 0 31 97
FL 0 35 35
FL 0 38 235
FL 0 39 13
FL 0 42 291
FL 0 48 42
FL 0 49 36
FL 0 51 998
FL 0 54 342
FL 0 58 10
FL 0 61 88
FL 0 64 27
FL 0 67 998
FL 0 69 59
FL 1 42 32
FL 1 46 0
FL 1 58 6
FL 1 64 1
FL 2 5 0
FL 2 7 41
FL 2 9 0
FL 2 18 0
FL 2 20 6
FL 2 22 13
FL 2 24 0
FL 2 35 49
FL 2 39 0
FL 2 42 17
FL 2 45 0
FL 2 46 0
FL 2 48 24
FL 2 52 0
FL 2 54 13
FL 2 57 4
FL 2 59 0
FL 2 60 0
FL 2 61 13
FL 2 65 8
FL 2 66 0
FL 3 4 59
FL 3 13 82
FL 3 25 50
FL 3 26 0
FL 3 28 28
FL 3 45 0
FL 3 62 79
FL 4 3 53
FL 4 5 1
FL 4 11 211
FL 4 16 62
FL 4 25 97
FL 4 26 0
FL 4 27 60
FL 4 28 23
FL 4 29 22
FL 4 31 112
FL 4 43 176
FL 4 49 63
FL 4 55 82
FL 4 56 49
FL 4 62 88
FL 5 1 33
FL 5 2 307
FL 5 4 63
FL 5 6 259
FL 5 8 324
FL 5 10 0
FL 5 13 72
FL 5 16 57
FL 5 18 62
FL 5 19 59
FL 5 20 79
FL 5 22 49
FL 5 23 160
FL 5 25 47
FL 5 26 0
FL 5 29 6
FL 5 30 156
FL 5 31 189
FL 5 33 0
FL 5 35 32
FL 5 36 0
FL 5 41 998
FL 5 44 0
FL 5 45 0
FL 5 48 9
FL 5 49 13
FL 5 52 260
FL 5 54 6
FL 5 57 64
FL 5 58 21
FL 5 59 0
FL 5 60 0
FL 5 61 75
FL 5 64 0
FL 5 65 142
FL 5 66 356
FL 5 68 276
FL 5 69 164
FL 5 70 507
FL 6 5 0
FL 6 20 50
FL 6 39 2
FL 6 42 10
FL 6 45 0
FL 6 46 0
FL 6 48 31
FL 6 52 0
FL 6 54 13
FL 6 57 3
FL 6 59 0
FL 6 60 1
FL 6 61 20
FL 6 65 3
FL 6 66 0
FL 7 40 0
FL 7 64 2
FL 8 1 26
FL 8 5 0
FL 8 7 152
FL 8 9 0
FL 8 10 0
FL 8 12 20
FL 8 13 0
FL 8 20 21
FL 8 21 20
FL 8 22 17
FL 8 24 0
FL 8 30 80
FL 8 32 0
FL 8 36 0
FL 8 37 0
FL 8 38 9
FL 8 40 0
FL 8 41 0
FL 8 44 0
FL 8 47 13
FL 8 48 34
FL 8 50 0
FL 8 52 0
FL 8 53 0
FL 8 58 3
FL 8 59 0
FL 8 60 0
FL 8 61 4
FL 8 64 1
FL 8 66 0
FL 8 69 25
FL 8 70 0
FL 9 2 0
FL 9 7 24
FL 9 8 0
FL 9 10 0
FL 9 13 0
FL 9 20 12
FL 9 24 0
FL 9 26 0
FL 9 27 21
FL 9 29 40
FL 9 30 0
FL 9 32 0
FL 9 33 14
FL 9 34 0
FL 9 36 0
FL 9 37 0
FL 9 38 14
FL 9 39 0
FL 9 40 0
FL 9 42 14
FL 9 43 0
FL 9 44 0
FL 9 45 0
FL 9 46 0
FL 9 47 177
FL 9 48 24
FL 9 50 0
FL 9 52 0
FL 9 54 16
FL 9 57 39
FL 9 58 0
FL 9 59 0
FL 9 60 0
FL 9 61 1
FL 9 64 0
FL 9 65 109
FL 9 66 0
FL 10 1 100
FL 10 5 0
FL 10 7 31
FL 10 8 0
FL 10 9 0
FL 10 12 90
FL 10 13 0
FL 10 20 11
FL 10 21 90
FL 10 22 13
FL 10 24 0
FL 10 30 76
FL 10 32 0
FL 10 36 0
FL 10 37 0
FL 10 38 21
FL 10 40 0
FL 10 41 0
FL 10 44 0
FL 10 45 0
FL 10 47 5
FL 10 48 19
FL 10 50 0
FL 10 52 0
FL 10 58 2
FL 10 59 0
FL 10 60 0
FL 10 61 13
FL 10 64 1
FL 10 66 0
FL 10 69 36
FL 10 70 0
FL 11 4 36
FL 11 13 0
FL 11 16 0
FL 11 25 0
FL 11 26 0
FL 11 28 0
FL 11 45 0
FL 11 62 0
FL 12 8 0
FL 12 10 0
FL 12 13 0
FL 12 24 0
FL 12 32 0
FL 12 36 0
FL 12 40 0
FL 12 47 143
FL 12 50 0
FL 12 53 0
FL 12 58 2
FL 12 64 5
FL 12 69 76
FL 12 70 0
FL 13 1 19
FL 13 3 145
FL 13 5 0
FL 13 7 25
FL 13 8 0
FL 13 9 0
FL 13 10 0
FL 13 11 0
FL 13 12 193
FL 13 20 24
FL 13 21 164
FL 13 22 40
FL 13 24 2
FL 13 26 0
FL 13 31 56
FL 13 32 0
FL 13 36 0
FL 13 37 0
FL 13 40 0
FL 13 41 1
FL 13 44 0
FL 13 45 0
FL 13 47 66
FL 13 48 19
FL 13 50 0
FL 13 52 1
FL 13 53 0
FL 13 58 7
FL 13 59 1
FL 13 60 1
FL 13 61 11
FL 13 64 2
FL 13 66 1
FL 13 69 62
FL 16 4 21
FL 16 5 1
FL 16 11 0
FL 16 25 17
FL 16 26 0
FL 16 33 26
FL 16 44 0
FL 16 45 0
FL 16 49 33
FL 16 55 96
FL 16 62 88
FL 16 63 0
FL 18 2 348
FL 18 5 0
FL 18 7 36
FL 18 20 93
FL 18 22 41
FL 18 25 28
FL 18 26 0
FL 18 27 64
FL 18 29 43
FL 18 30 277
FL 18 33 59
FL 18 35 43
FL 18 39 295
FL 18 42 55
FL 18 43 0
FL 18 45 0
FL 18 46 1
FL 18 48 81
FL 18 49 16
FL 18 52 304
FL 18 54 6
FL 18 55 19
FL 18 56 61
FL 18 57 69
FL 18 59 0
FL 18 60 0
FL 18 61 1
FL 18 63 0
FL 18 65 59
FL 18 66 0
FL 19 5 0
FL 19 20 15
FL 19 39 1
FL 19 42 10
FL 19 45 0
FL 19 46 0
FL 19 48 37
FL 19 52 1
FL 19 54 14
FL 19 57 41
FL 19 61 7
FL 20 2 0
FL 20 5 0
FL 20 6 0
FL 20 8 0
FL 20 13 81
FL 20 19 11
FL 20 22 21
FL 20 23 13
FL 20 24 0
FL 20 30 0
FL 20 42 25
FL 20 46 1
FL 20 48 17
FL 20 54 7
FL 20 68 0
FL 21 8 0
FL 21 10 0
FL 21 13 0
FL 21 36 0
FL 21 40 0
FL 21 47 136
FL 21 50 0
FL 21 53 0
FL 21 58 2
FL 21 64 1
FL 21 69 55
FL 21 70 0
FL 22 24 0
FL 22 29 32
FL 22 42 48
FL 22 46 1
FL 23 5 0
FL 23 20 17
FL 23 39 313
FL 23 42 26
FL 23 45 4
FL 23 46 7
FL 23 48 28
FL 23 52 2
FL 23 54 51
FL 23 57 117
FL 23 59 0
FL 23 60 1
FL 23 61 9
FL 24 2 0
FL 24 7 28
FL 24 8 0
FL 24 9 0
FL 24 10 0
FL 24 12 4
FL 24 13 0
FL 24 20 30
FL 24 22 34
FL 24 30 0
FL 24 32 0
FL 24 34 0
FL 24 36 2
FL 24 38 47
FL 24 39 2
FL 24 40 0
FL 24 42 25
FL 24 46 0
FL 24 47 19
FL 24 48 42
FL 24 50 0
FL 24 54 15
FL 24 58 8
FL 24 59 0
FL 24 60 1
FL 24 61 17
FL 24 64 1
FL 24 65 8
FL 24 66 0
FL 24 69 142
FL 25 3 152
FL 25 4 49
FL 25 5 0
FL 25 11 179
FL 25 16 40
FL 25 18 36
FL 25 26 0
FL 25 27 39
FL 25 28 41
FL 25 29 48
FL 25 31 52
FL 25 33 43
FL 25 35 40
FL 25 43 0
FL 25 45 0
FL 25 49 42
FL 25 55 54
FL 25 56 33
FL 25 62 19
FL 25 63 0
FL 26 3 299
FL 26 4 436
FL 26 5 998
FL 26 9 401
FL 26 11 287
FL 26 13 441
FL 26 16 249
FL 26 18 497
FL 26 25 385
FL 26 27 312
FL 26 28 500
FL 26 29 464
FL 26 31 270
FL 26 33 434
FL 26 35 187
FL 26 43 282
FL 26 44 999
FL 26 45 999
FL 26 49 378
FL 26 55 383
FL 26 56 278
FL 26 62 374
FL 26 63 999
FL 26 0 1000
FL 27 4 11
FL 27 9 56
FL 27 18 39
FL 27 25 48
FL 27 28 27
FL 27 29 39
FL 27 33 63
FL 27 35 45
FL 27 43 53
FL 27 49 36
FL 27 55 20
FL 27 56 43
FL 28 3 61
FL 28 4 34
FL 28 11 164
FL 28 25 6
FL 28 26 0
FL 28 27 28
FL 28 29 49
FL 28 31 40
FL 28 33 50
FL 28 35 28
FL 28 36 491
FL 28 43 0
FL 28 44 1
FL 28 45 0
FL 28 49 17
FL 28 55 83
FL 28 56 73
FL 28 62 64
FL 28 63 0
FL 29 4 4
FL 29 5 0
FL 29 9 246
FL 29 18 69
FL 29 22 77
FL 29 25 21
FL 29 26 0
FL 29 27 40
FL 29 28 60
FL 29 33 36
FL 29 35 28
FL 29 43 205
FL 29 49 39
FL 29 52 242
FL 29 55 33
FL 29 56 143
FL 29 62 97
FL 30 5 0
FL 30 7 16
FL 30 8 273
FL 30 9 0
FL 30 10 0
FL 30 18 0
FL 30 20 30
FL 30 22 60
FL 30 24 0
FL 30 34 0
FL 30 37 0
FL 30 39 0
FL 30 42 10
FL 30 45 0
FL 30 46 0
FL 30 48 46
FL 30 52 0
FL 30 54 78
FL 30 57 6
FL 30 59 0
FL 30 60 0
FL 30 61 12
FL 30 65 2
FL 30 66 0
FL 31 5 0
FL 31 13 145
FL 31 25 23
FL 31 26 0
FL 31 28 101
FL 32 7 19
FL 32 8 0
FL 32 9 0
FL 32 10 0
FL 32 12 4
FL 32 13 0
FL 32 24 0
FL 32 34 0
FL 32 37 0
FL 32 38 35
FL 32 40 0
FL 32 41 0
FL 32 47 4
FL 32 53 0
FL 32 59 0
FL 32 61 3
FL 32 64 2
FL 33 4 49
FL 33 5 0
FL 33 9 206
FL 33 16 65
FL 33 18 112
FL 33 22 27
FL 33 25 81
FL 33 26 0
FL 33 27 30
FL 33 28 23
FL 33 29 9
FL 33 35 41
FL 33 43 64
FL 33 45 0
FL 33 49 28
FL 33 52 0
FL 33 55 100
FL 33 56 28
FL 33 62 138
FL 33 63 0
FL 34 9 0
FL 34 20 25
FL 34 24 0
FL 34 30 0
FL 34 32 0
FL 34 37 0
FL 34 38 7
FL 34 39 1
FL 34 40 0
FL 34 42 14
FL 34 46 0
FL 34 47 2
FL 34 48 7
FL 34 52 0
FL 34 54 23
FL 34 57 3
FL 34 59 0
FL 34 60 0
FL 34 61 1
FL 34 66 0
FL 35 18 39
FL 35 25 47
FL 35 27 49
FL 35 28 18
FL 35 29 18
FL 35 33 25
FL 35 49 10
FL 35 54 18
FL 35 55 17
FL 35 56 40
FL 36 5 0
FL 36 7 25
FL 36 8 0
FL 36 9 0
FL 36 10 0
FL 36 12 3
FL 36 13 0
FL 36 21 5
FL 36 22 11
FL 36 24 0
FL 36 28 0
FL 36 31 70
FL 36 37 0
FL 36 41 0
FL 36 44 0
FL 36 45 0
FL 36 48 33
FL 36 50 0
FL 36 58 2
FL 36 59 0
FL 36 60 0
FL 36 64 3
FL 36 66 0
FL 36 69 34
FL 36 70 0
FL 37 7 21
FL 37 8 0
FL 37 9 0
FL 37 10 0
FL 37 13 0
FL 37 20 46
FL 37 30 0
FL 37 32 0
FL 37 34 0
FL 37 36 0
FL 37 38 3
FL 37 39 0
FL 37 40 0
FL 37 42 23
FL 37 46 0
FL 37 47 3
FL 37 48 40
FL 37 50 0
FL 37 54 32
FL 37 57 2
FL 37 58 1
FL 37 59 0
FL 37 60 0
FL 37 61 14
FL 37 64 2
FL 37 66 0
FL 38 59 464
FL 39 2 0
FL 39 6 0
FL 39 19 33
FL 39 23 3
FL 39 24 0
FL 39 30 0
FL 39 37 998
FL 39 42 36
FL 39 46 0
FL 39 48 17
FL 39 54 30
FL 39 68 0
FL 40 7 26
FL 40 8 0
FL 40 9 0
FL 40 10 0
FL 40 12 4
FL 40 13 0
FL 40 21 3
FL 40 24 0
FL 40 32 0
FL 40 34 0
FL 40 37 0
FL 40 38 18
FL 40 41 0
FL 40 47 2
FL 40 48 33
FL 40 50 0
FL 40 53 0
FL 40 58 2
FL 40 59 0
FL 40 60 0
FL 40 61 17
FL 40 64 1
FL 40 66 0
FL 41 5 0
FL 41 8 0
FL 41 10 0
FL 41 13 0
FL 41 20 43
FL 41 32 0
FL 41 36 0
FL 41 38 9
FL 41 39 1
FL 41 40 0
FL 41 42 25
FL 41 46 0
FL 41 47 2
FL 41 48 20
FL 41 50 0
FL 41 52 0
FL 41 54 14
FL 41 57 3
FL 41 58 2
FL 41 59 0
FL 41 60 1
FL 41 61 22
FL 41 64 3
FL 41 65 4
FL 41 66 0
FL 42 1 67
FL 42 2 1
FL 42 6 0
FL 42 19 59
FL 42 20 76
FL 42 22 42
FL 42 23 46
FL 42 24 2
FL 42 30 0
FL 42 39 2
FL 42 45 0
FL 42 46 4
FL 42 48 6
FL 42 52 2
FL 42 54 69
FL 42 59 0
FL 42 68 0
FL 43 4 21
FL 43 9 0
FL 43 18 0
FL 43 25 0
FL 43 26 0
FL 43 27 47
FL 43 28 0
FL 43 29 35
FL 43 33 0
FL 43 35 26
FL 43 49 17
FL 43 55 28
FL 43 56 79
FL 43 63 0
FL 44 5 0
FL 44 7 18
FL 44 8 217
FL 44 9 94
FL 44 10 504
FL 44 13 153
FL 44 16 61
FL 44 22 38
FL 44 26 0
FL 44 28 66
FL 44 36 523
FL 44 45 0
FL 44 48 36
FL 44 50 998
FL 44 52 195
FL 44 58 0
FL 44 59 549
FL 44 60 998
FL 44 64 0
FL 44 69 68
FL 44 70 506
FL 45 1 87
FL 45 2 0
FL 45 3 135
FL 45 5 0
FL 45 6 379
FL 45 9 1
FL 45 10 508
FL 45 11 1
FL 45 13 1
FL 45 16 1
FL 45 18 1
FL 45 19 18
FL 45 20 36
FL 45 22 32
FL 45 23 200
FL 45 25 1
FL 45 26 1
FL 45 28 1
FL 45 29 19
FL 45 30 192
FL 45 31 96
FL 45 33 1
FL 45 35 115
FL 45 36 1
FL 45 42 8
FL 45 44 0
FL 45 46 998
FL 45 48 51
FL 45 49 65
FL 45 52 0
FL 45 54 31
FL 45 57 68
FL 45 58 998
FL 45 59 0
FL 45 60 1
FL 45 64 998
FL 45 65 145
FL 45 66 332
FL 45 68 357
FL 46 1 54
FL 46 2 358
FL 46 6 376
FL 46 7 25
FL 46 9 1
FL 46 18 1
FL 46 19 83
FL 46 20 33
FL 46 22 26
FL 46 23 8
FL 46 24 999
FL 46 30 227
FL 46 34 3
FL 46 37 1
FL 46 39 387
FL 46 41 1
FL 46 42 29
FL 46 45 1
FL 46 48 22
FL 46 52 1
FL 46 54 24
FL 46 57 134
FL 46 59 1
FL 46 60 2
FL 46 61 10
FL 46 65 12
FL 46 66 1
FL 46 68 382
FL 47 7 38
FL 47 8 1
FL 47 9 1
FL 47 10 1
FL 47 12 147
FL 47 13 1
FL 47 21 103
FL 47 24 1
FL 47 32 1
FL 47 34 1
FL 47 37 1
FL 47 38 36
FL 47 40 1
FL 47 41 1
FL 47 59 1
FL 47 61 2
FL 48 40 1
FL 49 4 17
FL 49 5 0
FL 49 16 173
FL 49 18 30
FL 49 25 34
FL 49 26 0
FL 49 27 142
FL 49 28 25
FL 49 29 27
FL 49 33 56
FL 49 35 23
FL 49 43 23
FL 49 45 10
FL 49 55 51
FL 49 56 145
FL 49 62 48
FL 50 1 37
FL 50 8 0
FL 50 9 0
FL 50 10 0
FL 50 12 3
FL 50 13 0
FL 50 21 3
FL 50 22 13
FL 50 24 0
FL 50 36 0
FL 50 37 0
FL 50 40 0
FL 50 41 0
FL 50 44 0
FL 50 58 3
FL 50 59 0
FL 50 64 3
FL 50 69 119
FL 50 70 0
FL 52 1 111
FL 52 2 0
FL 52 5 0
FL 52 6 0
FL 52 7 13
FL 52 8 0
FL 52 9 0
FL 52 10 0
FL 52 13 0
FL 52 18 0
FL 52 19 32
FL 52 22 33
FL 52 23 8
FL 52 29 13
FL 52 30 0
FL 52 33 0
FL 52 34 999
FL 52 35 75
FL 52 39 0
FL 52 41 0
FL 52 42 22
FL 52 44 0
FL 52 45 0
FL 52 46 0
FL 52 48 19
FL 52 54 14
FL 52 57 3
FL 52 59 0
FL 52 60 0
FL 52 61 3
FL 52 65 2
FL 52 66 0
FL 52 68 0
FL 53 8 0
FL 53 12 3
FL 53 13 0
FL 53 21 10
FL 53 32 0
FL 53 40 0
FL 53 58 2
FL 54 2 0
FL 54 5 0
FL 54 6 0
FL 54 7 37
FL 54 18 0
FL 54 19 114
FL 54 20 61
FL 54 22 29
FL 54 23 53
FL 54 24 3
FL 54 30 0
FL 54 35 31
FL 54 37 0
FL 54 39 1
FL 54 42 99
FL 54 45 0
FL 54 46 4
FL 54 48 54
FL 54 52 2
FL 54 68 0
FL 55 4 37
FL 55 16 141
FL 55 18 82
FL 55 25 61
FL 55 26 0
FL 55 27 31
FL 55 28 23
FL 55 29 13
FL 55 33 68
FL 55 35 36
FL 55 43 107
FL 55 49 25
FL 55 56 38
FL 55 63 0
FL 56 4 5
FL 56 18 29
FL 56 25 28
FL 56 26 0
FL 56 27 14
FL 56 28 29
FL 56 29 19
FL 56 33 19
FL 56 35 56
FL 56 43 93
FL 56 49 96
FL 56 55 35
FL 56 63 0
FL 57 1 59
FL 57 2 0
FL 57 5 0
FL 57 6 0
FL 57 7 48
FL 57 9 0
FL 57 18 0
FL 57 19 49
FL 57 22 64
FL 57 23 26
FL 57 30 0
FL 57 34 0
FL 57 35 19
FL 57 37 0
FL 57 39 0
FL 57 41 0
FL 57 42 44
FL 57 45 0
FL 57 46 0
FL 57 48 32
FL 57 52 0
FL 57 54 17
FL 57 59 0
FL 57 60 0
FL 57 61 3
FL 57 65 197
FL 57 66 0
FL 57 68 0
FL 58 1 132
FL 58 5 0
FL 58 8 195
FL 58 10 0
FL 58 12 156
FL 58 13 0
FL 58 21 128
FL 58 24 0
FL 58 38 477
FL 58 40 0
FL 58 44 0
FL 58 45 21
FL 58 50 0
FL 58 53 998
FL 58 64 3
FL 59 1 60
FL 59 2 0
FL 59 5 0
FL 59 6 0
FL 59 7 37
FL 59 8 0
FL 59 9 0
FL 59 10 0
FL 59 13 0
FL 59 18 0
FL 59 19 83
FL 59 20 12
FL 59 22 16
FL 59 23 18
FL 59 24 0
FL 59 30 0
FL 59 32 0
FL 59 34 0
FL 59 36 3
FL 59 37 0
FL 59 38 4
FL 59 39 1
FL 59 40 0
FL 59 41 0
FL 59 42 21
FL 59 44 0
FL 59 45 0
FL 59 46 0
FL 59 47 7
FL 59 48 10
FL 59 50 0
FL 59 52 0
FL 59 54 29
FL 59 57 4
FL 59 58 5
FL 59 60 1
FL 59 61 2
FL 59 64 3
FL 59 65 3
FL 59 66 0
FL 59 68 0
FL 60 1 36
FL 60 2 0
FL 60 5 0
FL 60 6 0
FL 60 7 63
FL 60 8 0
FL 60 9 0
FL 60 10 0
FL 60 13 0
FL 60 18 0
FL 60 19 98
FL 60 20 14
FL 60 22 18
FL 60 23 14
FL 60 24 0
FL 60 30 0
FL 60 34 0
FL 60 36 0
FL 60 37 0
FL 60 39 0
FL 60 40 0
FL 60 41 0
FL 60 42 10
FL 60 44 0
FL 60 45 0
FL 60 46 0
FL 60 48 27
FL 60 52 0
FL 60 54 19
FL 60 57 3
FL 60 58 1
FL 60 59 0
FL 60 61 1
FL 60 64 1
FL 60 65 2
FL 60 66 0
FL 60 68 0
FL 61 2 4
FL 61 5 0
FL 61 6 2
FL 61 7 51
FL 61 8 1
FL 61 13 26
FL 61 18 0
FL 61 19 49
FL 61 20 31
FL 61 22 76
FL 61 23 16
FL 61 24 4
FL 61 30 0
FL 61 32 2
FL 61 37 0
FL 61 38 62
FL 61 39 3
FL 61 40 63
FL 61 41 0
FL 61 42 45
FL 61 46 6
FL 61 47 9
FL 61 48 37
FL 61 52 2
FL 61 54 41
FL 61 57 7
FL 61 59 2
FL 61 60 1
FL 61 68 0
FL 62 3 79
FL 62 4 46
FL 62 11 174
FL 62 16 153
FL 62 25 24
FL 62 26 0
FL 62 28 43
FL 62 29 29
FL 62 31 27
FL 62 33 102
FL 62 49 35
FL 63 4 70
FL 63 16 0
FL 63 18 0
FL 63 25 0
FL 63 26 0
FL 63 27 73
FL 63 28 0
FL 63 29 47
FL 63 33 0
FL 63 35 73
FL 63 43 0
FL 63 49 54
FL 63 55 0
FL 63 56 0
FL 64 1 75
FL 64 5 0
FL 64 7 49
FL 64 8 2
FL 64 10 1
FL 64 21 205
FL 64 22 28
FL 64 32 998
FL 64 38 8
FL 64 40 0
FL 64 41 1
FL 64 44 0
FL 64 45 0
FL 64 48 30
FL 64 50 1
FL 64 58 8
FL 64 59 2
FL 64 66 315
FL 64 69 109
FL 64 70 0
FL 65 1 15
FL 65 2 0
FL 65 5 0
FL 65 6 0
FL 65 7 44
FL 65 9 0
FL 65 18 0
FL 65 19 17
FL 65 20 25
FL 65 22 22
FL 65 23 10
FL 65 24 0
FL 65 30 0
FL 65 35 21
FL 65 39 0
FL 65 41 0
FL 65 42 17
FL 65 45 0
FL 65 46 0
FL 65 48 28
FL 65 52 0
FL 65 54 25
FL 65 57 28
FL 65 59 0
FL 65 60 0
FL 65 61 2
FL 65 66 0
FL 65 68 0
FL 66 1 11
FL 66 2 0
FL 66 5 0
FL 66 6 0
FL 66 7 26
FL 66 8 0
FL 66 9 0
FL 66 10 0
FL 66 13 0
FL 66 18 0
FL 66 19 63
FL 66 20 9
FL 66 22 36
FL 66 23 11
FL 66 24 0
FL 66 30 0
FL 66 34 0
FL 66 36 0
FL 66 37 0
FL 66 39 1
FL 66 40 937
FL 66 41 0
FL 66 42 14
FL 66 45 0
FL 66 46 0
FL 66 48 54
FL 66 52 0
FL 66 54 20
FL 66 57 2
FL 66 59 0
FL 66 60 0
FL 66 61 17
FL 66 64 1
FL 66 65 3
FL 66 68 0
FL 68 5 0
FL 68 20 46
FL 68 39 0
FL 68 42 20
FL 68 45 0
FL 68 46 0
FL 68 48 9
FL 68 52 0
FL 68 54 18
FL 68 57 2
FL 68 59 0
FL 68 60 0
FL 68 61 6
FL 68 65 2
FL 68 66 0
FL 69 70 0
FL 70 5 0
FL 70 8 0
FL 70 10 0
FL 70 12 2
FL 70 21 4
FL 70 36 0
FL 70 44 0
FL 70 50 0
FL 70 64 1
FL 70 69 64
FU 0 28 2
FU 0 8 21
FU 0 10 11
FU 0 68 7
FU 0 57 412
FU 0 12 389
FU 0 52 7
FU 0 13 2
FU 0 60 3
FU 0 33 3
FU 0 65 319
FU 0 62 2
FU 0 32 2
FU 0 25 2
FU 0 40 9
FU 0 30 11
FU 0 11 2
FU 0 45 2
FU 0 2 13
FU 0 21 284
FU 0 37 2
FU 0 70 8
FU 0 36 12
FU 0 5 2
FU 0 50 2
FU 0 47 435
FU 0 56 2
FU 0 66 9
FU 0 34 7
FU 0 41 3
FU 0 16 2
FU 0 53 2
FU 0 24 19
FU 0 63 2
FU 0 9 3
FU 0 59 20
FU 0 44 2
FU 0 43 2
FU 0 55 2
FU 0 6 8
FU 0 46 8
FU 0 18 2
FU 0 1 88
FU 0 3 73
FU 0 4 43
FU 0 7 119
FU 0 14 1000
FU 0 15 1000
FU 0 17 1000
FU 0 19 244
FU 0 20 150
FU 0 22 139
FU 0 23 219
FU 0 27 53
FU 0 29 15
FU 0 31 95
FU 0 35 37
FU 0 38 224
FU 0 39 10
FU 0 42 292
FU 0 48 43
FU 0 49 52
FU 0 51 1000
FU 0 54 334
FU 0 58 2
FU 0 61 80
FU 0 64 7
FU 0 67 1000
FU 0 69 60
FU 1 42 31
FU 1 46 0
FU 1 58 0
FU 1 64 0
FU 2 5 0
FU 2 7 43
FU 2 9 0
FU 2 18 0
FU 2 20 11
FU 2 22 10
FU 2 24 0
FU 2 35 53
FU 2 39 0
FU 2 42 13
FU 2 45 0
FU 2 46 0
FU 2 48 21
FU 2 52 0
FU 2 54 14
FU 2 57 4
FU 2 59 0
FU 2 60 0
FU 2 61 42
FU 2 65 7
FU 2 66 0
FU 3 4 53
FU 3 13 79
FU 3 25 49
FU 3 26 0
FU 3 28 24
FU 3 45 0
FU 3 62 102
FU 4 3 44
FU 4 5 1
FU 4 11 205
FU 4 16 53
FU 4 25 101
FU 4 26 0
FU 4 27 68
FU 4 28 20
FU 4 29 30
FU 4 31 104
FU 4 43 185
FU 4 49 58
FU 4 55 78
FU 4 56 43
FU 4 62 98
FU 5 1 39
FU 5 2 285
FU 5 4 61
FU 5 6 264
FU 5 8 281
FU 5 10 0
FU 5 13 81
FU 5 16 63
FU 5 18 65
FU 5 19 53
FU 5 20 64
FU 5 22 47
FU 5 23 149
FU 5 25 53
FU 5 26 0
FU 5 29 7
FU 5 30 143
FU 5 31 186
FU 5 33 0
FU 5 35 25
FU 5 36 0
FU 5 41 997
FU 5 44 0
FU 5 45 0
FU 5 48 18
FU 5 49 11
FU 5 52 258
FU 5 54 5
FU 5 57 63
FU 5 58 6
FU 5 59 0
FU 5 60 0
FU 5 61 59
FU 5 64 0
FU 5 65 141
FU 5 66 355
FU 5 68 279
FU 5 69 162
FU 5 70 496
FU 6 5 0
FU 6 20 53
FU 6 39 3
FU 6 42 11
FU 6 45 0
FU 6 46 0
FU 6 48 33
FU 6 52 0
FU 6 54 21
FU 6 57 12
FU 6 59 0
FU 6 60 0
FU 6 61 73
FU 6 65 9
FU 6 66 0
FU 7 40 0
FU 7 64 0
FU 8 1 24
FU 8 5 0
FU 8 7 151
FU 8 9 0
FU 8 10 0
FU 8 12 20
FU 8 13 0
FU 8 20 17
FU 8 21 17
FU 8 22 18
FU 8 24 0
FU 8 30 81
FU 8 32 0
FU 8 36 0
FU 8 37 0
FU 8 38 23
FU 8 40 0
FU 8 41 0
FU 8 44 0
FU 8 47 10
FU 8 48 31
FU 8 50 0
FU 8 52 0
FU 8 53 0
FU 8 58 0
FU 8 59 0
FU 8 60 0
FU 8 61 1
FU 8 64 0
FU 8 66 0
FU 8 69 26
FU 8 70 0
FU 9 2 0
FU 9 7 24
FU 9 8 0
FU 9 10 0
FU 9 13 0
FU 9 20 12
FU 9 24 0
FU 9 26 0
FU 9 27 23
FU 9 29 30
FU 9 30 0
FU 9 32 0
FU 9 33 37
FU 9 34 0
FU 9 36 0
FU 9 37 0
FU 9 38 13
FU 9 39 0
FU 9 40 0
FU 9 42 16
FU 9 43 0
FU 9 44 0
FU 9 45 0
FU 9 46 0
FU 9 47 174
FU 9 48 22
FU 9 50 0
FU 9 52 0
FU 9 54 17
FU 9 57 40
FU 9 58 0
FU 9 59 0
FU 9 60 0
FU 9 61 0
FU 9 64 0
FU 9 65 72
FU 9 66 0
FU 10 1 101
FU 10 5 0
FU 10 7 27
FU 10 8 0
FU 10 9 0
FU 10 12 92
FU 10 13 0
FU 10 20 10
FU 10 21 84
FU 10 22 6
FU 10 24 0
FU 10 30 78
FU 10 32 0
FU 10 36 0
FU 10 37 0
FU 10 38 30
FU 10 40 0
FU 10 41 0
FU 10 44 0
FU 10 45 0
FU 10 47 4
FU 10 48 13
FU 10 50 0
FU 10 52 0
FU 10 58 0
FU 10 59 0
FU 10 60 0
FU 10 61 72
FU 10 64 0
FU 10 66 0
FU 10 69 43
FU 10 70 0
FU 11 4 23
FU 11 13 0
FU 11 16 0
FU 11 25 0
FU 11 26 0
FU 11 28 0
FU 11 45 0
FU 11 62 0
FU 12 8 0
FU 12 10 0
FU 12 13 0
FU 12 24 0
FU 12 32 0
FU 12 36 0
FU 12 40 0
FU 12 47 142
FU 12 50 0
FU 12 53 0
FU 12 58 0
FU 12 64 0
FU 12 69 74
FU 12 70 0
FU 13 1 21
FU 13 3 158
FU 13 5 0
FU 13 7 25
FU 13 8 0
FU 13 9 0
FU 13 10 0
FU 13 11 0
FU 13 12 184
FU 13 20 24
FU 13 21 155
FU 13 22 35
FU 13 24 0
FU 13 26 0
FU 13 31 62
FU 13 32 0
FU 13 36 0
FU 13 37 0
FU 13 40 0
FU 13 41 0
FU 13 44 0
FU 13 45 0
FU 13 47 64
FU 13 48 17
FU 13 50 0
FU 13 52 0
FU 13 53 0
FU 13 58 0
FU 13 59 1
FU 13 60 0
FU 13 61 10
FU 13 64 0
FU 13 66 0
FU 13 69 61
FU 16 4 14
FU 16 5 0
FU 16 11 0
FU 16 25 18
FU 16 26 0
FU 16 33 27
FU 16 44 0
FU 16 45 0
FU 16 49 32
FU 16 55 95
FU 16 62 102
FU 16 63 0
FU 18 2 367
FU 18 5 0
FU 18 7 36
FU 18 20 85
FU 18 22 50
FU 18 25 26
FU 18 26 0
FU 18 27 61
FU 18 29 41
FU 18 30 280
FU 18 33 41
FU 18 35 52
FU 18 39 297
FU 18 42 64
FU 18 43 0
FU 18 45 0
FU 18 46 0
FU 18 48 86
FU 18 49 19
FU 18 52 315
FU 18 54 10
FU 18 55 22
FU 18 56 49
FU 18 57 59
FU 18 59 0
FU 18 60 0
FU 18 61 0
FU 18 63 0
FU 18 65 70
FU 18 66 0
FU 19 5 0
FU 19 20 17
FU 19 39 0
FU 19 42 15
FU 19 45 0
FU 19 46 0
FU 19 48 35
FU 19 52 1
FU 19 54 21
FU 19 57 40
FU 19 61 6
FU 20 2 0
FU 20 5 0
FU 20 6 0
FU 20 8 0
FU 20 13 83
FU 20 19 8
FU 20 22 24
FU 20 23 29
FU 20 24 0
FU 20 30 0
FU 20 42 32
FU 20 46 0
FU 20 48 14
FU 20 54 11
FU 20 68 0
FU 21 8 0
FU 21 10 0
FU 21 13 0
FU 21 36 0
FU 21 40 0
FU 21 47 119
FU 21 50 0
FU 21 53 0
FU 21 58 0
FU 21 64 0
FU 21 69 53
FU 21 70 0
FU 22 24 0
FU 22 29 37
FU 22 42 35
FU 22 46 0
FU 23 5 0
FU 23 20 28
FU 23 39 280
FU 23 42 28
FU 23 45 0
FU 23 46 1
FU 23 48 31
FU 23 52 0
FU 23 54 57
FU 23 57 106
FU 23 59 0
FU 23 60 0
FU 23 61 11
FU 24 2 0
FU 24 7 27
FU 24 8 0
FU 24 9 0
FU 24 10 0
FU 24 12 13
FU 24 13 0
FU 24 20 33
FU 24 22 36
FU 24 30 0
FU 24 32 0
FU 24 34 0
FU 24 36 1
FU 24 38 57
FU 24 39 23
FU 24 40 0
FU 24 42 22
FU 24 46 0
FU 24 47 18
FU 24 48 42
FU 24 50 0
FU 24 54 20
FU 24 58 0
FU 24 59 0
FU 24 60 0
FU 24 61 136
FU 24 64 0
FU 24 65 7
FU 24 66 0
FU 24 69 142
FU 25 3 143
FU 25 4 49
FU 25 5 0
FU 25 11 179
FU 25 16 46
FU 25 18 35
FU 25 26 0
FU 25 27 44
FU 25 28 38
FU 25 29 45
FU 25 31 50
FU 25 33 54
FU 25 35 40
FU 25 43 0
FU 25 45 0
FU 25 49 40
FU 25 55 51
FU 25 56 36
FU 25 62 21
FU 25 63 0
FU 26 3 314
FU 26 4 430
FU 26 5 997
FU 26 9 431
FU 26 11 283
FU 26 13 446
FU 26 16 249
FU 26 18 502
FU 26 25 381
FU 26 27 314
FU 26 28 502
FU 26 29 465
FU 26 31 279
FU 26 33 428
FU 26 35 187
FU 26 43 285
FU 26 44 998
FU 26 45 998
FU 26 49 372
FU 26 55 391
FU 26 56 280
FU 26 62 370
FU 26 63 998
FU 26 0 1000
FU 27 4 17
FU 27 9 104
FU 27 18 38
FU 27 25 46
FU 27 28 26
FU 27 29 41
FU 27 33 77
FU 27 35 39
FU 27 43 55
FU 27 49 40
FU 27 55 16
FU 27 56 58
FU 28 3 71
FU 28 4 29
FU 28 11 162
FU 28 25 13
FU 28 26 0
FU 28 27 27
FU 28 29 48
FU 28 31 44
FU 28 33 51
FU 28 35 26
FU 28 36 473
FU 28 43 0
FU 28 44 0
FU 28 45 0
FU 28 49 18
FU 28 55 95
FU 28 56 62
FU 28 62 70
FU 28 63 0
FU 29 4 6
FU 29 5 0
FU 29 9 239
FU 29 18 68
FU 29 22 74
FU 29 25 20
FU 29 26 0
FU 29 27 35
FU 29 28 58
FU 29 33 35
FU 29 35 30
FU 29 43 210
FU 29 49 47
FU 29 52 239
FU 29 55 27
FU 29 56 138
FU 29 62 76
FU 30 5 0
FU 30 7 15
FU 30 8 289
FU 30 9 0
FU 30 10 0
FU 30 18 0
FU 30 20 37
FU 30 22 58
FU 30 24 0
FU 30 34 0
FU 30 37 0
FU 30 39 0
FU 30 42 13
FU 30 45 0
FU 30 46 0
FU 30 48 51
FU 30 52 0
FU 30 54 69
FU 30 57 4
FU 30 59 0
FU 30 60 0
FU 30 61 33
FU 30 65 2
FU 30 66 0
FU 31 5 0
FU 31 13 147
FU 31 25 19
FU 31 26 0
FU 31 28 90
FU 32 7 20
FU 32 8 0
FU 32 9 0
FU 32 10 0
FU 32 12 2
FU 32 13 0
FU 32 24 0
FU 32 34 0
FU 32 37 0
FU 32 38 50
FU 32 40 0
FU 32 41 0
FU 32 47 6
FU 32 53 0
FU 32 59 0
FU 32 61 24
FU 32 64 0
FU 33 4 46
FU 33 5 0
FU 33 9 129
FU 33 16 68
FU 33 18 106
FU 33 22 25
FU 33 25 79
FU 33 26 0
FU 33 27 28
FU 33 28 20
FU 33 29 8
FU 33 35 38
FU 33 43 56
FU 33 45 0
FU 33 49 28
FU 33 52 0
FU 33 55 94
FU 33 56 32
FU 33 62 118
FU 33 63 0
FU 34 9 0
FU 34 20 30
FU 34 24 0
FU 34 30 0
FU 34 32 0
FU 34 37 0
FU 34 38 5
FU 34 39 1
FU 34 40 0
FU 34 42 16
FU 34 46 0
FU 34 47 1
FU 34 48 4
FU 34 52 0
FU 34 54 19
FU 34 57 17
FU 34 59 0
FU 34 60 0
FU 34 61 1
FU 34 66 0
FU 35 18 32
FU 35 25 44
FU 35 27 50
FU 35 28 21
FU 35 29 18
FU 35 33 26
FU 35 49 21
FU 35 54 13
FU 35 55 18
FU 35 56 44
FU 36 5 0
FU 36 7 22
FU 36 8 0
FU 36 9 0
FU 36 10 0
FU 36 12 2
FU 36 13 0
FU 36 21 11
FU 36 22 10
FU 36 24 0
FU 36 28 0
FU 36 31 64
FU 36 37 0
FU 36 41 0
FU 36 44 0
FU 36 45 0
FU 36 48 30
FU 36 50 0
FU 36 58 0
FU 36 59 0
FU 36 60 0
FU 36 64 0
FU 36 66 0
FU 36 69 33
FU 36 70 0
FU 37 7 23
FU 37 8 0
FU 37 9 0
FU 37 10 0
FU 37 13 0
FU 37 20 40
FU 37 30 0
FU 37 32 0
FU 37 34 0
FU 37 36 0
FU 37 38 19
FU 37 39 0
FU 37 40 0
FU 37 42 17
FU 37 46 0
FU 37 47 3
FU 37 48 40
FU 37 50 0
FU 37 54 39
FU 37 57 3
FU 37 58 0
FU 37 59 0
FU 37 60 0
FU 37 61 75
FU 37 64 0
FU 37 66 0
FU 38 59 462
FU 39 2 0
FU 39 6 0
FU 39 19 35
FU 39 23 3
FU 39 24 0
FU 39 30 0
FU 39 37 998
FU 39 42 28
FU 39 46 0
FU 39 48 19
FU 39 54 20
FU 39 68 0
FU 40 7 28
FU 40 8 0
FU 40 9 0
FU 40 10 0
FU 40 12 5
FU 40 13 0
FU 40 21 2
FU 40 24 0
FU 40 32 0
FU 40 34 0
FU 40 37 0
FU 40 38 19
FU 40 41 0
FU 40 47 2
FU 40 48 29
FU 40 50 0
FU 40 53 0
FU 40 58 0
FU 40 59 0
FU 40 60 0
FU 40 61 99
FU 40 64 0
FU 40 66 0
FU 41 5 0
FU 41 8 0
FU 41 10 0
FU 41 13 0
FU 41 20 45
FU 41 32 0
FU 41 36 0
FU 41 38 8
FU 41 39 0
FU 41 40 0
FU 41 42 26
FU 41 46 0
FU 41 47 5
FU 41 48 19
FU 41 50 0
FU 41 52 0
FU 41 54 17
FU 41 57 2
FU 41 58 0
FU 41 59 0
FU 41 60 0
FU 41 61 107
FU 41 64 0
FU 41 65 5
FU 41 66 0
FU 42 1 70
FU 42 2 1
FU 42 6 0
FU 42 19 52
FU 42 20 71
FU 42 22 37
FU 42 23 55
FU 42 24 0
FU 42 30 0
FU 42 39 0
FU 42 45 0
FU 42 46 0
FU 42 48 5
FU 42 52 3
FU 42 54 70
FU 42 59 0
FU 42 68 0
FU 43 4 34
FU 43 9 0
FU 43 18 0
FU 43 25 0
FU 43 26 0
FU 43 27 42
FU 43 28 0
FU 43 29 31
FU 43 33 0
FU 43 35 26
FU 43 49 14
FU 43 55 31
FU 43 56 79
FU 43 63 0
FU 44 5 0
FU 44 7 19
FU 44 8 216
FU 44 9 94
FU 44 10 494
FU 44 13 136
FU 44 16 77
FU 44 22 36
FU 44 26 0
FU 44 28 67
FU 44 36 510
FU 44 45 0
FU 44 48 31
FU 44 50 998
FU 44 52 176
FU 44 58 0
FU 44 59 513
FU 44 60 997
FU 44 64 0
FU 44 69 66
FU 44 70 496
FU 45 1 95
FU 45 2 0
FU 45 3 121
FU 45 5 0
FU 45 6 363
FU 45 9 0
FU 45 10 494
FU 45 11 0
FU 45 13 0
FU 45 16 0
FU 45 18 0
FU 45 19 11
FU 45 20 35
FU 45 22 35
FU 45 23 186
FU 45 25 0
FU 45 26 0
FU 45 28 0
FU 45 29 19
FU 45 30 176
FU 45 31 92
FU 45 33 0
FU 45 35 111
FU 45 36 0
FU 45 42 7
FU 45 44 0
FU 45 46 990
FU 45 48 49
FU 45 49 45
FU 45 52 0
FU 45 54 48
FU 45 57 62
FU 45 58 992
FU 45 59 0
FU 45 60 0
FU 45 64 992
FU 45 65 127
FU 45 66 324
FU 45 68 344
FU 46 1 45
FU 46 2 333
FU 46 6 363
FU 46 7 20
FU 46 9 0
FU 46 18 0
FU 46 19 79
FU 46 20 42
FU 46 22 33
FU 46 23 20
FU 46 24 981
FU 46 30 231
FU 46 34 0
FU 46 37 0
FU 46 39 385
FU 46 41 0
FU 46 42 28
FU 46 45 0
FU 46 48 18
FU 46 52 0
FU 46 54 28
FU 46 57 124
FU 46 59 0
FU 46 60 0
FU 46 61 30
FU 46 65 10
FU 46 66 0
FU 46 68 370
FU 47 7 36
FU 47 8 0
FU 47 9 0
FU 47 10 0
FU 47 12 127
FU 47 13 0
FU 47 21 102
FU 47 24 0
FU 47 32 0
FU 47 34 0
FU 47 37 0
FU 47 38 36
FU 47 40 0
FU 47 41 0
FU 47 59 0
FU 47 61 1
FU 48 40 0
FU 49 4 14
FU 49 5 0
FU 49 16 156
FU 49 18 42
FU 49 25 33
FU 49 26 0
FU 49 27 139
FU 49 28 22
FU 49 29 25
FU 49 33 49
FU 49 35 30
FU 49 43 19
FU 49 45 0
FU 49 55 47
FU 49 56 140
FU 49 62 41
FU 50 1 38
FU 50 8 0
FU 50 9 0
FU 50 10 0
FU 50 12 5
FU 50 13 0
FU 50 21 4
FU 50 22 12
FU 50 24 0
FU 50 36 0
FU 50 37 0
FU 50 40 0
FU 50 41 0
FU 50 44 0
FU 50 58 0
FU 50 59 0
FU 50 64 0
FU 50 69 116
FU 50 70 0
FU 52 1 110
FU 52 2 0
FU 52 5 0
FU 52 6 0
FU 52 7 13
FU 52 8 0
FU 52 9 0
FU 52 10 0
FU 52 13 0
FU 52 18 0
FU 52 19 34
FU 52 22 34
FU 52 23 29
FU 52 29 11
FU 52 30 0
FU 52 33 0
FU 52 34 993
FU 52 35 65
FU 52 39 0
FU 52 41 0
FU 52 42 44
FU 52 44 0
FU 52 45 0
FU 52 46 0
FU 52 48 17
FU 52 54 23
FU 52 57 3
FU 52 59 0
FU 52 60 0
FU 52 61 22
FU 52 65 2
FU 52 66 0
FU 52 68 0
FU 53 8 0
FU 53 12 2
FU 53 13 0
FU 53 21 11
FU 53 32 0
FU 53 40 0
FU 53 58 0
FU 54 2 0
FU 54 5 0
FU 54 6 0
FU 54 7 45
FU 54 18 0
FU 54 19 109
FU 54 20 54
FU 54 22 32
FU 54 23 64
FU 54 24 0
FU 54 30 0
FU 54 35 36
FU 54 37 0
FU 54 39 0
FU 54 42 94
FU 54 45 0
FU 54 46 0
FU 54 48 54
FU 54 52 0
FU 54 68 0
FU 55 4 43
FU 55 16 134
FU 55 18 86
FU 55 25 55
FU 55 26 0
FU 55 27 30
FU 55 28 26
FU 55 29 16
FU 55 33 68
FU 55 35 38
FU 55 43 96
FU 55 49 22
FU 55 56 37
FU 55 63 0
FU 56 4 13
FU 56 18 24
FU 56 25 28
FU 56 26 0
FU 56 27 13
FU 56 28 30
FU 56 29 23
FU 56 33 15
FU 56 35 53
FU 56 43 92
FU 56 49 98
FU 56 55 33
FU 56 63 0
FU 57 1 55
FU 57 2 0
FU 57 5 0
FU 57 6 0
FU 57 7 47
FU 57 9 0
FU 57 18 0
FU 57 19 44
FU 57 22 63
FU 57 23 32
FU 57 30 0
FU 57 34 0
FU 57 35 25
FU 57 37 0
FU 57 39 0
FU 57 41 0
FU 57 42 37
FU 57 45 0
FU 57 46 0
FU 57 48 32
FU 57 52 0
FU 57 54 16
FU 57 59 0
FU 57 60 0
FU 57 61 2
FU 57 65 206
FU 57 66 0
FU 57 68 0
FU 58 1 120
FU 58 5 0
FU 58 8 190
FU 58 10 0
FU 58 12 158
FU 58 13 0
FU 58 21 131
FU 58 24 0
FU 58 38 427
FU 58 40 0
FU 58 44 0
FU 58 45 0
FU 58 50 0
FU 58 53 998
FU 58 64 1
FU 59 1 60
FU 59 2 0
FU 59 5 0
FU 59 6 0
FU 59 7 37
FU 59 8 0
FU 59 9 0
FU 59 10 0
FU 59 13 0
FU 59 18 0
FU 59 19 89
FU 59 20 10
FU 59 22 23
FU 59 23 76
FU 59 24 0
FU 59 30 0
FU 59 32 0
FU 59 34 0
FU 59 36 4
FU 59 37 0
FU 59 38 14
FU 59 39 0
FU 59 40 0
FU 59 41 0
FU 59 42 17
FU 59 44 0
FU 59 45 0
FU 59 46 0
FU 59 47 7
FU 59 48 9
FU 59 50 0
FU 59 52 0
FU 59 54 24
FU 59 57 6
FU 59 58 0
FU 59 60 0
FU 59 61 3
FU 59 64 0
FU 59 65 2
FU 59 66 0
FU 59 68 0
FU 60 1 36
FU 60 2 0
FU 60 5 0
FU 60 6 0
FU 60 7 60
FU 60 8 0
FU 60 9 0
FU 60 10 0
FU 60 13 0
FU 60 18 0
FU 60 19 101
FU 60 20 18
FU 60 22 16
FU 60 23 81
FU 60 24 0
FU 60 30 0
FU 60 34 0
FU 60 36 0
FU 60 37 0
FU 60 39 0
FU 60 40 0
FU 60 41 0
FU 60 42 7
FU 60 44 0
FU 60 45 0
FU 60 46 0
FU 60 48 34
FU 60 52 0
FU 60 54 13
FU 60 57 14
FU 60 58 0
FU 60 59 0
FU 60 61 53
FU 60 64 0
FU 60 65 4
FU 60 66 0
FU 60 68 0
FU 61 2 1
FU 61 5 0
FU 61 6 2
FU 61 7 47
FU 61 8 1
FU 61 13 26
FU 61 18 0
FU 61 19 51
FU 61 20 31
FU 61 22 68
FU 61 23 14
FU 61 24 0
FU 61 30 0
FU 61 32 0
FU 61 37 0
FU 61 38 70
FU 61 39 0
FU 61 40 55
FU 61 41 0
FU 61 42 36
FU 61 46 1
FU 61 47 10
FU 61 48 36
FU 61 52 1
FU 61 54 31
FU 61 57 5
FU 61 59 1
FU 61 60 0
FU 61 68 0
FU 62 3 76
FU 62 4 44
FU 62 11 169
FU 62 16 152
FU 62 25 33
FU 62 26 0
FU 62 28 54
FU 62 29 37
FU 62 31 24
FU 62 33 89
FU 62 49 36
FU 63 4 81
FU 63 16 0
FU 63 18 0
FU 63 25 0
FU 63 26 0
FU 63 27 73
FU 63 28 0
FU 63 29 53
FU 63 33 0
FU 63 35 71
FU 63 43 0
FU 63 49 47
FU 63 55 0
FU 63 56 0
FU 64 1 66
FU 64 5 0
FU 64 7 44
FU 64 8 2
FU 64 10 1
FU 64 21 196
FU 64 22 23
FU 64 32 998
FU 64 38 5
FU 64 40 0
FU 64 41 0
FU 64 44 0
FU 64 45 0
FU 64 48 28
FU 64 50 0
FU 64 58 0
FU 64 59 3
FU 64 66 312
FU 64 69 104
FU 64 70 0
FU 65 1 18
FU 65 2 0
FU 65 5 0
FU 65 6 0
FU 65 7 43
FU 65 9 0
FU 65 18 0
FU 65 19 29
FU 65 20 22
FU 65 22 24
FU 65 23 25
FU 65 24 0
FU 65 30 0
FU 65 35 18
FU 65 39 0
FU 65 41 0
FU 65 42 16
FU 65 45 0
FU 65 46 0
FU 65 48 29
FU 65 52 0
FU 65 54 23
FU 65 57 23
FU 65 59 0
FU 65 60 0
FU 65 61 1
FU 65 66 0
FU 65 68 0
FU 66 1 14
FU 66 2 0
FU 66 5 0
FU 66 6 0
FU 66 7 29
FU 66 8 0
FU 66 9 0
FU 66 10 0
FU 66 13 0
FU 66 18 0
FU 66 19 61
FU 66 20 12
FU 66 22 32
FU 66 23 18
FU 66 24 0
FU 66 30 0
FU 66 34 0
FU 66 36 0
FU 66 37 0
FU 66 39 1
FU 66 40 936
FU 66 41 0
FU 66 42 37
FU 66 45 0
FU 66 46 0
FU 66 48 55
FU 66 52 0
FU 66 54 19
FU 66 57 0
FU 66 59 0
FU 66 60 0
FU 66 61 51
FU 66 64 0
FU 66 65 8
FU 66 68 0
FU 68 5 0
FU 68 20 49
FU 68 39 0
FU 68 42 18
FU 68 45 0
FU 68 46 0
FU 68 48 5
FU 68 52 0
FU 68 54 18
FU 68 57 1
FU 68 59 0
FU 68 60 0
FU 68 61 8
FU 68 65 9
FU 68 66 0
FU 69 70 0
FU 70 5 0
FU 70 8 0
FU 70 10 0
FU 70 12 1
FU 70 21 3
FU 70 36 0
FU 70 44 0
FU 70 50 0
FU 70 64 0
FU 70 69 60
