Nodes: 61
Arcs: 1812
MVE: 9
MAE: 412
SAE: 56068
Terminals_rem: 0
Nodes_rem: 13
Arcs_rem: 823
First LB: 2
LB: 2
Iter. LB: 0
First UB: 27
UB: 15
Iter. UB: 106
gap: 86.6667
BM. Time: 0
Runtime: 187
FL 0 34 3
FL 0 27 0
FL 0 53 4
FL 0 47 426
FL 0 36 3
FL 0 16 0
FL 0 21 5
FL 0 39 1
FL 0 48 0
FL 0 1 10
FL 0 13 1
FL 0 11 6
FL 0 58 0
FL 0 3 14
FL 0 50 0
FL 0 35 4
FL 0 23 0
FL 0 33 4
FL 0 9 4
FL 0 2 0
FL 0 57 3
FL 0 17 1
FL 0 49 6
FL 0 46 6
FL 0 8 7
FL 0 12 0
FL 0 41 2
FL 0 38 3
FL 0 59 11
FL 0 30 2
FL 0 51 9
FL 0 4 7
FL 0 55 402
FL 0 42 8
FL 0 26 13
FL 0 5 999
FL 0 6 998
FL 0 7 998
FL 0 10 31
FL 0 14 999
FL 0 15 999
FL 0 18 20
FL 0 19 84
FL 0 20 56
FL 0 22 121
FL 0 24 998
FL 0 25 998
FL 0 28 999
FL 0 29 999
FL 0 31 22
FL 0 32 91
FL 0 37 998
FL 0 40 0
FL 0 43 999
FL 0 44 57
FL 0 45 999
FL 0 52 0
FL 0 54 999
FL 0 56 38
FL 1 3 0
FL 1 4 0
FL 1 8 0
FL 1 9 0
FL 1 11 0
FL 1 12 0
FL 1 13 0
FL 1 16 0
FL 1 17 0
FL 1 18 3
FL 1 19 46
FL 1 20 61
FL 1 21 0
FL 1 22 52
FL 1 23 0
FL 1 26 0
FL 1 30 0
FL 1 31 72
FL 1 33 0
FL 1 34 0
FL 1 35 0
FL 1 36 0
FL 1 39 0
FL 1 40 0
FL 1 41 0
FL 1 42 0
FL 1 46 0
FL 1 47 5
FL 1 49 0
FL 1 51 0
FL 1 52 0
FL 1 53 0
FL 1 55 7
FL 1 56 15
FL 1 59 0
FL 2 10 97
FL 2 11 3
FL 2 12 2
FL 2 13 3
FL 2 16 0
FL 2 17 3
FL 2 23 0
FL 2 27 0
FL 2 30 6
FL 2 31 64
FL 2 32 76
FL 2 40 1
FL 2 41 8
FL 2 44 50
FL 2 48 0
FL 2 50 0
FL 2 52 1
FL 2 57 10
FL 2 58 0
FL 2 60 0
FL 3 1 0
FL 3 4 0
FL 3 8 0
FL 3 9 0
FL 3 11 0
FL 3 12 0
FL 3 13 0
FL 3 16 0
FL 3 17 0
FL 3 18 1
FL 3 19 86
FL 3 20 81
FL 3 21 0
FL 3 22 30
FL 3 26 0
FL 3 30 0
FL 3 31 23
FL 3 33 0
FL 3 34 0
FL 3 35 0
FL 3 36 0
FL 3 39 0
FL 3 40 0
FL 3 41 0
FL 3 42 0
FL 3 46 0
FL 3 47 4
FL 3 49 0
FL 3 51 0
FL 3 52 0
FL 3 53 0
FL 3 55 3
FL 3 56 53
FL 3 59 0
FL 4 1 0
FL 4 3 0
FL 4 8 0
FL 4 9 0
FL 4 10 41
FL 4 11 0
FL 4 12 0
FL 4 13 0
FL 4 17 0
FL 4 18 2
FL 4 22 48
FL 4 23 0
FL 4 26 0
FL 4 30 0
FL 4 31 12
FL 4 33 0
FL 4 35 0
FL 4 36 0
FL 4 38 0
FL 4 39 0
FL 4 40 0
FL 4 41 0
FL 4 42 0
FL 4 46 0
FL 4 49 0
FL 4 51 0
FL 4 52 0
FL 4 53 0
FL 4 56 40
FL 4 59 0
FL 8 1 0
FL 8 3 0
FL 8 4 0
FL 8 9 0
FL 8 10 63
FL 8 11 0
FL 8 12 0
FL 8 13 0
FL 8 16 0
FL 8 17 0
FL 8 18 1
FL 8 19 63
FL 8 20 30
FL 8 21 0
FL 8 22 82
FL 8 23 0
FL 8 26 0
FL 8 27 0
FL 8 30 0
FL 8 31 40
FL 8 33 0
FL 8 34 0
FL 8 35 0
FL 8 36 0
FL 8 39 0
FL 8 40 0
FL 8 41 0
FL 8 42 0
FL 8 44 84
FL 8 46 0
FL 8 49 0
FL 8 51 0
FL 8 52 0
FL 8 53 0
FL 8 56 27
FL 8 57 0
FL 8 59 0
FL 9 1 0
FL 9 3 0
FL 9 4 0
FL 9 8 0
FL 9 10 27
FL 9 11 0
FL 9 12 0
FL 9 13 0
FL 9 23 0
FL 9 26 0
FL 9 30 0
FL 9 31 2
FL 9 34 0
FL 9 35 0
FL 9 36 0
FL 9 38 0
FL 9 40 0
FL 9 41 0
FL 9 44 44
FL 9 46 0
FL 9 49 0
FL 9 51 0
FL 9 52 0
FL 9 53 0
FL 9 56 25
FL 9 59 0
FL 10 4 0
FL 10 9 0
FL 10 18 0
FL 10 22 49
FL 10 27 0
FL 10 30 0
FL 10 50 0
FL 10 52 0
FL 10 56 47
FL 10 57 0
FL 11 1 0
FL 11 2 0
FL 11 3 0
FL 11 4 0
FL 11 8 0
FL 11 9 0
FL 11 10 31
FL 11 12 0
FL 11 13 0
FL 11 16 0
FL 11 17 0
FL 11 19 67
FL 11 20 96
FL 11 21 0
FL 11 23 0
FL 11 26 0
FL 11 27 0
FL 11 30 0
FL 11 32 110
FL 11 34 0
FL 11 40 0
FL 11 41 0
FL 11 42 0
FL 11 47 2
FL 11 51 0
FL 11 52 0
FL 11 55 2
FL 11 59 0
FL 12 1 3
FL 12 2 0
FL 12 3 4
FL 12 4 2
FL 12 8 2
FL 12 9 3
FL 12 10 36
FL 12 11 1
FL 12 13 1
FL 12 16 0
FL 12 17 2
FL 12 18 5
FL 12 19 56
FL 12 20 62
FL 12 22 71
FL 12 23 0
FL 12 26 3
FL 12 27 0
FL 12 30 3
FL 12 31 87
FL 12 32 85
FL 12 33 3
FL 12 34 0
FL 12 36 1
FL 12 40 0
FL 12 41 3
FL 12 42 497
FL 12 44 58
FL 12 48 0
FL 12 50 0
FL 12 51 3
FL 12 52 0
FL 12 53 2
FL 12 56 8
FL 12 57 1
FL 12 58 0
FL 12 59 5
FL 12 60 0
FL 13 1 0
FL 13 2 0
FL 13 3 0
FL 13 4 0
FL 13 8 0
FL 13 9 0
FL 13 10 21
FL 13 11 0
FL 13 12 0
FL 13 16 0
FL 13 17 0
FL 13 18 0
FL 13 19 44
FL 13 20 56
FL 13 21 0
FL 13 22 16
FL 13 23 0
FL 13 26 0
FL 13 27 0
FL 13 30 0
FL 13 31 76
FL 13 32 70
FL 13 33 0
FL 13 34 0
FL 13 36 0
FL 13 39 0
FL 13 40 0
FL 13 41 0
FL 13 42 0
FL 13 44 37
FL 13 46 0
FL 13 48 0
FL 13 49 0
FL 13 50 0
FL 13 51 0
FL 13 52 0
FL 13 53 0
FL 13 56 16
FL 13 57 0
FL 13 58 0
FL 13 59 0
FL 13 60 0
FL 16 1 0
FL 16 2 325
FL 16 3 0
FL 16 8 0
FL 16 11 0
FL 16 12 167
FL 16 13 0
FL 16 17 0
FL 16 19 58
FL 16 20 24
FL 16 21 0
FL 16 23 0
FL 16 26 0
FL 16 27 1
FL 16 30 0
FL 16 32 62
FL 16 34 0
FL 16 40 0
FL 16 42 0
FL 16 47 270
FL 16 48 0
FL 16 50 325
FL 16 52 0
FL 16 55 108
FL 16 58 0
FL 16 59 0
FL 16 60 0
FL 17 1 0
FL 17 2 0
FL 17 3 0
FL 17 4 0
FL 17 8 0
FL 17 10 11
FL 17 11 0
FL 17 12 0
FL 17 13 0
FL 17 16 0
FL 17 23 0
FL 17 26 0
FL 17 30 0
FL 17 31 23
FL 17 34 0
FL 17 35 0
FL 17 36 0
FL 17 38 999
FL 17 40 0
FL 17 41 0
FL 17 44 56
FL 17 46 0
FL 17 49 0
FL 17 51 0
FL 17 52 0
FL 17 53 0
FL 17 56 30
FL 17 57 0
FL 17 59 0
FL 18 1 505
FL 18 3 999
FL 18 4 508
FL 18 10 27
FL 18 13 999
FL 18 26 505
FL 18 30 2
FL 18 35 503
FL 18 36 999
FL 18 40 0
FL 18 41 506
FL 18 44 53
FL 18 46 999
FL 18 52 0
FL 18 53 504
FL 18 56 13
FL 19 8 1
FL 19 12 0
FL 19 27 0
FL 19 30 1
FL 20 30 1
FL 21 1 0
FL 21 3 0
FL 21 8 0
FL 21 11 0
FL 21 13 0
FL 21 16 0
FL 21 23 0
FL 21 26 0
FL 21 30 999
FL 21 34 0
FL 21 40 0
FL 21 41 0
FL 21 47 1
FL 21 52 0
FL 21 55 2
FL 21 59 0
FL 22 4 1
FL 22 10 32
FL 22 26 1
FL 22 30 0
FL 22 35 0
FL 22 36 0
FL 22 40 0
FL 22 41 2
FL 22 52 0
FL 22 53 1
FL 22 56 51
FL 23 1 0
FL 23 2 0
FL 23 4 0
FL 23 8 0
FL 23 9 0
FL 23 10 25
FL 23 11 0
FL 23 12 0
FL 23 13 0
FL 23 16 0
FL 23 17 0
FL 23 18 0
FL 23 19 58
FL 23 20 61
FL 23 21 0
FL 23 22 19
FL 23 26 0
FL 23 27 0
FL 23 30 0
FL 23 31 31
FL 23 32 31
FL 23 33 0
FL 23 34 0
FL 23 40 0
FL 23 41 0
FL 23 42 0
FL 23 44 12
FL 23 48 0
FL 23 50 0
FL 23 51 0
FL 23 52 0
FL 23 53 0
FL 23 55 243
FL 23 56 87
FL 23 58 0
FL 23 59 0
FL 23 60 0
FL 26 1 0
FL 26 3 0
FL 26 4 0
FL 26 8 0
FL 26 9 1
FL 26 10 47
FL 26 11 0
FL 26 12 0
FL 26 13 0
FL 26 16 0
FL 26 17 0
FL 26 18 3
FL 26 19 71
FL 26 20 43
FL 26 21 0
FL 26 22 48
FL 26 23 0
FL 26 27 0
FL 26 30 0
FL 26 31 41
FL 26 32 86
FL 26 33 1
FL 26 34 0
FL 26 35 0
FL 26 36 0
FL 26 38 2
FL 26 39 0
FL 26 40 0
FL 26 41 2
FL 26 42 0
FL 26 44 8
FL 26 46 1
FL 26 49 0
FL 26 51 1
FL 26 52 0
FL 26 53 0
FL 26 56 74
FL 26 57 0
FL 26 59 2
FL 27 2 0
FL 27 8 1
FL 27 10 10
FL 27 11 999
FL 27 12 0
FL 27 13 0
FL 27 16 289
FL 27 19 41
FL 27 23 0
FL 27 26 1
FL 27 30 1
FL 27 31 12
FL 27 32 36
FL 27 40 0
FL 27 41 2
FL 27 44 64
FL 27 48 0
FL 27 50 264
FL 27 51 999
FL 27 52 0
FL 27 57 999
FL 27 58 0
FL 27 60 0
FL 30 1 0
FL 30 2 0
FL 30 3 0
FL 30 4 0
FL 30 8 0
FL 30 9 0
FL 30 10 41
FL 30 11 0
FL 30 12 0
FL 30 13 0
FL 30 16 0
FL 30 17 0
FL 30 18 0
FL 30 19 60
FL 30 20 89
FL 30 21 0
FL 30 22 24
FL 30 23 0
FL 30 26 0
FL 30 27 0
FL 30 31 39
FL 30 32 61
FL 30 33 0
FL 30 35 509
FL 30 36 0
FL 30 39 999
FL 30 40 0
FL 30 41 0
FL 30 44 46
FL 30 46 0
FL 30 49 998
FL 30 51 0
FL 30 52 0
FL 30 53 0
FL 30 56 33
FL 30 57 0
FL 30 59 0
FL 31 46 0
FL 31 49 0
FL 32 30 0
FL 33 1 0
FL 33 3 0
FL 33 4 0
FL 33 8 0
FL 33 10 23
FL 33 12 0
FL 33 13 0
FL 33 23 0
FL 33 26 0
FL 33 30 0
FL 33 31 25
FL 33 35 0
FL 33 36 0
FL 33 38 0
FL 33 40 0
FL 33 41 0
FL 33 44 49
FL 33 46 0
FL 33 49 0
FL 33 51 0
FL 33 53 0
FL 33 56 46
FL 33 59 0
FL 34 1 0
FL 34 3 0
FL 34 8 0
FL 34 9 0
FL 34 11 0
FL 34 12 0
FL 34 13 0
FL 34 16 0
FL 34 17 0
FL 34 19 40
FL 34 20 93
FL 34 21 0
FL 34 23 0
FL 34 26 0
FL 34 40 0
FL 34 41 0
FL 34 42 0
FL 34 47 1
FL 34 52 0
FL 34 55 1
FL 34 59 0
FL 35 1 0
FL 35 3 0
FL 35 4 0
FL 35 8 0
FL 35 9 0
FL 35 17 0
FL 35 18 2
FL 35 22 46
FL 35 26 1
FL 35 30 1
FL 35 33 1
FL 35 36 1
FL 35 38 1
FL 35 39 1
FL 35 46 1
FL 35 49 1
FL 35 51 1
FL 35 53 1
FL 35 56 27
FL 35 59 1
FL 36 1 1
FL 36 3 1
FL 36 4 1
FL 36 8 1
FL 36 9 1
FL 36 12 1
FL 36 13 1
FL 36 17 1
FL 36 18 2
FL 36 22 6
FL 36 26 1
FL 36 30 0
FL 36 31 35
FL 36 33 0
FL 36 35 0
FL 36 38 0
FL 36 39 0
FL 36 41 0
FL 36 42 1
FL 36 46 1
FL 36 49 1
FL 36 51 1
FL 36 53 1
FL 36 56 37
FL 36 59 1
FL 38 4 1
FL 38 9 1
FL 38 17 1
FL 38 18 2
FL 38 22 56
FL 38 26 1
FL 38 33 1
FL 38 35 1
FL 38 36 1
FL 38 39 1
FL 38 46 1
FL 38 49 1
FL 38 51 1
FL 38 53 1
FL 38 56 23
FL 38 59 999
FL 39 1 1
FL 39 3 1
FL 39 4 1
FL 39 8 1
FL 39 13 1
FL 39 26 1
FL 39 30 1
FL 39 35 1
FL 39 36 1
FL 39 38 1
FL 39 46 1
FL 39 49 0
FL 39 51 0
FL 39 53 0
FL 39 56 21
FL 39 59 0
FL 40 1 506
FL 40 4 506
FL 40 8 999
FL 40 9 999
FL 40 17 999
FL 40 18 0
FL 40 21 999
FL 40 22 23
FL 40 26 507
FL 40 33 999
FL 40 34 999
FL 40 41 507
FL 40 42 516
FL 40 53 506
FL 40 56 23
FL 40 57 0
FL 40 60 0
FL 41 1 0
FL 41 2 0
FL 41 3 0
FL 41 4 0
FL 41 8 0
FL 41 9 0
FL 41 10 38
FL 41 11 0
FL 41 12 0
FL 41 13 0
FL 41 17 0
FL 41 18 1
FL 41 19 48
FL 41 20 98
FL 41 21 0
FL 41 22 65
FL 41 23 0
FL 41 26 0
FL 41 27 0
FL 41 30 0
FL 41 31 23
FL 41 32 35
FL 41 33 0
FL 41 34 0
FL 41 36 0
FL 41 40 0
FL 41 42 0
FL 41 44 86
FL 41 48 0
FL 41 49 0
FL 41 50 0
FL 41 51 0
FL 41 52 0
FL 41 53 0
FL 41 56 18
FL 41 57 0
FL 41 58 0
FL 42 1 0
FL 42 3 0
FL 42 4 0
FL 42 8 0
FL 42 11 0
FL 42 12 329
FL 42 13 0
FL 42 16 0
FL 42 23 0
FL 42 26 0
FL 42 34 0
FL 42 36 0
FL 42 40 0
FL 42 41 1
FL 42 46 1
FL 42 47 4
FL 42 49 1
FL 42 51 0
FL 42 52 0
FL 42 55 5
FL 42 59 1
FL 44 52 0
FL 44 53 0
FL 46 1 0
FL 46 3 0
FL 46 4 0
FL 46 8 0
FL 46 9 0
FL 46 13 0
FL 46 17 0
FL 46 18 2
FL 46 22 35
FL 46 26 0
FL 46 30 0
FL 46 31 54
FL 46 33 0
FL 46 35 0
FL 46 36 0
FL 46 38 0
FL 46 39 0
FL 46 42 0
FL 46 49 0
FL 46 51 0
FL 46 53 0
FL 46 56 33
FL 46 59 0
FL 47 1 0
FL 47 3 0
FL 47 11 0
FL 47 16 0
FL 47 19 48
FL 47 20 34
FL 47 21 0
FL 47 34 0
FL 47 42 0
FL 47 55 215
FL 48 2 0
FL 48 10 36
FL 48 12 0
FL 48 13 0
FL 48 16 0
FL 48 23 0
FL 48 27 0
FL 48 32 57
FL 48 40 0
FL 48 41 0
FL 48 44 67
FL 48 50 0
FL 48 58 0
FL 48 60 0
FL 49 1 0
FL 49 3 0
FL 49 4 0
FL 49 8 0
FL 49 9 0
FL 49 13 0
FL 49 17 0
FL 49 18 2
FL 49 22 19
FL 49 26 0
FL 49 30 0
FL 49 31 35
FL 49 33 0
FL 49 35 0
FL 49 36 0
FL 49 38 0
FL 49 39 0
FL 49 41 0
FL 49 42 0
FL 49 46 0
FL 49 51 0
FL 49 53 0
FL 49 56 54
FL 49 59 0
FL 50 2 0
FL 50 10 42
FL 50 12 0
FL 50 13 0
FL 50 16 217
FL 50 23 0
FL 50 27 0
FL 50 31 36
FL 50 32 31
FL 50 40 0
FL 50 41 0
FL 50 44 12
FL 50 48 0
FL 50 58 0
FL 50 60 0
FL 51 1 0
FL 51 3 0
FL 51 4 0
FL 51 8 0
FL 51 9 0
FL 51 10 28
FL 51 11 0
FL 51 12 0
FL 51 13 0
FL 51 17 0
FL 51 18 1
FL 51 22 16
FL 51 23 0
FL 51 26 0
FL 51 27 0
FL 51 30 0
FL 51 31 52
FL 51 33 1
FL 51 35 0
FL 51 36 0
FL 51 38 0
FL 51 39 0
FL 51 40 0
FL 51 41 0
FL 51 42 0
FL 51 44 17
FL 51 46 0
FL 51 49 0
FL 51 52 0
FL 51 53 0
FL 51 56 18
FL 51 59 0
FL 52 2 304
FL 52 10 7
FL 52 18 999
FL 52 22 35
FL 52 30 0
FL 52 31 24
FL 52 44 53
FL 52 58 505
FL 52 60 0
FL 53 1 0
FL 53 3 0
FL 53 4 0
FL 53 8 0
FL 53 9 0
FL 53 10 31
FL 53 12 0
FL 53 13 0
FL 53 17 0
FL 53 18 1
FL 53 22 54
FL 53 23 0
FL 53 26 0
FL 53 30 0
FL 53 31 35
FL 53 33 0
FL 53 35 0
FL 53 36 0
FL 53 38 0
FL 53 39 0
FL 53 40 0
FL 53 41 0
FL 53 44 34
FL 53 46 0
FL 53 49 0
FL 53 51 0
FL 53 56 23
FL 53 59 0
FL 55 1 0
FL 55 3 0
FL 55 11 0
FL 55 16 0
FL 55 19 54
FL 55 20 37
FL 55 21 0
FL 55 23 0
FL 55 34 0
FL 55 42 0
FL 55 47 288
FL 55 52 0
FL 56 10 58
FL 56 40 0
FL 56 41 2
FL 57 2 0
FL 57 8 3
FL 57 10 64
FL 57 12 0
FL 57 13 0
FL 57 17 0
FL 57 26 3
FL 57 27 0
FL 57 30 1
FL 57 31 26
FL 57 40 0
FL 57 41 2
FL 57 44 68
FL 58 2 0
FL 58 12 0
FL 58 13 0
FL 58 16 0
FL 58 23 0
FL 58 27 0
FL 58 32 80
FL 58 40 0
FL 58 41 0
FL 58 48 0
FL 58 50 0
FL 58 52 0
FL 58 60 0
FL 59 1 0
FL 59 3 0
FL 59 4 0
FL 59 8 0
FL 59 9 0
FL 59 10 58
FL 59 11 0
FL 59 12 0
FL 59 13 0
FL 59 16 0
FL 59 17 0
FL 59 18 1
FL 59 19 42
FL 59 20 47
FL 59 21 0
FL 59 22 33
FL 59 23 0
FL 59 26 0
FL 59 30 0
FL 59 31 34
FL 59 33 0
FL 59 34 0
FL 59 35 0
FL 59 36 0
FL 59 38 0
FL 59 39 0
FL 59 40 0
FL 59 42 0
FL 59 46 0
FL 59 49 0
FL 59 51 0
FL 59 52 0
FL 59 53 0
FL 59 56 39
FL 60 2 380
FL 60 12 503
FL 60 13 10
FL 60 16 492
FL 60 23 999
FL 60 27 999
FL 60 32 56
FL 60 40 999
FL 60 48 999
FL 60 50 421
FL 60 52 999
FL 60 58 511
FL 60 0 1000
FU 0 34 4
FU 0 27 2
FU 0 53 4
FU 0 47 432
FU 0 36 4
FU 0 16 2
FU 0 21 2
FU 0 39 2
FU 0 48 2
FU 0 1 10
FU 0 13 2
FU 0 11 3
FU 0 58 2
FU 0 3 9
FU 0 50 2
FU 0 35 2
FU 0 23 2
FU 0 33 3
FU 0 9 4
FU 0 2 2
FU 0 57 2
FU 0 17 2
FU 0 49 2
FU 0 46 4
FU 0 8 5
FU 0 12 3
FU 0 41 3
FU 0 38 2
FU 0 59 5
FU 0 30 2
FU 0 51 5
FU 0 4 6
FU 0 55 413
FU 0 42 7
FU 0 26 13
FU 0 5 1000
FU 0 6 1000
FU 0 7 1000
FU 0 10 45
FU 0 14 1000
FU 0 15 1000
FU 0 18 2
FU 0 19 86
FU 0 20 63
FU 0 22 140
FU 0 24 1000
FU 0 25 1000
FU 0 28 1000
FU 0 29 1000
FU 0 31 22
FU 0 32 98
FU 0 37 1000
FU 0 40 2
FU 0 43 1000
FU 0 44 61
FU 0 45 1000
FU 0 52 2
FU 0 54 1000
FU 0 56 40
FU 1 3 0
FU 1 4 0
FU 1 8 0
FU 1 9 0
FU 1 11 0
FU 1 12 0
FU 1 13 0
FU 1 16 0
FU 1 17 0
FU 1 18 0
FU 1 19 43
FU 1 20 66
FU 1 21 0
FU 1 22 49
FU 1 23 0
FU 1 26 0
FU 1 30 0
FU 1 31 71
FU 1 33 0
FU 1 34 0
FU 1 35 0
FU 1 36 0
FU 1 39 0
FU 1 40 0
FU 1 41 0
FU 1 42 0
FU 1 46 0
FU 1 47 14
FU 1 49 0
FU 1 51 0
FU 1 52 0
FU 1 53 0
FU 1 55 7
FU 1 56 23
FU 1 59 0
FU 2 10 96
FU 2 11 1
FU 2 12 0
FU 2 13 1
FU 2 16 0
FU 2 17 0
FU 2 23 0
FU 2 27 0
FU 2 30 4
FU 2 31 73
FU 2 32 73
FU 2 40 0
FU 2 41 5
FU 2 44 50
FU 2 48 0
FU 2 50 0
FU 2 52 0
FU 2 57 4
FU 2 58 0
FU 2 60 0
FU 3 1 0
FU 3 4 0
FU 3 8 0
FU 3 9 0
FU 3 11 0
FU 3 12 0
FU 3 13 0
FU 3 16 0
FU 3 17 0
FU 3 18 0
FU 3 19 88
FU 3 20 80
FU 3 21 0
FU 3 22 27
FU 3 26 0
FU 3 30 0
FU 3 31 25
FU 3 33 0
FU 3 34 0
FU 3 35 0
FU 3 36 0
FU 3 39 0
FU 3 40 0
FU 3 41 0
FU 3 42 0
FU 3 46 0
FU 3 47 6
FU 3 49 0
FU 3 51 0
FU 3 52 0
FU 3 53 0
FU 3 55 5
FU 3 56 54
FU 3 59 0
FU 4 1 0
FU 4 3 0
FU 4 8 0
FU 4 9 0
FU 4 10 40
FU 4 11 0
FU 4 12 0
FU 4 13 0
FU 4 17 0
FU 4 18 0
FU 4 22 51
FU 4 23 0
FU 4 26 0
FU 4 30 0
FU 4 31 17
FU 4 33 0
FU 4 35 0
FU 4 36 0
FU 4 38 0
FU 4 39 0
FU 4 40 0
FU 4 41 0
FU 4 42 0
FU 4 46 0
FU 4 49 0
FU 4 51 0
FU 4 52 0
FU 4 53 0
FU 4 56 44
FU 4 59 0
FU 8 1 0
FU 8 3 0
FU 8 4 0
FU 8 9 0
FU 8 10 64
FU 8 11 0
FU 8 12 0
FU 8 13 0
FU 8 16 0
FU 8 17 0
FU 8 18 0
FU 8 19 70
FU 8 20 32
FU 8 21 0
FU 8 22 74
FU 8 23 0
FU 8 26 0
FU 8 27 0
FU 8 30 0
FU 8 31 53
FU 8 33 0
FU 8 34 0
FU 8 35 0
FU 8 36 0
FU 8 39 0
FU 8 40 0
FU 8 41 0
FU 8 42 0
FU 8 44 95
FU 8 46 0
FU 8 49 0
FU 8 51 0
FU 8 52 0
FU 8 53 0
FU 8 56 32
FU 8 57 0
FU 8 59 0
FU 9 1 0
FU 9 3 0
FU 9 4 0
FU 9 8 0
FU 9 10 27
FU 9 11 0
FU 9 12 0
FU 9 13 0
FU 9 23 0
FU 9 26 0
FU 9 30 0
FU 9 31 3
FU 9 34 0
FU 9 35 0
FU 9 36 0
FU 9 38 0
FU 9 40 0
FU 9 41 0
FU 9 44 45
FU 9 46 0
FU 9 49 0
FU 9 51 0
FU 9 52 0
FU 9 53 0
FU 9 56 26
FU 9 59 0
FU 10 4 0
FU 10 9 0
FU 10 18 0
FU 10 22 51
FU 10 27 0
FU 10 30 0
FU 10 50 0
FU 10 52 0
FU 10 56 57
FU 10 57 0
FU 11 1 0
FU 11 2 0
FU 11 3 0
FU 11 4 0
FU 11 8 0
FU 11 9 0
FU 11 10 34
FU 11 12 0
FU 11 13 0
FU 11 16 0
FU 11 17 0
FU 11 19 68
FU 11 20 98
FU 11 21 0
FU 11 23 0
FU 11 26 0
FU 11 27 0
FU 11 30 0
FU 11 32 106
FU 11 34 0
FU 11 40 0
FU 11 41 0
FU 11 42 0
FU 11 47 2
FU 11 51 0
FU 11 52 0
FU 11 55 2
FU 11 59 0
FU 12 1 1
FU 12 2 0
FU 12 3 0
FU 12 4 0
FU 12 8 0
FU 12 9 0
FU 12 10 48
FU 12 11 1
FU 12 13 0
FU 12 16 0
FU 12 17 0
FU 12 18 0
FU 12 19 61
FU 12 20 63
FU 12 22 72
FU 12 23 0
FU 12 26 2
FU 12 27 0
FU 12 30 0
FU 12 31 92
FU 12 32 86
FU 12 33 1
FU 12 34 0
FU 12 36 0
FU 12 40 0
FU 12 41 2
FU 12 42 474
FU 12 44 58
FU 12 48 0
FU 12 50 0
FU 12 51 1
FU 12 52 0
FU 12 53 1
FU 12 56 18
FU 12 57 1
FU 12 58 0
FU 12 59 1
FU 12 60 0
FU 13 1 0
FU 13 2 0
FU 13 3 0
FU 13 4 0
FU 13 8 0
FU 13 9 0
FU 13 10 19
FU 13 11 0
FU 13 12 0
FU 13 16 0
FU 13 17 0
FU 13 18 0
FU 13 19 52
FU 13 20 59
FU 13 21 0
FU 13 22 15
FU 13 23 0
FU 13 26 0
FU 13 27 0
FU 13 30 0
FU 13 31 75
FU 13 32 72
FU 13 33 0
FU 13 34 0
FU 13 36 0
FU 13 39 0
FU 13 40 0
FU 13 41 0
FU 13 42 0
FU 13 44 40
FU 13 46 0
FU 13 48 0
FU 13 49 0
FU 13 50 0
FU 13 51 0
FU 13 52 0
FU 13 53 0
FU 13 56 20
FU 13 57 0
FU 13 58 0
FU 13 59 0
FU 13 60 0
FU 16 1 0
FU 16 2 304
FU 16 3 0
FU 16 8 0
FU 16 11 0
FU 16 12 167
FU 16 13 0
FU 16 17 0
FU 16 19 57
FU 16 20 27
FU 16 21 0
FU 16 23 0
FU 16 26 0
FU 16 27 0
FU 16 30 0
FU 16 32 58
FU 16 34 0
FU 16 40 0
FU 16 42 0
FU 16 47 261
FU 16 48 0
FU 16 50 267
FU 16 52 0
FU 16 55 136
FU 16 58 0
FU 16 59 0
FU 16 60 0
FU 17 1 0
FU 17 2 0
FU 17 3 0
FU 17 4 0
FU 17 8 0
FU 17 10 14
FU 17 11 0
FU 17 12 0
FU 17 13 0
FU 17 16 0
FU 17 23 0
FU 17 26 0
FU 17 30 0
FU 17 31 25
FU 17 34 0
FU 17 35 0
FU 17 36 0
FU 17 38 998
FU 17 40 0
FU 17 41 0
FU 17 44 59
FU 17 46 0
FU 17 49 0
FU 17 51 0
FU 17 52 0
FU 17 53 0
FU 17 56 29
FU 17 57 0
FU 17 59 0
FU 18 1 492
FU 18 3 991
FU 18 4 495
FU 18 10 23
FU 18 13 995
FU 18 26 489
FU 18 30 2
FU 18 35 499
FU 18 36 996
FU 18 40 0
FU 18 41 486
FU 18 44 55
FU 18 46 996
FU 18 52 0
FU 18 53 498
FU 18 56 11
FU 19 8 0
FU 19 12 0
FU 19 27 0
FU 19 30 0
FU 20 30 0
FU 21 1 0
FU 21 3 0
FU 21 8 0
FU 21 11 0
FU 21 13 0
FU 21 16 0
FU 21 23 0
FU 21 26 0
FU 21 30 991
FU 21 34 0
FU 21 40 0
FU 21 41 0
FU 21 47 2
FU 21 52 0
FU 21 55 1
FU 21 59 0
FU 22 4 1
FU 22 10 39
FU 22 26 1
FU 22 30 0
FU 22 35 0
FU 22 36 0
FU 22 40 0
FU 22 41 0
FU 22 52 0
FU 22 53 0
FU 22 56 58
FU 23 1 0
FU 23 2 0
FU 23 4 0
FU 23 8 0
FU 23 9 0
FU 23 10 32
FU 23 11 0
FU 23 12 0
FU 23 13 0
FU 23 16 0
FU 23 17 0
FU 23 18 0
FU 23 19 60
FU 23 20 68
FU 23 21 0
FU 23 22 19
FU 23 26 0
FU 23 27 0
FU 23 30 0
FU 23 31 35
FU 23 32 33
FU 23 33 0
FU 23 34 0
FU 23 40 0
FU 23 41 0
FU 23 42 0
FU 23 44 17
FU 23 48 0
FU 23 50 0
FU 23 51 0
FU 23 52 0
FU 23 53 0
FU 23 55 239
FU 23 56 89
FU 23 58 0
FU 23 59 0
FU 23 60 0
FU 26 1 0
FU 26 3 0
FU 26 4 0
FU 26 8 0
FU 26 9 0
FU 26 10 47
FU 26 11 0
FU 26 12 0
FU 26 13 0
FU 26 16 0
FU 26 17 0
FU 26 18 0
FU 26 19 70
FU 26 20 43
FU 26 21 0
FU 26 22 52
FU 26 23 0
FU 26 27 0
FU 26 30 0
FU 26 31 42
FU 26 32 88
FU 26 33 0
FU 26 34 0
FU 26 35 0
FU 26 36 0
FU 26 38 0
FU 26 39 0
FU 26 40 0
FU 26 41 0
FU 26 42 0
FU 26 44 12
FU 26 46 0
FU 26 49 0
FU 26 51 0
FU 26 52 0
FU 26 53 0
FU 26 56 84
FU 26 57 0
FU 26 59 1
FU 27 2 0
FU 27 8 0
FU 27 10 16
FU 27 11 995
FU 27 12 0
FU 27 13 0
FU 27 16 320
FU 27 19 43
FU 27 23 0
FU 27 26 1
FU 27 30 1
FU 27 31 23
FU 27 32 39
FU 27 40 0
FU 27 41 0
FU 27 44 64
FU 27 48 0
FU 27 50 303
FU 27 51 994
FU 27 52 0
FU 27 57 993
FU 27 58 0
FU 27 60 0
FU 30 1 0
FU 30 2 0
FU 30 3 0
FU 30 4 0
FU 30 8 0
FU 30 9 0
FU 30 10 40
FU 30 11 0
FU 30 12 0
FU 30 13 0
FU 30 16 0
FU 30 17 0
FU 30 18 0
FU 30 19 64
FU 30 20 86
FU 30 21 0
FU 30 22 30
FU 30 23 0
FU 30 26 0
FU 30 27 0
FU 30 31 46
FU 30 32 63
FU 30 33 0
FU 30 35 499
FU 30 36 0
FU 30 39 998
FU 30 40 0
FU 30 41 0
FU 30 44 48
FU 30 46 0
FU 30 49 998
FU 30 51 0
FU 30 52 0
FU 30 53 0
FU 30 56 34
FU 30 57 0
FU 30 59 0
FU 31 46 0
FU 31 49 0
FU 32 30 0
FU 33 1 0
FU 33 3 0
FU 33 4 0
FU 33 8 0
FU 33 10 27
FU 33 12 0
FU 33 13 0
FU 33 23 0
FU 33 26 0
FU 33 30 0
FU 33 31 25
FU 33 35 0
FU 33 36 0
FU 33 38 0
FU 33 40 0
FU 33 41 0
FU 33 44 50
FU 33 46 0
FU 33 49 0
FU 33 51 0
FU 33 53 0
FU 33 56 45
FU 33 59 0
FU 34 1 0
FU 34 3 0
FU 34 8 0
FU 34 9 0
FU 34 11 0
FU 34 12 0
FU 34 13 0
FU 34 16 0
FU 34 17 0
FU 34 19 36
FU 34 20 93
FU 34 21 0
FU 34 23 0
FU 34 26 0
FU 34 40 0
FU 34 41 0
FU 34 42 0
FU 34 47 1
FU 34 52 0
FU 34 55 1
FU 34 59 0
FU 35 1 0
FU 35 3 0
FU 35 4 0
FU 35 8 0
FU 35 9 0
FU 35 17 0
FU 35 18 0
FU 35 22 29
FU 35 26 0
FU 35 30 0
FU 35 33 0
FU 35 36 0
FU 35 38 0
FU 35 39 0
FU 35 46 0
FU 35 49 0
FU 35 51 0
FU 35 53 0
FU 35 56 33
FU 35 59 0
FU 36 1 0
FU 36 3 0
FU 36 4 0
FU 36 8 0
FU 36 9 0
FU 36 12 0
FU 36 13 0
FU 36 17 0
FU 36 18 0
FU 36 22 23
FU 36 26 0
FU 36 30 0
FU 36 31 37
FU 36 33 0
FU 36 35 0
FU 36 38 0
FU 36 39 0
FU 36 41 0
FU 36 42 0
FU 36 46 0
FU 36 49 0
FU 36 51 0
FU 36 53 0
FU 36 56 39
FU 36 59 0
FU 38 4 0
FU 38 9 0
FU 38 17 0
FU 38 18 0
FU 38 22 61
FU 38 26 0
FU 38 33 0
FU 38 35 0
FU 38 36 0
FU 38 39 0
FU 38 46 0
FU 38 49 0
FU 38 51 0
FU 38 53 0
FU 38 56 25
FU 38 59 993
FU 39 1 0
FU 39 3 0
FU 39 4 0
FU 39 8 0
FU 39 13 0
FU 39 26 0
FU 39 30 0
FU 39 35 0
FU 39 36 0
FU 39 38 0
FU 39 46 0
FU 39 49 0
FU 39 51 0
FU 39 53 0
FU 39 56 29
FU 39 59 0
FU 40 1 497
FU 40 4 498
FU 40 8 995
FU 40 9 996
FU 40 17 998
FU 40 18 0
FU 40 21 998
FU 40 22 24
FU 40 26 492
FU 40 33 996
FU 40 34 996
FU 40 41 501
FU 40 42 519
FU 40 53 497
FU 40 56 23
FU 40 57 0
FU 40 60 0
FU 41 1 0
FU 41 2 0
FU 41 3 0
FU 41 4 0
FU 41 8 0
FU 41 9 0
FU 41 10 42
FU 41 11 0
FU 41 12 0
FU 41 13 0
FU 41 17 0
FU 41 18 0
FU 41 19 54
FU 41 20 98
FU 41 21 0
FU 41 22 72
FU 41 23 0
FU 41 26 0
FU 41 27 0
FU 41 30 0
FU 41 31 26
FU 41 32 47
FU 41 33 0
FU 41 34 0
FU 41 36 0
FU 41 40 0
FU 41 42 0
FU 41 44 87
FU 41 48 0
FU 41 49 0
FU 41 50 0
FU 41 51 0
FU 41 52 0
FU 41 53 0
FU 41 56 16
FU 41 57 0
FU 41 58 0
FU 42 1 0
FU 42 3 0
FU 42 4 0
FU 42 8 0
FU 42 11 0
FU 42 12 312
FU 42 13 0
FU 42 16 0
FU 42 23 0
FU 42 26 0
FU 42 34 0
FU 42 36 0
FU 42 40 0
FU 42 41 0
FU 42 46 0
FU 42 47 6
FU 42 49 0
FU 42 51 0
FU 42 52 0
FU 42 55 5
FU 42 59 0
FU 44 52 0
FU 44 53 0
FU 46 1 0
FU 46 3 0
FU 46 4 0
FU 46 8 0
FU 46 9 0
FU 46 13 0
FU 46 17 0
FU 46 18 0
FU 46 22 42
FU 46 26 0
FU 46 30 0
FU 46 31 53
FU 46 33 0
FU 46 35 0
FU 46 36 0
FU 46 38 0
FU 46 39 0
FU 46 42 0
FU 46 49 0
FU 46 51 0
FU 46 53 0
FU 46 56 35
FU 46 59 0
FU 47 1 0
FU 47 3 0
FU 47 11 0
FU 47 16 0
FU 47 19 50
FU 47 20 36
FU 47 21 0
FU 47 34 0
FU 47 42 0
FU 47 55 191
FU 48 2 0
FU 48 10 41
FU 48 12 0
FU 48 13 0
FU 48 16 0
FU 48 23 0
FU 48 27 0
FU 48 32 58
FU 48 40 0
FU 48 41 0
FU 48 44 64
FU 48 50 0
FU 48 58 0
FU 48 60 0
FU 49 1 0
FU 49 3 0
FU 49 4 0
FU 49 8 0
FU 49 9 0
FU 49 13 0
FU 49 17 0
FU 49 18 0
FU 49 22 24
FU 49 26 0
FU 49 30 0
FU 49 31 38
FU 49 33 0
FU 49 35 0
FU 49 36 0
FU 49 38 0
FU 49 39 0
FU 49 41 0
FU 49 42 0
FU 49 46 0
FU 49 51 0
FU 49 53 0
FU 49 56 57
FU 49 59 0
FU 50 2 0
FU 50 10 41
FU 50 12 0
FU 50 13 0
FU 50 16 173
FU 50 23 0
FU 50 27 0
FU 50 31 34
FU 50 32 38
FU 50 40 0
FU 50 41 0
FU 50 44 15
FU 50 48 0
FU 50 58 0
FU 50 60 0
FU 51 1 0
FU 51 3 0
FU 51 4 0
FU 51 8 0
FU 51 9 0
FU 51 10 32
FU 51 11 0
FU 51 12 0
FU 51 13 0
FU 51 17 0
FU 51 18 0
FU 51 22 15
FU 51 23 0
FU 51 26 0
FU 51 27 0
FU 51 30 0
FU 51 31 50
FU 51 33 0
FU 51 35 0
FU 51 36 0
FU 51 38 0
FU 51 39 0
FU 51 40 0
FU 51 41 0
FU 51 42 0
FU 51 44 18
FU 51 46 0
FU 51 49 0
FU 51 52 0
FU 51 53 0
FU 51 56 16
FU 51 59 0
FU 52 2 291
FU 52 10 6
FU 52 18 998
FU 52 22 43
FU 52 30 0
FU 52 31 25
FU 52 44 54
FU 52 58 499
FU 52 60 0
FU 53 1 0
FU 53 3 0
FU 53 4 0
FU 53 8 0
FU 53 9 0
FU 53 10 31
FU 53 12 0
FU 53 13 0
FU 53 17 0
FU 53 18 0
FU 53 22 51
FU 53 23 0
FU 53 26 0
FU 53 30 0
FU 53 31 34
FU 53 33 0
FU 53 35 0
FU 53 36 0
FU 53 38 0
FU 53 39 0
FU 53 40 0
FU 53 41 0
FU 53 44 37
FU 53 46 0
FU 53 49 0
FU 53 51 0
FU 53 56 22
FU 53 59 0
FU 55 1 0
FU 55 3 0
FU 55 11 0
FU 55 16 0
FU 55 19 56
FU 55 20 35
FU 55 21 0
FU 55 23 0
FU 55 34 0
FU 55 42 0
FU 55 47 276
FU 55 52 0
FU 56 10 70
FU 56 40 0
FU 56 41 1
FU 57 2 0
FU 57 8 0
FU 57 10 67
FU 57 12 0
FU 57 13 0
FU 57 17 0
FU 57 26 2
FU 57 27 0
FU 57 30 0
FU 57 31 41
FU 57 40 0
FU 57 41 2
FU 57 44 71
FU 58 2 0
FU 58 12 0
FU 58 13 0
FU 58 16 0
FU 58 23 0
FU 58 27 0
FU 58 32 82
FU 58 40 0
FU 58 41 0
FU 58 48 0
FU 58 50 0
FU 58 52 0
FU 58 60 0
FU 59 1 0
FU 59 3 0
FU 59 4 0
FU 59 8 0
FU 59 9 0
FU 59 10 59
FU 59 11 0
FU 59 12 0
FU 59 13 0
FU 59 16 0
FU 59 17 0
FU 59 18 0
FU 59 19 42
FU 59 20 53
FU 59 21 0
FU 59 22 36
FU 59 23 0
FU 59 26 0
FU 59 30 0
FU 59 31 35
FU 59 33 0
FU 59 34 0
FU 59 35 0
FU 59 36 0
FU 59 38 0
FU 59 39 0
FU 59 40 0
FU 59 42 0
FU 59 46 0
FU 59 49 0
FU 59 51 0
FU 59 52 0
FU 59 53 0
FU 59 56 41
FU 60 2 403
FU 60 12 518
FU 60 13 2
FU 60 16 505
FU 60 23 998
FU 60 27 998
FU 60 32 59
FU 60 40 998
FU 60 48 998
FU 60 50 428
FU 60 52 998
FU 60 58 499
FU 60 0 1000
