Nodes: 61
Arcs: 1256
MVE: 3
MAE: 384
SAE: 27572
Terminals_rem: 0
Nodes_rem: 11
Arcs_rem: 539
First LB: 2
LB: 2
Iter. LB: 0
First UB: 18
UB: 11
Iter. UB: 14
gap: 81.8182
BM. Time: 0
Runtime: 117
FL 0 59 3
FL 0 40 3
FL 0 48 3
FL 0 54 25
FL 0 31 0
FL 0 32 1
FL 0 2 19
FL 0 47 0
FL 0 51 105
FL 0 15 0
FL 0 39 16
FL 0 41 3
FL 0 60 2
FL 0 14 134
FL 0 44 2
FL 0 29 15
FL 0 42 8
FL 0 55 21
FL 0 30 17
FL 0 17 0
FL 0 5 1
FL 0 36 0
FL 0 22 2
FL 0 10 2
FL 0 16 9
FL 0 1 54
FL 0 3 54
FL 0 4 999
FL 0 6 168
FL 0 7 83
FL 0 8 26
FL 0 9 999
FL 0 11 999
FL 0 12 82
FL 0 18 207
FL 0 19 194
FL 0 20 1
FL 0 21 56
FL 0 23 258
FL 0 24 60
FL 0 25 998
FL 0 26 999
FL 0 27 999
FL 0 28 1
FL 0 33 1
FL 0 34 998
FL 0 35 158
FL 0 37 43
FL 0 38 998
FL 0 43 998
FL 0 45 179
FL 0 46 999
FL 0 49 82
FL 0 50 999
FL 0 52 57
FL 0 53 147
FL 0 56 142
FL 0 57 35
FL 0 58 81
FL 1 42 32
FL 2 1 64
FL 2 5 0
FL 2 6 93
FL 2 7 38
FL 2 18 89
FL 2 19 49
FL 2 20 0
FL 2 22 0
FL 2 23 33
FL 2 24 35
FL 2 30 0
FL 2 35 123
FL 2 39 0
FL 2 41 0
FL 2 42 0
FL 2 45 33
FL 2 48 0
FL 2 51 3
FL 2 52 20
FL 2 54 0
FL 2 57 43
FL 2 59 0
FL 2 60 0
FL 3 5 147
FL 3 16 427
FL 5 1 47
FL 5 2 0
FL 5 3 101
FL 5 6 34
FL 5 8 16
FL 5 10 0
FL 5 13 0
FL 5 15 0
FL 5 16 324
FL 5 17 0
FL 5 18 120
FL 5 19 78
FL 5 20 0
FL 5 22 0
FL 5 23 71
FL 5 28 0
FL 5 29 0
FL 5 30 0
FL 5 33 0
FL 5 35 105
FL 5 36 0
FL 5 41 0
FL 5 44 0
FL 5 45 105
FL 5 48 0
FL 5 49 31
FL 5 51 41
FL 5 52 10
FL 5 54 0
FL 5 57 58
FL 5 58 54
FL 5 59 0
FL 5 60 0
FL 6 2 2
FL 6 5 0
FL 6 7 42
FL 6 20 0
FL 6 39 0
FL 6 41 0
FL 6 42 2
FL 6 48 0
FL 6 52 11
FL 6 54 1
FL 6 57 49
FL 6 59 0
FL 6 60 0
FL 7 2 0
FL 7 6 66
FL 7 13 0
FL 7 18 70
FL 7 19 58
FL 7 20 0
FL 7 22 0
FL 7 23 64
FL 7 24 43
FL 7 30 0
FL 7 39 0
FL 7 41 0
FL 7 42 0
FL 7 47 0
FL 7 48 0
FL 7 52 25
FL 7 54 0
FL 7 57 82
FL 7 60 0
FL 8 5 0
FL 8 7 18
FL 8 10 0
FL 8 12 52
FL 8 13 0
FL 8 20 0
FL 8 21 57
FL 8 22 0
FL 8 30 502
FL 8 37 46
FL 8 40 0
FL 8 41 0
FL 8 44 0
FL 8 47 0
FL 8 48 0
FL 8 52 40
FL 8 58 49
FL 8 59 0
FL 8 60 0
FL 10 1 47
FL 10 5 0
FL 10 7 51
FL 10 8 20
FL 10 12 102
FL 10 13 0
FL 10 14 126
FL 10 17 0
FL 10 20 0
FL 10 21 104
FL 10 22 0
FL 10 24 64
FL 10 30 2
FL 10 32 0
FL 10 36 0
FL 10 37 117
FL 10 40 0
FL 10 41 0
FL 10 44 0
FL 10 47 0
FL 10 48 0
FL 10 51 28
FL 10 52 75
FL 10 58 76
FL 10 59 0
FL 10 60 0
FL 12 13 0
FL 12 21 52
FL 12 32 184
FL 12 53 131
FL 13 1 96
FL 13 3 483
FL 13 5 429
FL 13 7 202
FL 13 8 410
FL 13 10 506
FL 13 12 261
FL 13 14 293
FL 13 15 999
FL 13 17 999
FL 13 20 999
FL 13 21 231
FL 13 22 507
FL 13 24 65
FL 13 28 999
FL 13 31 999
FL 13 32 338
FL 13 33 999
FL 13 36 999
FL 13 37 68
FL 13 40 434
FL 13 41 467
FL 13 44 508
FL 13 47 999
FL 13 48 385
FL 13 51 347
FL 13 52 236
FL 13 58 342
FL 13 59 446
FL 13 60 505
FL 13 0 1000
FL 14 8 20
FL 14 10 0
FL 14 12 53
FL 14 13 0
FL 14 17 0
FL 14 21 61
FL 14 24 80
FL 14 32 0
FL 14 36 0
FL 14 40 0
FL 14 44 0
FL 14 47 0
FL 14 51 25
FL 14 53 123
FL 14 58 77
FL 15 3 115
FL 15 5 0
FL 15 13 0
FL 15 28 0
FL 15 31 0
FL 15 36 0
FL 15 41 0
FL 15 45 64
FL 15 49 46
FL 15 51 18
FL 15 52 39
FL 16 3 145
FL 16 5 0
FL 16 28 0
FL 16 31 0
FL 16 45 112
FL 16 49 90
FL 16 55 2
FL 16 56 90
FL 17 1 74
FL 17 5 0
FL 17 7 49
FL 17 8 13
FL 17 10 0
FL 17 12 57
FL 17 13 0
FL 17 14 84
FL 17 21 81
FL 17 22 0
FL 17 24 72
FL 17 32 0
FL 17 36 0
FL 17 37 95
FL 17 40 0
FL 17 41 0
FL 17 44 0
FL 17 47 0
FL 17 48 0
FL 17 51 59
FL 17 58 43
FL 17 59 0
FL 17 60 0
FL 18 7 36
FL 18 28 0
FL 18 41 0
FL 18 49 99
FL 18 54 2
FL 18 55 1
FL 18 56 119
FL 19 1 46
FL 19 2 3
FL 19 5 0
FL 19 7 20
FL 19 20 0
FL 19 39 2
FL 19 41 0
FL 19 42 1
FL 19 48 0
FL 19 52 54
FL 19 54 2
FL 19 57 60
FL 19 59 0
FL 19 60 0
FL 20 1 61
FL 20 2 999
FL 20 5 149
FL 20 6 87
FL 20 7 13
FL 20 8 121
FL 20 10 507
FL 20 13 0
FL 20 18 42
FL 20 19 43
FL 20 22 507
FL 20 23 231
FL 20 24 45
FL 20 30 512
FL 20 37 67
FL 20 39 999
FL 20 41 384
FL 20 42 508
FL 20 48 335
FL 20 54 999
FL 20 57 54
FL 20 59 222
FL 20 60 506
FL 21 12 35
FL 21 13 0
FL 21 32 148
FL 21 53 96
FL 22 1 70
FL 22 2 0
FL 22 5 0
FL 22 7 41
FL 22 8 9
FL 22 10 0
FL 22 13 0
FL 22 17 0
FL 22 20 0
FL 22 36 0
FL 22 39 0
FL 22 41 0
FL 22 42 0
FL 22 45 45
FL 22 48 0
FL 22 51 65
FL 22 52 35
FL 22 54 0
FL 22 57 70
FL 22 59 0
FL 22 60 0
FL 23 1 27
FL 23 2 2
FL 23 5 164
FL 23 7 20
FL 23 20 0
FL 23 39 3
FL 23 41 0
FL 23 42 1
FL 23 48 0
FL 23 51 51
FL 23 52 19
FL 23 54 4
FL 23 57 58
FL 23 59 0
FL 23 60 0
FL 24 2 0
FL 24 7 15
FL 24 20 0
FL 24 41 0
FL 24 42 0
FL 24 48 0
FL 24 54 0
FL 24 60 0
FL 28 3 78
FL 28 5 0
FL 28 16 254
FL 28 18 46
FL 28 29 998
FL 28 33 0
FL 28 35 115
FL 28 49 116
FL 28 55 0
FL 28 56 115
FL 29 1 34
FL 29 5 0
FL 29 28 0
FL 29 45 92
FL 29 49 147
FL 29 52 14
FL 29 55 1
FL 29 56 127
FL 30 1 27
FL 30 2 2
FL 30 5 0
FL 30 7 26
FL 30 8 17
FL 30 10 3
FL 30 20 0
FL 30 39 1
FL 30 41 0
FL 30 42 1
FL 30 48 0
FL 30 51 9
FL 30 52 20
FL 30 54 2
FL 30 57 70
FL 30 59 0
FL 30 60 0
FL 31 3 14
FL 31 13 0
FL 31 15 0
FL 31 16 0
FL 31 28 0
FL 31 36 0
FL 31 44 0
FL 32 7 25
FL 32 8 8
FL 32 10 0
FL 32 12 52
FL 32 13 0
FL 32 14 60
FL 32 17 0
FL 32 21 45
FL 32 24 59
FL 32 37 58
FL 32 40 0
FL 32 41 0
FL 32 47 0
FL 32 53 79
FL 33 28 0
FL 33 49 119
FL 33 55 999
FL 33 56 93
FL 35 52 34
FL 36 1 29
FL 36 5 0
FL 36 8 30
FL 36 10 0
FL 36 12 13
FL 36 13 0
FL 36 14 59
FL 36 15 0
FL 36 17 0
FL 36 21 42
FL 36 22 0
FL 36 24 29
FL 36 31 0
FL 36 37 116
FL 36 41 0
FL 36 44 0
FL 36 45 47
FL 36 48 0
FL 36 51 43
FL 36 52 51
FL 36 58 62
FL 36 59 0
FL 36 60 0
FL 37 20 0
FL 37 54 0
FL 39 1 5
FL 39 2 2
FL 39 6 43
FL 39 7 26
FL 39 18 19
FL 39 19 67
FL 39 20 0
FL 39 22 0
FL 39 23 29
FL 39 30 0
FL 39 41 0
FL 39 42 0
FL 39 48 0
FL 39 51 3
FL 39 52 17
FL 39 54 2
FL 39 57 34
FL 39 59 0
FL 39 60 0
FL 40 8 16
FL 40 10 1
FL 40 12 40
FL 40 13 1
FL 40 14 40
FL 40 17 1
FL 40 21 85
FL 40 24 53
FL 40 32 1
FL 40 37 35
FL 40 41 1
FL 40 47 1
FL 40 48 179
FL 40 53 110
FL 40 59 341
FL 41 1 52
FL 41 2 4
FL 41 5 1
FL 41 6 33
FL 41 7 17
FL 41 8 20
FL 41 10 1
FL 41 13 1
FL 41 15 1
FL 41 17 1
FL 41 18 38
FL 41 19 81
FL 41 20 1
FL 41 22 1
FL 41 23 35
FL 41 24 48
FL 41 30 1
FL 41 32 1
FL 41 36 1
FL 41 37 49
FL 41 39 2
FL 41 40 1
FL 41 42 506
FL 41 44 1
FL 41 47 1
FL 41 48 1
FL 41 51 50
FL 41 52 37
FL 41 54 3
FL 41 57 40
FL 41 59 1
FL 41 60 1
FL 42 1 29
FL 42 2 9
FL 42 6 51
FL 42 7 46
FL 42 18 61
FL 42 19 89
FL 42 20 0
FL 42 22 0
FL 42 23 73
FL 42 24 42
FL 42 30 2
FL 42 39 2
FL 42 41 154
FL 42 48 1
FL 42 52 28
FL 42 54 6
FL 42 57 69
FL 42 59 1
FL 42 60 0
FL 44 1 28
FL 44 5 0
FL 44 8 9
FL 44 10 0
FL 44 12 53
FL 44 13 0
FL 44 14 52
FL 44 17 0
FL 44 21 91
FL 44 31 1
FL 44 36 1
FL 44 41 1
FL 44 45 52
FL 44 48 88
FL 44 51 28
FL 44 52 12
FL 44 58 70
FL 44 59 0
FL 45 2 4
FL 45 35 145
FL 45 48 0
FL 45 49 105
FL 45 60 0
FL 47 7 13
FL 47 8 43
FL 47 10 0
FL 47 12 61
FL 47 13 0
FL 47 14 69
FL 47 17 0
FL 47 21 10
FL 47 24 37
FL 47 32 152
FL 47 37 94
FL 47 40 233
FL 47 41 0
FL 48 1 75
FL 48 2 0
FL 48 5 0
FL 48 6 63
FL 48 7 58
FL 48 8 33
FL 48 10 0
FL 48 13 0
FL 48 17 0
FL 48 18 51
FL 48 19 78
FL 48 20 0
FL 48 22 0
FL 48 23 29
FL 48 24 31
FL 48 30 0
FL 48 36 0
FL 48 37 42
FL 48 39 0
FL 48 40 148
FL 48 41 0
FL 48 42 0
FL 48 44 507
FL 48 45 50
FL 48 51 28
FL 48 52 23
FL 48 54 0
FL 48 57 68
FL 48 59 0
FL 48 60 0
FL 49 16 1
FL 49 55 2
FL 49 56 140
FL 51 1 9
FL 51 2 0
FL 51 5 0
FL 51 6 73
FL 51 7 12
FL 51 8 24
FL 51 10 0
FL 51 12 59
FL 51 13 0
FL 51 14 75
FL 51 15 0
FL 51 17 0
FL 51 18 25
FL 51 19 37
FL 51 21 13
FL 51 22 0
FL 51 23 27
FL 51 24 22
FL 51 30 0
FL 51 36 0
FL 51 37 51
FL 51 39 0
FL 51 41 0
FL 51 44 0
FL 51 45 59
FL 51 48 0
FL 51 52 13
FL 51 54 0
FL 51 57 66
FL 51 58 62
FL 51 59 0
FL 51 60 0
FL 52 2 0
FL 52 5 0
FL 52 6 71
FL 52 7 30
FL 52 8 31
FL 52 10 0
FL 52 13 0
FL 52 15 0
FL 52 18 12
FL 52 19 27
FL 52 22 0
FL 52 23 18
FL 52 28 0
FL 52 29 2
FL 52 30 0
FL 52 35 109
FL 52 39 0
FL 52 41 0
FL 52 42 0
FL 52 48 0
FL 52 54 0
FL 52 57 16
FL 52 60 0
FL 53 12 71
FL 53 21 62
FL 53 32 183
FL 53 58 65
FL 54 1 44
FL 54 2 2
FL 54 5 0
FL 54 6 81
FL 54 7 33
FL 54 18 69
FL 54 19 122
FL 54 20 0
FL 54 22 0
FL 54 23 63
FL 54 24 81
FL 54 30 0
FL 54 35 94
FL 54 37 33
FL 54 39 0
FL 54 41 0
FL 54 42 0
FL 54 48 0
FL 54 51 7
FL 54 52 21
FL 54 57 61
FL 54 59 0
FL 54 60 0
FL 55 16 0
FL 55 18 42
FL 55 28 0
FL 55 29 3
FL 55 33 0
FL 55 35 155
FL 55 49 76
FL 55 56 168
FL 56 16 3
FL 56 49 78
FL 56 55 5
FL 57 22 0
FL 58 5 106
FL 58 8 36
FL 58 13 0
FL 58 53 308
FL 59 1 32
FL 59 2 0
FL 59 5 0
FL 59 6 28
FL 59 7 18
FL 59 8 44
FL 59 10 0
FL 59 13 0
FL 59 17 0
FL 59 18 39
FL 59 19 33
FL 59 20 0
FL 59 22 0
FL 59 23 24
FL 59 24 49
FL 59 30 0
FL 59 36 0
FL 59 37 42
FL 59 39 0
FL 59 40 183
FL 59 41 0
FL 59 42 0
FL 59 44 0
FL 59 45 97
FL 59 48 0
FL 59 51 20
FL 59 52 28
FL 59 54 0
FL 59 57 25
FL 59 60 0
FL 60 1 11
FL 60 2 2
FL 60 5 0
FL 60 6 95
FL 60 7 35
FL 60 8 15
FL 60 10 0
FL 60 13 0
FL 60 17 0
FL 60 18 43
FL 60 19 31
FL 60 20 0
FL 60 22 0
FL 60 23 30
FL 60 24 71
FL 60 30 0
FL 60 36 0
FL 60 37 41
FL 60 39 0
FL 60 41 0
FL 60 42 0
FL 60 45 48
FL 60 48 0
FL 60 51 46
FL 60 52 43
FL 60 54 0
FL 60 57 27
FL 60 59 0
FU 0 59 6
FU 0 40 5
FU 0 48 8
FU 0 54 12
FU 0 31 2
FU 0 32 3
FU 0 2 9
FU 0 47 2
FU 0 51 97
FU 0 15 2
FU 0 39 6
FU 0 41 5
FU 0 60 2
FU 0 14 123
FU 0 44 2
FU 0 29 2
FU 0 42 5
FU 0 55 7
FU 0 30 16
FU 0 17 2
FU 0 5 3
FU 0 36 2
FU 0 22 2
FU 0 10 3
FU 0 16 12
FU 0 1 52
FU 0 3 52
FU 0 4 1000
FU 0 6 176
FU 0 7 77
FU 0 8 28
FU 0 9 1000
FU 0 11 1000
FU 0 12 74
FU 0 18 208
FU 0 19 188
FU 0 20 2
FU 0 21 63
FU 0 23 230
FU 0 24 57
FU 0 25 1000
FU 0 26 1000
FU 0 27 1000
FU 0 28 3
FU 0 33 3
FU 0 34 1000
FU 0 35 155
FU 0 37 42
FU 0 38 1000
FU 0 43 1000
FU 0 45 186
FU 0 46 1000
FU 0 49 87
FU 0 50 1000
FU 0 52 63
FU 0 53 148
FU 0 56 141
FU 0 57 36
FU 0 58 72
FU 1 42 23
FU 2 1 61
FU 2 5 0
FU 2 6 86
FU 2 7 38
FU 2 18 100
FU 2 19 41
FU 2 20 0
FU 2 22 0
FU 2 23 39
FU 2 24 33
FU 2 30 0
FU 2 35 122
FU 2 39 0
FU 2 41 0
FU 2 42 0
FU 2 45 27
FU 2 48 0
FU 2 51 3
FU 2 52 27
FU 2 54 0
FU 2 57 45
FU 2 59 0
FU 2 60 0
FU 3 5 161
FU 3 16 433
FU 5 1 46
FU 5 2 0
FU 5 3 94
FU 5 6 38
FU 5 8 16
FU 5 10 0
FU 5 13 0
FU 5 15 0
FU 5 16 300
FU 5 17 0
FU 5 18 111
FU 5 19 75
FU 5 20 0
FU 5 22 0
FU 5 23 86
FU 5 28 0
FU 5 29 0
FU 5 30 0
FU 5 33 0
FU 5 35 106
FU 5 36 0
FU 5 41 0
FU 5 44 0
FU 5 45 106
FU 5 48 0
FU 5 49 30
FU 5 51 38
FU 5 52 14
FU 5 54 0
FU 5 57 63
FU 5 58 64
FU 5 59 0
FU 5 60 0
FU 6 2 0
FU 6 5 0
FU 6 7 41
FU 6 20 0
FU 6 39 0
FU 6 41 0
FU 6 42 2
FU 6 48 0
FU 6 52 10
FU 6 54 0
FU 6 57 49
FU 6 59 0
FU 6 60 0
FU 7 2 0
FU 7 6 63
FU 7 13 0
FU 7 18 66
FU 7 19 48
FU 7 20 0
FU 7 22 0
FU 7 23 67
FU 7 24 43
FU 7 30 0
FU 7 39 0
FU 7 41 0
FU 7 42 0
FU 7 47 0
FU 7 48 0
FU 7 52 23
FU 7 54 0
FU 7 57 83
FU 7 60 0
FU 8 5 0
FU 8 7 29
FU 8 10 0
FU 8 12 60
FU 8 13 0
FU 8 20 0
FU 8 21 69
FU 8 22 0
FU 8 30 485
FU 8 37 44
FU 8 40 0
FU 8 41 0
FU 8 44 0
FU 8 47 0
FU 8 48 0
FU 8 52 36
FU 8 58 42
FU 8 59 0
FU 8 60 0
FU 10 1 48
FU 10 5 0
FU 10 7 57
FU 10 8 19
FU 10 12 95
FU 10 13 0
FU 10 14 120
FU 10 17 0
FU 10 20 0
FU 10 21 102
FU 10 22 0
FU 10 24 60
FU 10 30 0
FU 10 32 0
FU 10 36 0
FU 10 37 113
FU 10 40 0
FU 10 41 0
FU 10 44 0
FU 10 47 0
FU 10 48 0
FU 10 51 52
FU 10 52 71
FU 10 58 92
FU 10 59 0
FU 10 60 0
FU 12 13 0
FU 12 21 45
FU 12 32 165
FU 12 53 156
FU 13 1 98
FU 13 3 489
FU 13 5 428
FU 13 7 198
FU 13 8 410
FU 13 10 504
FU 13 12 267
FU 13 14 286
FU 13 15 998
FU 13 17 998
FU 13 20 998
FU 13 21 241
FU 13 22 504
FU 13 24 64
FU 13 28 997
FU 13 31 998
FU 13 32 349
FU 13 33 997
FU 13 36 998
FU 13 37 76
FU 13 40 465
FU 13 41 477
FU 13 44 503
FU 13 47 998
FU 13 48 354
FU 13 51 336
FU 13 52 241
FU 13 58 340
FU 13 59 482
FU 13 60 520
FU 13 0 1000
FU 14 8 22
FU 14 10 0
FU 14 12 59
FU 14 13 0
FU 14 17 0
FU 14 21 63
FU 14 24 79
FU 14 32 0
FU 14 36 0
FU 14 40 0
FU 14 44 0
FU 14 47 0
FU 14 51 28
FU 14 53 104
FU 14 58 80
FU 15 3 110
FU 15 5 0
FU 15 13 0
FU 15 28 0
FU 15 31 0
FU 15 36 0
FU 15 41 0
FU 15 45 63
FU 15 49 64
FU 15 51 21
FU 15 52 45
FU 16 3 151
FU 16 5 0
FU 16 28 0
FU 16 31 0
FU 16 45 114
FU 16 49 90
FU 16 55 1
FU 16 56 97
FU 17 1 74
FU 17 5 0
FU 17 7 58
FU 17 8 12
FU 17 10 0
FU 17 12 57
FU 17 13 0
FU 17 14 90
FU 17 21 71
FU 17 22 0
FU 17 24 81
FU 17 32 0
FU 17 36 0
FU 17 37 94
FU 17 40 0
FU 17 41 0
FU 17 44 0
FU 17 47 0
FU 17 48 0
FU 17 51 57
FU 17 58 49
FU 17 59 0
FU 17 60 0
FU 18 7 28
FU 18 28 0
FU 18 41 0
FU 18 49 90
FU 18 54 0
FU 18 55 1
FU 18 56 127
FU 19 1 50
FU 19 2 0
FU 19 5 0
FU 19 7 15
FU 19 20 0
FU 19 39 0
FU 19 41 0
FU 19 42 1
FU 19 48 0
FU 19 52 62
FU 19 54 0
FU 19 57 61
FU 19 59 0
FU 19 60 0
FU 20 1 66
FU 20 2 989
FU 20 5 129
FU 20 6 87
FU 20 7 17
FU 20 8 140
FU 20 10 491
FU 20 13 0
FU 20 18 38
FU 20 19 45
FU 20 22 494
FU 20 23 218
FU 20 24 57
FU 20 30 498
FU 20 37 66
FU 20 39 993
FU 20 41 375
FU 20 42 500
FU 20 48 341
FU 20 54 987
FU 20 57 52
FU 20 59 219
FU 20 60 478
FU 21 12 39
FU 21 13 0
FU 21 32 137
FU 21 53 97
FU 22 1 69
FU 22 2 0
FU 22 5 0
FU 22 7 41
FU 22 8 8
FU 22 10 0
FU 22 13 0
FU 22 17 0
FU 22 20 0
FU 22 36 0
FU 22 39 0
FU 22 41 0
FU 22 42 0
FU 22 45 66
FU 22 48 0
FU 22 51 61
FU 22 52 29
FU 22 54 0
FU 22 57 69
FU 22 59 0
FU 22 60 0
FU 23 1 32
FU 23 2 0
FU 23 5 148
FU 23 7 22
FU 23 20 0
FU 23 39 1
FU 23 41 0
FU 23 42 1
FU 23 48 0
FU 23 51 59
FU 23 52 26
FU 23 54 0
FU 23 57 60
FU 23 59 0
FU 23 60 0
FU 24 2 0
FU 24 7 16
FU 24 20 0
FU 24 41 0
FU 24 42 0
FU 24 48 0
FU 24 54 0
FU 24 60 0
FU 28 3 89
FU 28 5 0
FU 28 16 252
FU 28 18 47
FU 28 29 998
FU 28 33 0
FU 28 35 109
FU 28 49 110
FU 28 55 0
FU 28 56 119
FU 29 1 36
FU 29 5 0
FU 29 28 0
FU 29 45 81
FU 29 49 146
FU 29 52 24
FU 29 55 0
FU 29 56 121
FU 30 1 25
FU 30 2 0
FU 30 5 0
FU 30 7 30
FU 30 8 13
FU 30 10 2
FU 30 20 0
FU 30 39 0
FU 30 41 0
FU 30 42 0
FU 30 48 0
FU 30 51 13
FU 30 52 27
FU 30 54 0
FU 30 57 68
FU 30 59 0
FU 30 60 0
FU 31 3 15
FU 31 13 0
FU 31 15 0
FU 31 16 0
FU 31 28 0
FU 31 36 0
FU 31 44 0
FU 32 7 31
FU 32 8 13
FU 32 10 0
FU 32 12 51
FU 32 13 0
FU 32 14 85
FU 32 17 0
FU 32 21 40
FU 32 24 59
FU 32 37 52
FU 32 40 0
FU 32 41 0
FU 32 47 0
FU 32 53 77
FU 33 28 0
FU 33 49 126
FU 33 55 990
FU 33 56 91
FU 35 52 33
FU 36 1 30
FU 36 5 0
FU 36 8 33
FU 36 10 0
FU 36 12 19
FU 36 13 0
FU 36 14 55
FU 36 15 0
FU 36 17 0
FU 36 21 43
FU 36 22 0
FU 36 24 27
FU 36 31 0
FU 36 37 111
FU 36 41 0
FU 36 44 0
FU 36 45 43
FU 36 48 0
FU 36 51 31
FU 36 52 50
FU 36 58 60
FU 36 59 0
FU 36 60 0
FU 37 20 0
FU 37 54 0
FU 39 1 14
FU 39 2 0
FU 39 6 41
FU 39 7 25
FU 39 18 27
FU 39 19 81
FU 39 20 0
FU 39 22 0
FU 39 23 34
FU 39 30 0
FU 39 41 0
FU 39 42 0
FU 39 48 0
FU 39 51 1
FU 39 52 19
FU 39 54 0
FU 39 57 31
FU 39 59 0
FU 39 60 0
FU 40 8 17
FU 40 10 0
FU 40 12 34
FU 40 13 0
FU 40 14 57
FU 40 17 0
FU 40 21 80
FU 40 24 53
FU 40 32 0
FU 40 37 33
FU 40 41 0
FU 40 47 0
FU 40 48 146
FU 40 53 122
FU 40 59 293
FU 41 1 46
FU 41 2 0
FU 41 5 0
FU 41 6 40
FU 41 7 12
FU 41 8 22
FU 41 10 0
FU 41 13 0
FU 41 15 0
FU 41 17 0
FU 41 18 57
FU 41 19 83
FU 41 20 0
FU 41 22 0
FU 41 23 40
FU 41 24 46
FU 41 30 0
FU 41 32 0
FU 41 36 0
FU 41 37 49
FU 41 39 0
FU 41 40 0
FU 41 42 468
FU 41 44 0
FU 41 47 0
FU 41 48 0
FU 41 51 49
FU 41 52 31
FU 41 54 0
FU 41 57 36
FU 41 59 0
FU 41 60 0
FU 42 1 31
FU 42 2 2
FU 42 6 59
FU 42 7 44
FU 42 18 63
FU 42 19 80
FU 42 20 0
FU 42 22 0
FU 42 23 71
FU 42 24 54
FU 42 30 1
FU 42 39 0
FU 42 41 143
FU 42 48 15
FU 42 52 33
FU 42 54 1
FU 42 57 70
FU 42 59 0
FU 42 60 0
FU 44 1 36
FU 44 5 0
FU 44 8 4
FU 44 10 0
FU 44 12 55
FU 44 13 0
FU 44 14 45
FU 44 17 0
FU 44 21 85
FU 44 31 0
FU 44 36 0
FU 44 41 0
FU 44 45 48
FU 44 48 136
FU 44 51 40
FU 44 52 7
FU 44 58 66
FU 44 59 0
FU 45 2 0
FU 45 35 145
FU 45 48 0
FU 45 49 112
FU 45 60 0
FU 47 7 25
FU 47 8 41
FU 47 10 0
FU 47 12 59
FU 47 13 0
FU 47 14 77
FU 47 17 0
FU 47 21 14
FU 47 24 35
FU 47 32 184
FU 47 37 95
FU 47 40 217
FU 47 41 0
FU 48 1 81
FU 48 2 0
FU 48 5 0
FU 48 6 65
FU 48 7 61
FU 48 8 31
FU 48 10 0
FU 48 13 0
FU 48 17 0
FU 48 18 54
FU 48 19 85
FU 48 20 0
FU 48 22 0
FU 48 23 32
FU 48 24 32
FU 48 30 0
FU 48 36 0
FU 48 37 39
FU 48 39 0
FU 48 40 157
FU 48 41 0
FU 48 42 0
FU 48 44 495
FU 48 45 53
FU 48 51 37
FU 48 52 25
FU 48 54 0
FU 48 57 66
FU 48 59 0
FU 48 60 0
FU 49 16 0
FU 49 55 0
FU 49 56 134
FU 51 1 15
FU 51 2 0
FU 51 5 0
FU 51 6 70
FU 51 7 17
FU 51 8 26
FU 51 10 0
FU 51 12 61
FU 51 13 0
FU 51 14 62
FU 51 15 0
FU 51 17 0
FU 51 18 36
FU 51 19 38
FU 51 21 14
FU 51 22 0
FU 51 23 56
FU 51 24 24
FU 51 30 0
FU 51 36 0
FU 51 37 52
FU 51 39 0
FU 51 41 0
FU 51 44 0
FU 51 45 59
FU 51 48 0
FU 51 52 14
FU 51 54 0
FU 51 57 69
FU 51 58 60
FU 51 59 0
FU 51 60 0
FU 52 2 0
FU 52 5 0
FU 52 6 75
FU 52 7 47
FU 52 8 36
FU 52 10 0
FU 52 13 0
FU 52 15 0
FU 52 18 11
FU 52 19 33
FU 52 22 0
FU 52 23 18
FU 52 28 0
FU 52 29 0
FU 52 30 0
FU 52 35 112
FU 52 39 0
FU 52 41 0
FU 52 42 0
FU 52 48 0
FU 52 54 0
FU 52 57 22
FU 52 60 0
FU 53 12 70
FU 53 21 70
FU 53 32 162
FU 53 58 75
FU 54 1 42
FU 54 2 0
FU 54 5 0
FU 54 6 75
FU 54 7 35
FU 54 18 57
FU 54 19 113
FU 54 20 0
FU 54 22 0
FU 54 23 54
FU 54 24 79
FU 54 30 0
FU 54 35 99
FU 54 37 42
FU 54 39 0
FU 54 41 0
FU 54 42 0
FU 54 48 0
FU 54 51 6
FU 54 52 28
FU 54 57 67
FU 54 59 0
FU 54 60 0
FU 55 16 0
FU 55 18 40
FU 55 28 0
FU 55 29 0
FU 55 33 0
FU 55 35 152
FU 55 49 72
FU 55 56 170
FU 56 16 3
FU 56 49 73
FU 56 55 1
FU 57 22 0
FU 58 5 131
FU 58 8 41
FU 58 13 0
FU 58 53 296
FU 59 1 36
FU 59 2 0
FU 59 5 0
FU 59 6 39
FU 59 7 11
FU 59 8 49
FU 59 10 0
FU 59 13 0
FU 59 17 0
FU 59 18 41
FU 59 19 53
FU 59 20 0
FU 59 22 0
FU 59 23 28
FU 59 24 46
FU 59 30 0
FU 59 36 0
FU 59 37 49
FU 59 39 0
FU 59 40 156
FU 59 41 0
FU 59 42 0
FU 59 44 0
FU 59 45 98
FU 59 48 0
FU 59 51 21
FU 59 52 27
FU 59 54 0
FU 59 57 24
FU 59 60 0
FU 60 1 12
FU 60 2 0
FU 60 5 0
FU 60 6 86
FU 60 7 25
FU 60 8 19
FU 60 10 0
FU 60 13 0
FU 60 17 0
FU 60 18 44
FU 60 19 37
FU 60 20 0
FU 60 22 0
FU 60 23 27
FU 60 24 71
FU 60 30 0
FU 60 36 0
FU 60 37 43
FU 60 39 0
FU 60 41 0
FU 60 42 0
FU 60 45 56
FU 60 48 0
FU 60 51 50
FU 60 52 35
FU 60 54 0
FU 60 57 29
FU 60 59 0
