Nodes: 81
Arcs: 1764
MVE: 3
MAE: 442
SAE: 48638
Terminals_rem: 0
Nodes_rem: 8
Arcs_rem: 587
First LB: 3
LB: 3
Iter. LB: 0
First UB: 29
UB: 10
Iter. UB: 705
gap: 70
BM. Time: 0
Runtime: 253
FL 0 71 3
FL 0 9 407
FL 0 20 421
FL 0 61 13
FL 0 2 7
FL 0 10 0
FL 0 55 30
FL 0 3 15
FL 0 76 12
FL 0 54 408
FL 0 53 15
FL 0 22 1
FL 0 31 21
FL 0 26 0
FL 0 50 27
FL 0 63 30
FL 0 68 14
FL 0 64 11
FL 0 77 3
FL 0 59 5
FL 0 13 5
FL 0 41 15
FL 0 70 1
FL 0 79 3
FL 0 34 1
FL 0 28 1
FL 0 17 1
FL 0 4 11
FL 0 48 5
FL 0 47 7
FL 0 78 1
FL 0 72 21
FL 0 1 36
FL 0 5 62
FL 0 6 37
FL 0 7 998
FL 0 8 28
FL 0 12 65
FL 0 14 31
FL 0 15 70
FL 0 16 113
FL 0 18 175
FL 0 19 344
FL 0 21 68
FL 0 23 998
FL 0 24 173
FL 0 25 116
FL 0 27 206
FL 0 29 135
FL 0 30 108
FL 0 32 998
FL 0 33 998
FL 0 35 998
FL 0 36 26
FL 0 37 21
FL 0 38 172
FL 0 39 331
FL 0 40 82
FL 0 42 78
FL 0 43 58
FL 0 44 122
FL 0 45 140
FL 0 46 302
FL 0 49 68
FL 0 51 33
FL 0 52 17
FL 0 56 131
FL 0 57 52
FL 0 58 50
FL 0 60 0
FL 0 62 213
FL 0 65 52
FL 0 66 142
FL 0 67 66
FL 0 69 998
FL 0 73 196
FL 0 74 998
FL 0 75 998
FL 0 80 243
FL 1 6 74
FL 1 28 3
FL 1 37 42
FL 1 51 67
FL 1 52 25
FL 1 58 286
FL 1 60 1
FL 2 1 19
FL 2 3 998
FL 2 4 3
FL 2 5 19
FL 2 9 31
FL 2 10 0
FL 2 11 0
FL 2 12 28
FL 2 13 10
FL 2 14 33
FL 2 18 10
FL 2 20 12
FL 2 25 7
FL 2 28 1
FL 2 37 24
FL 2 42 113
FL 2 43 43
FL 2 45 33
FL 2 49 87
FL 2 53 1
FL 2 54 18
FL 2 56 15
FL 2 57 52
FL 2 58 32
FL 2 59 161
FL 2 61 3
FL 2 64 2
FL 2 67 48
FL 2 68 0
FL 2 71 1
FL 2 72 2
FL 2 73 27
FL 2 77 0
FL 2 79 0
FL 3 2 0
FL 3 9 7
FL 3 16 47
FL 3 18 18
FL 3 20 4
FL 3 38 77
FL 3 41 0
FL 3 42 94
FL 3 47 0
FL 3 50 0
FL 3 53 0
FL 3 54 6
FL 3 63 0
FL 3 68 0
FL 3 72 0
FL 3 73 15
FL 4 2 0
FL 4 5 15
FL 4 6 16
FL 4 8 8
FL 4 10 0
FL 4 12 24
FL 4 15 52
FL 4 28 0
FL 4 31 1
FL 4 43 33
FL 4 49 37
FL 4 57 49
FL 4 59 0
FL 4 62 35
FL 4 64 0
FL 4 77 0
FL 5 1 48
FL 5 2 0
FL 5 4 174
FL 5 6 23
FL 5 8 8
FL 5 10 0
FL 5 11 0
FL 5 12 26
FL 5 13 0
FL 5 14 54
FL 5 17 0
FL 5 31 0
FL 5 34 0
FL 5 37 32
FL 5 40 26
FL 5 43 18
FL 5 45 40
FL 5 49 32
FL 5 52 0
FL 5 56 7
FL 5 57 38
FL 5 58 45
FL 5 59 224
FL 5 60 0
FL 5 61 0
FL 5 62 40
FL 5 64 0
FL 5 67 41
FL 5 77 0
FL 5 79 0
FL 6 4 130
FL 6 5 20
FL 6 8 1
FL 6 10 0
FL 6 13 28
FL 6 14 21
FL 6 17 69
FL 6 24 154
FL 6 26 0
FL 6 29 113
FL 6 30 82
FL 6 37 16
FL 6 43 8
FL 6 44 43
FL 6 52 0
FL 6 57 44
FL 6 59 268
FL 6 62 48
FL 6 64 277
FL 6 67 60
FL 6 71 40
FL 6 77 0
FL 8 4 26
FL 8 5 15
FL 8 6 25
FL 8 10 23
FL 8 11 0
FL 8 12 17
FL 8 13 6
FL 8 14 39
FL 8 24 94
FL 8 26 138
FL 8 30 75
FL 8 31 149
FL 8 34 71
FL 8 37 13
FL 8 40 23
FL 8 43 32
FL 8 44 116
FL 8 52 12
FL 8 57 25
FL 8 59 133
FL 8 60 0
FL 8 62 44
FL 8 64 44
FL 8 67 64
FL 8 79 40
FL 9 2 0
FL 9 3 0
FL 9 16 49
FL 9 18 16
FL 9 20 243
FL 9 25 2
FL 9 38 16
FL 9 41 0
FL 9 42 69
FL 9 50 0
FL 9 53 0
FL 9 54 246
FL 9 63 0
FL 9 65 7
FL 9 68 0
FL 9 72 0
FL 9 73 4
FL 10 1 48
FL 10 2 0
FL 10 4 294
FL 10 5 24
FL 10 6 16
FL 10 8 8
FL 10 11 0
FL 10 12 35
FL 10 13 0
FL 10 14 27
FL 10 15 54
FL 10 17 91
FL 10 25 15
FL 10 28 50
FL 10 31 1
FL 10 34 0
FL 10 37 17
FL 10 40 35
FL 10 43 27
FL 10 45 95
FL 10 49 88
FL 10 52 3
FL 10 56 14
FL 10 57 82
FL 10 58 48
FL 10 60 0
FL 10 61 0
FL 10 62 76
FL 10 64 0
FL 10 67 34
FL 10 71 72
FL 10 77 73
FL 10 78 130
FL 10 79 0
FL 11 1 416
FL 11 2 48
FL 11 5 340
FL 11 6 453
FL 11 8 103
FL 11 10 479
FL 11 12 285
FL 11 13 277
FL 11 14 95
FL 11 15 246
FL 11 17 262
FL 11 22 426
FL 11 24 213
FL 11 26 400
FL 11 28 421
FL 11 29 166
FL 11 30 300
FL 11 34 353
FL 11 36 184
FL 11 37 188
FL 11 40 296
FL 11 43 325
FL 11 44 385
FL 11 49 60
FL 11 51 317
FL 11 52 65
FL 11 57 72
FL 11 60 999
FL 11 67 259
FL 11 70 439
FL 11 71 361
FL 11 77 438
FL 11 78 341
FL 11 79 368
FL 11 0 1000
FL 12 1 17
FL 12 2 35
FL 12 4 62
FL 12 5 17
FL 12 6 14
FL 12 8 1
FL 12 10 18
FL 12 11 0
FL 12 13 1
FL 12 14 19
FL 12 15 19
FL 12 17 31
FL 12 28 16
FL 12 31 26
FL 12 34 20
FL 12 37 19
FL 12 40 16
FL 12 43 22
FL 12 45 100
FL 12 49 60
FL 12 52 2
FL 12 56 6
FL 12 57 25
FL 12 58 29
FL 12 60 0
FL 12 61 21
FL 12 64 31
FL 12 67 48
FL 12 71 12
FL 12 77 9
FL 12 79 30
FL 13 1 81
FL 13 2 310
FL 13 5 20
FL 13 6 17
FL 13 8 1
FL 13 10 32
FL 13 11 0
FL 13 12 31
FL 13 14 52
FL 13 15 17
FL 13 17 67
FL 13 22 110
FL 13 24 116
FL 13 26 163
FL 13 28 59
FL 13 29 143
FL 13 30 94
FL 13 31 0
FL 13 34 50
FL 13 36 11
FL 13 37 29
FL 13 40 38
FL 13 43 20
FL 13 44 162
FL 13 49 32
FL 13 51 12
FL 13 52 1
FL 13 57 34
FL 13 60 0
FL 13 67 24
FL 13 70 137
FL 13 71 38
FL 13 77 84
FL 13 78 42
FL 13 79 0
FL 14 6 13
FL 14 8 1
FL 14 11 0
FL 14 13 0
FL 14 17 0
FL 14 40 44
FL 14 58 25
FL 15 11 0
FL 15 13 1
FL 15 34 141
FL 15 40 35
FL 15 51 9
FL 15 66 104
FL 16 27 81
FL 16 53 0
FL 16 55 0
FL 16 66 57
FL 16 68 0
FL 16 78 0
FL 17 1 22
FL 17 5 25
FL 17 6 23
FL 17 10 0
FL 17 11 0
FL 17 12 13
FL 17 13 0
FL 17 14 27
FL 17 31 0
FL 17 37 32
FL 17 43 20
FL 17 45 56
FL 17 49 64
FL 17 56 6
FL 17 57 20
FL 17 58 39
FL 17 59 239
FL 17 60 0
FL 17 61 0
FL 17 62 49
FL 17 64 0
FL 17 67 22
FL 17 71 0
FL 17 77 0
FL 17 79 0
FL 18 2 579
FL 18 50 3
FL 18 53 425
FL 19 16 29
FL 19 21 8
FL 19 27 105
FL 19 36 16
FL 19 46 29
FL 19 51 12
FL 19 52 8
FL 19 55 31
FL 19 63 2
FL 19 66 138
FL 19 71 62
FL 19 76 83
FL 19 78 23
FL 19 80 139
FL 20 2 0
FL 20 3 0
FL 20 9 193
FL 20 14 25
FL 20 16 41
FL 20 18 15
FL 20 25 1
FL 20 38 41
FL 20 41 0
FL 20 42 23
FL 20 50 0
FL 20 54 283
FL 20 55 0
FL 20 63 0
FL 20 65 9
FL 20 72 0
FL 20 73 1
FL 21 19 50
FL 21 27 153
FL 21 36 15
FL 21 38 443
FL 21 48 750
FL 21 55 410
FL 21 65 1
FL 21 76 852
FL 21 80 90
FL 22 11 0
FL 22 13 0
FL 22 15 25
FL 22 28 93
FL 22 34 0
FL 22 37 16
FL 22 39 44
FL 22 40 28
FL 22 46 18
FL 22 51 11
FL 22 52 1
FL 22 71 0
FL 22 78 0
FL 24 6 27
FL 24 8 1
FL 24 13 0
FL 24 30 104
FL 24 39 52
FL 24 44 33
FL 25 2 0
FL 25 9 50
FL 25 10 49
FL 25 16 53
FL 25 18 28
FL 25 20 71
FL 25 41 173
FL 25 42 47
FL 25 45 48
FL 25 50 1
FL 25 53 0
FL 25 56 13
FL 25 57 33
FL 25 58 56
FL 25 60 0
FL 25 61 114
FL 25 63 4
FL 25 67 15
FL 25 68 0
FL 25 73 17
FL 25 77 33
FL 25 79 50
FL 26 6 26
FL 26 8 1
FL 26 11 0
FL 26 13 12
FL 26 39 49
FL 26 44 53
FL 27 16 37
FL 28 1 27
FL 28 2 0
FL 28 4 137
FL 28 10 31
FL 28 11 0
FL 28 12 26
FL 28 13 0
FL 28 14 22
FL 28 15 45
FL 28 19 32
FL 28 22 0
FL 28 34 179
FL 28 36 19
FL 28 37 16
FL 28 39 22
FL 28 40 17
FL 28 45 83
FL 28 46 34
FL 28 51 20
FL 28 52 3
FL 28 56 5
FL 28 58 41
FL 28 61 166
FL 28 66 71
FL 28 67 47
FL 28 71 0
FL 28 77 77
FL 28 78 0
FL 28 79 96
FL 29 6 17
FL 29 13 0
FL 29 30 87
FL 29 39 41
FL 29 70 0
FL 30 6 37
FL 30 8 1
FL 30 11 0
FL 30 13 1
FL 30 24 109
FL 30 29 117
FL 30 39 33
FL 30 44 15
FL 31 1 35
FL 31 4 0
FL 31 5 28
FL 31 6 18
FL 31 8 7
FL 31 10 0
FL 31 12 30
FL 31 13 2
FL 31 14 46
FL 31 17 0
FL 31 37 15
FL 31 43 12
FL 31 49 39
FL 31 56 13
FL 31 57 22
FL 31 58 33
FL 31 59 0
FL 31 61 0
FL 31 62 54
FL 31 64 0
FL 31 67 45
FL 31 71 0
FL 31 77 0
FL 31 79 0
FL 34 1 13
FL 34 5 14
FL 34 6 15
FL 34 8 1
FL 34 10 0
FL 34 11 0
FL 34 12 32
FL 34 13 0
FL 34 14 33
FL 34 15 36
FL 34 19 34
FL 34 22 0
FL 34 28 0
FL 34 36 26
FL 34 37 15
FL 34 39 41
FL 34 40 16
FL 34 43 16
FL 34 46 18
FL 34 49 33
FL 34 51 13
FL 34 52 1
FL 34 57 31
FL 34 60 0
FL 34 71 0
FL 34 78 0
FL 34 79 0
FL 36 11 0
FL 36 13 1
FL 36 16 31
FL 36 19 18
FL 36 21 5
FL 36 27 135
FL 36 37 11
FL 36 40 19
FL 36 46 43
FL 36 48 268
FL 36 52 4
FL 36 55 43
FL 36 63 154
FL 36 66 83
FL 36 71 20
FL 36 73 49
FL 36 76 72
FL 36 78 50
FL 37 5 18
FL 37 6 18
FL 37 8 5
FL 37 10 0
FL 37 12 16
FL 37 13 0
FL 37 14 32
FL 37 15 32
FL 37 17 70
FL 37 22 355
FL 37 28 0
FL 37 36 25
FL 37 40 43
FL 37 43 21
FL 37 51 20
FL 37 52 1
FL 37 60 0
FL 37 71 0
FL 37 77 0
FL 37 78 60
FL 38 72 429
FL 39 24 69
FL 39 26 0
FL 39 29 169
FL 39 30 95
FL 39 40 56
FL 39 44 46
FL 39 46 74
FL 39 66 74
FL 39 70 71
FL 40 5 27
FL 40 8 2
FL 40 10 0
FL 40 11 0
FL 40 12 21
FL 40 13 20
FL 40 14 34
FL 40 15 37
FL 40 22 48
FL 40 28 38
FL 40 34 58
FL 40 36 25
FL 40 37 27
FL 40 39 52
FL 40 49 50
FL 40 51 7
FL 40 52 3
FL 40 57 35
FL 40 60 0
FL 40 71 35
FL 40 78 64
FL 41 3 0
FL 41 9 4
FL 41 18 13
FL 41 20 13
FL 41 25 4
FL 41 38 79
FL 41 42 68
FL 41 47 0
FL 41 50 0
FL 41 53 0
FL 41 54 6
FL 41 68 0
FL 41 72 0
FL 41 73 13
FL 42 47 0
FL 43 1 32
FL 43 2 96
FL 43 4 134
FL 43 5 13
FL 43 6 27
FL 43 8 7
FL 43 10 13
FL 43 11 0
FL 43 12 27
FL 43 13 5
FL 43 14 41
FL 43 17 15
FL 43 31 139
FL 43 34 23
FL 43 37 14
FL 43 45 71
FL 43 49 28
FL 43 52 3
FL 43 56 8
FL 43 57 34
FL 43 58 26
FL 43 60 0
FL 43 61 31
FL 43 62 54
FL 43 64 80
FL 43 67 49
FL 43 77 26
FL 43 79 20
FL 44 6 17
FL 44 8 13
FL 44 11 0
FL 44 13 17
FL 44 24 101
FL 44 26 327
FL 44 30 94
FL 44 39 105
FL 44 70 385
FL 45 5 15
FL 45 25 17
FL 45 28 34
FL 45 60 0
FL 45 62 54
FL 46 15 30
FL 46 19 72
FL 46 27 105
FL 46 28 37
FL 46 34 0
FL 46 51 18
FL 46 55 356
FL 46 66 92
FL 46 71 21
FL 46 80 64
FL 47 3 0
FL 47 38 32
FL 47 41 0
FL 47 42 75
FL 47 50 0
FL 47 72 0
FL 48 19 27
FL 48 21 6
FL 48 36 6
FL 48 55 0
FL 48 76 0
FL 48 80 117
FL 49 40 48
FL 50 3 0
FL 50 9 9
FL 50 14 24
FL 50 16 44
FL 50 18 23
FL 50 20 16
FL 50 25 2
FL 50 38 41
FL 50 41 836
FL 50 42 105
FL 50 47 999
FL 50 53 431
FL 50 54 20
FL 50 60 1
FL 50 63 499
FL 50 68 999
FL 50 72 393
FL 50 73 3
FL 51 1 37
FL 51 11 1
FL 51 13 17
FL 51 15 48
FL 51 16 55
FL 51 19 57
FL 51 22 64
FL 51 28 41
FL 51 37 21
FL 51 40 30
FL 51 46 34
FL 51 52 6
FL 51 60 1
FL 51 63 375
FL 51 65 9
FL 51 66 83
FL 51 71 58
FL 51 78 115
FL 52 1 33
FL 52 5 27
FL 52 6 24
FL 52 8 11
FL 52 10 18
FL 52 11 1
FL 52 12 138
FL 52 13 7
FL 52 15 39
FL 52 19 114
FL 52 22 26
FL 52 28 16
FL 52 34 6
FL 52 36 129
FL 52 37 31
FL 52 39 91
FL 52 40 116
FL 52 43 173
FL 52 46 69
FL 52 49 37
FL 52 51 113
FL 52 57 21
FL 52 60 1
FL 52 71 13
FL 52 78 19
FL 52 79 84
FL 53 2 1
FL 53 3 1
FL 53 9 6
FL 53 16 32
FL 53 18 15
FL 53 25 3
FL 53 41 1
FL 53 42 61
FL 53 50 1
FL 53 54 13
FL 53 68 1
FL 53 72 1
FL 53 73 20
FL 54 2 1
FL 54 3 1
FL 54 9 212
FL 54 14 40
FL 54 16 68
FL 54 18 6
FL 54 20 219
FL 54 25 1
FL 54 41 0
FL 54 42 122
FL 54 50 0
FL 54 53 0
FL 54 63 0
FL 54 68 0
FL 54 72 0
FL 54 73 10
FL 55 16 50
FL 55 19 16
FL 55 20 6
FL 55 21 9
FL 55 27 78
FL 55 36 18
FL 55 39 107
FL 55 46 9
FL 55 48 0
FL 55 63 0
FL 55 65 8
FL 55 66 64
FL 55 73 2
FL 55 76 0
FL 55 80 130
FL 56 1 22
FL 56 5 13
FL 56 10 70
FL 56 12 46
FL 56 14 27
FL 56 15 55
FL 56 17 67
FL 56 25 15
FL 56 28 64
FL 56 31 712
FL 56 43 13
FL 56 45 57
FL 56 49 51
FL 56 57 21
FL 56 58 20
FL 56 60 0
FL 56 61 224
FL 56 62 45
FL 56 64 332
FL 56 67 34
FL 56 77 101
FL 56 79 113
FL 57 8 6
FL 57 62 35
FL 57 64 0
FL 58 2 4
FL 58 5 33
FL 58 10 1
FL 58 14 50
FL 58 17 1
FL 58 25 29
FL 58 28 55
FL 58 43 30
FL 58 57 46
FL 58 60 0
FL 58 67 61
FL 58 77 111
FL 58 79 0
FL 59 2 1
FL 59 4 0
FL 59 5 17
FL 59 6 20
FL 59 8 8
FL 59 17 0
FL 59 31 1
FL 59 49 49
FL 59 62 54
FL 59 64 0
FL 60 1 24
FL 60 5 254
FL 60 8 178
FL 60 10 67
FL 60 11 0
FL 60 12 32
FL 60 13 174
FL 60 14 30
FL 60 15 14
FL 60 17 291
FL 60 18 620
FL 60 25 185
FL 60 34 139
FL 60 37 370
FL 60 40 44
FL 60 43 20
FL 60 45 133
FL 60 50 999
FL 60 51 318
FL 60 52 172
FL 60 56 738
FL 60 57 32
FL 60 58 166
FL 60 61 190
FL 60 65 856
FL 60 67 28
FL 60 71 310
FL 60 73 233
FL 60 77 66
FL 60 78 142
FL 60 79 128
FL 61 1 53
FL 61 2 0
FL 61 5 16
FL 61 10 0
FL 61 12 54
FL 61 14 26
FL 61 15 42
FL 61 17 0
FL 61 25 2
FL 61 28 31
FL 61 31 0
FL 61 43 30
FL 61 45 103
FL 61 49 33
FL 61 56 9
FL 61 57 29
FL 61 58 39
FL 61 60 0
FL 61 62 54
FL 61 64 0
FL 61 67 32
FL 61 77 0
FL 61 79 0
FL 62 4 2
FL 62 6 19
FL 62 8 12
FL 62 10 0
FL 62 14 33
FL 62 17 0
FL 62 43 32
FL 62 57 57
FL 62 59 1
FL 62 61 4
FL 62 64 3
FL 62 77 0
FL 62 79 0
FL 63 3 0
FL 63 9 16
FL 63 14 32
FL 63 16 61
FL 63 18 20
FL 63 19 60
FL 63 20 14
FL 63 25 2
FL 63 36 21
FL 63 38 40
FL 63 42 91
FL 63 50 0
FL 63 51 13
FL 63 54 7
FL 63 55 0
FL 63 65 8
FL 63 72 0
FL 63 73 13
FL 63 76 0
FL 63 80 126
FL 64 2 0
FL 64 4 0
FL 64 5 13
FL 64 6 24
FL 64 8 5
FL 64 10 0
FL 64 12 42
FL 64 14 10
FL 64 17 0
FL 64 31 0
FL 64 43 34
FL 64 49 40
FL 64 56 13
FL 64 57 43
FL 64 59 0
FL 64 61 0
FL 64 62 45
FL 64 67 18
FL 64 77 0
FL 64 79 0
FL 65 21 856
FL 65 51 12
FL 66 15 53
FL 66 16 57
FL 66 27 92
FL 66 28 35
FL 66 51 11
FL 67 6 23
FL 67 8 2
FL 67 10 0
FL 67 11 0
FL 67 13 0
FL 67 14 37
FL 67 15 30
FL 67 17 0
FL 67 25 2
FL 67 28 0
FL 67 37 11
FL 67 43 36
FL 67 49 59
FL 67 57 41
FL 67 58 61
FL 67 60 0
FL 67 61 0
FL 67 62 77
FL 67 64 0
FL 67 77 0
FL 67 79 0
FL 68 2 0
FL 68 3 0
FL 68 9 3
FL 68 16 40
FL 68 18 16
FL 68 25 26
FL 68 41 0
FL 68 42 33
FL 68 50 0
FL 68 53 0
FL 68 54 7
FL 68 72 0
FL 70 11 0
FL 70 13 0
FL 70 29 200
FL 70 39 68
FL 70 44 57
FL 71 1 34
FL 71 2 0
FL 71 6 24
FL 71 10 102
FL 71 11 0
FL 71 12 23
FL 71 13 2
FL 71 14 43
FL 71 15 33
FL 71 17 32
FL 71 19 34
FL 71 22 1
FL 71 28 26
FL 71 31 0
FL 71 34 0
FL 71 36 25
FL 71 37 16
FL 71 40 38
FL 71 46 327
FL 71 49 44
FL 71 51 14
FL 71 52 6
FL 71 57 31
FL 71 60 0
FL 71 78 60
FL 72 2 0
FL 72 3 3
FL 72 9 10
FL 72 16 91
FL 72 18 18
FL 72 20 7
FL 72 25 13
FL 72 38 94
FL 72 41 0
FL 72 42 37
FL 72 47 2
FL 72 50 1
FL 72 53 0
FL 72 54 7
FL 72 63 2
FL 72 68 0
FL 72 73 20
FL 73 3 3
FL 73 9 83
FL 73 14 25
FL 73 16 64
FL 73 18 41
FL 73 25 8
FL 73 36 17
FL 73 41 2
FL 73 42 46
FL 73 50 4
FL 73 53 172
FL 73 55 179
FL 73 60 0
FL 73 63 4
FL 73 65 29
FL 73 72 200
FL 76 16 30
FL 76 19 14
FL 76 21 10
FL 76 27 92
FL 76 36 26
FL 76 48 0
FL 76 55 0
FL 76 63 0
FL 76 65 13
FL 76 66 137
FL 76 80 125
FL 77 1 22
FL 77 2 2
FL 77 4 79
FL 77 5 23
FL 77 6 25
FL 77 10 52
FL 77 11 0
FL 77 12 34
FL 77 13 12
FL 77 14 30
FL 77 15 27
FL 77 17 28
FL 77 25 1
FL 77 28 19
FL 77 31 0
FL 77 37 20
FL 77 43 28
FL 77 45 39
FL 77 49 50
FL 77 56 3
FL 77 57 57
FL 77 58 32
FL 77 60 0
FL 77 61 244
FL 77 62 40
FL 77 64 261
FL 77 67 46
FL 77 79 106
FL 78 1 22
FL 78 10 75
FL 78 11 0
FL 78 13 12
FL 78 14 57
FL 78 15 26
FL 78 16 73
FL 78 19 89
FL 78 22 1
FL 78 28 0
FL 78 34 0
FL 78 36 24
FL 78 37 33
FL 78 40 33
FL 78 51 14
FL 78 52 6
FL 78 57 40
FL 78 60 0
FL 78 71 0
FL 79 1 30
FL 79 2 0
FL 79 5 24
FL 79 6 22
FL 79 8 5
FL 79 10 9
FL 79 11 0
FL 79 12 37
FL 79 13 5
FL 79 14 31
FL 79 15 38
FL 79 17 12
FL 79 25 1
FL 79 28 11
FL 79 31 0
FL 79 34 0
FL 79 37 25
FL 79 43 16
FL 79 45 49
FL 79 49 40
FL 79 52 5
FL 79 56 9
FL 79 57 26
FL 79 58 33
FL 79 60 0
FL 79 61 45
FL 79 62 49
FL 79 64 15
FL 79 67 28
FL 79 77 18
FL 80 19 70
FL 80 21 24
FL 80 46 67
FL 80 55 9
FL 80 76 6
FU 0 71 4
FU 0 9 424
FU 0 20 439
FU 0 61 14
FU 0 2 6
FU 0 10 2
FU 0 55 21
FU 0 3 3
FU 0 76 15
FU 0 54 440
FU 0 53 14
FU 0 22 5
FU 0 31 19
FU 0 26 2
FU 0 50 2
FU 0 63 26
FU 0 68 3
FU 0 64 10
FU 0 77 4
FU 0 59 6
FU 0 13 10
FU 0 41 15
FU 0 70 2
FU 0 79 6
FU 0 34 3
FU 0 28 7
FU 0 17 3
FU 0 4 14
FU 0 48 6
FU 0 47 3
FU 0 78 3
FU 0 72 17
FU 0 1 30
FU 0 5 42
FU 0 6 30
FU 0 7 1000
FU 0 8 35
FU 0 12 66
FU 0 14 32
FU 0 15 62
FU 0 16 118
FU 0 18 137
FU 0 19 338
FU 0 21 40
FU 0 23 1000
FU 0 24 174
FU 0 25 119
FU 0 27 201
FU 0 29 116
FU 0 30 103
FU 0 32 1000
FU 0 33 1000
FU 0 35 1000
FU 0 36 45
FU 0 37 20
FU 0 38 170
FU 0 39 327
FU 0 40 79
FU 0 42 76
FU 0 43 55
FU 0 44 117
FU 0 45 150
FU 0 46 267
FU 0 49 60
FU 0 51 28
FU 0 52 11
FU 0 56 85
FU 0 57 46
FU 0 58 45
FU 0 60 2
FU 0 62 226
FU 0 65 46
FU 0 66 151
FU 0 67 58
FU 0 69 1000
FU 0 73 184
FU 0 74 1000
FU 0 75 1000
FU 0 80 267
FU 1 6 55
FU 1 28 6
FU 1 37 45
FU 1 51 62
FU 1 52 14
FU 1 58 272
FU 1 60 0
FU 2 1 12
FU 2 3 997
FU 2 4 3
FU 2 5 23
FU 2 9 32
FU 2 10 0
FU 2 11 0
FU 2 12 23
FU 2 13 19
FU 2 14 26
FU 2 18 5
FU 2 20 9
FU 2 25 18
FU 2 28 0
FU 2 37 26
FU 2 42 112
FU 2 43 43
FU 2 45 28
FU 2 49 76
FU 2 53 2
FU 2 54 17
FU 2 56 10
FU 2 57 53
FU 2 58 29
FU 2 59 153
FU 2 61 5
FU 2 64 3
FU 2 67 52
FU 2 68 0
FU 2 71 1
FU 2 72 2
FU 2 73 22
FU 2 77 0
FU 2 79 0
FU 3 2 0
FU 3 9 6
FU 3 16 47
FU 3 18 16
FU 3 20 8
FU 3 38 63
FU 3 41 0
FU 3 42 87
FU 3 47 0
FU 3 50 0
FU 3 53 0
FU 3 54 4
FU 3 63 0
FU 3 68 0
FU 3 72 0
FU 3 73 28
FU 4 2 0
FU 4 5 11
FU 4 6 12
FU 4 8 12
FU 4 10 0
FU 4 12 19
FU 4 15 47
FU 4 28 0
FU 4 31 0
FU 4 43 18
FU 4 49 38
FU 4 57 46
FU 4 59 0
FU 4 62 36
FU 4 64 0
FU 4 77 0
FU 5 1 32
FU 5 2 0
FU 5 4 154
FU 5 6 18
FU 5 8 151
FU 5 10 0
FU 5 11 0
FU 5 12 35
FU 5 13 0
FU 5 14 45
FU 5 17 0
FU 5 31 0
FU 5 34 0
FU 5 37 26
FU 5 40 21
FU 5 43 10
FU 5 45 41
FU 5 49 25
FU 5 52 0
FU 5 56 24
FU 5 57 33
FU 5 58 34
FU 5 59 225
FU 5 60 0
FU 5 61 0
FU 5 62 36
FU 5 64 0
FU 5 67 45
FU 5 77 0
FU 5 79 0
FU 6 4 132
FU 6 5 15
FU 6 8 0
FU 6 10 0
FU 6 13 131
FU 6 14 12
FU 6 17 62
FU 6 24 144
FU 6 26 0
FU 6 29 115
FU 6 30 69
FU 6 37 15
FU 6 43 14
FU 6 44 46
FU 6 52 0
FU 6 57 42
FU 6 59 259
FU 6 62 47
FU 6 64 252
FU 6 67 61
FU 6 71 57
FU 6 77 0
FU 8 4 23
FU 8 5 6
FU 8 6 28
FU 8 10 23
FU 8 11 0
FU 8 12 19
FU 8 13 21
FU 8 14 34
FU 8 24 85
FU 8 26 127
FU 8 30 80
FU 8 31 139
FU 8 34 55
FU 8 37 13
FU 8 40 19
FU 8 43 38
FU 8 44 108
FU 8 52 458
FU 8 57 21
FU 8 59 126
FU 8 60 0
FU 8 62 36
FU 8 64 37
FU 8 67 67
FU 8 79 28
FU 9 2 0
FU 9 3 0
FU 9 16 49
FU 9 18 34
FU 9 20 254
FU 9 25 1
FU 9 38 12
FU 9 41 0
FU 9 42 69
FU 9 50 0
FU 9 53 0
FU 9 54 242
FU 9 63 0
FU 9 65 4
FU 9 68 0
FU 9 72 0
FU 9 73 4
FU 10 1 31
FU 10 2 0
FU 10 4 288
FU 10 5 17
FU 10 6 11
FU 10 8 20
FU 10 11 0
FU 10 12 27
FU 10 13 0
FU 10 14 21
FU 10 15 47
FU 10 17 74
FU 10 25 51
FU 10 28 39
FU 10 31 1
FU 10 34 0
FU 10 37 14
FU 10 40 34
FU 10 43 22
FU 10 45 90
FU 10 49 102
FU 10 52 16
FU 10 56 20
FU 10 57 86
FU 10 58 51
FU 10 60 0
FU 10 61 0
FU 10 62 73
FU 10 64 0
FU 10 67 24
FU 10 71 90
FU 10 77 68
FU 10 78 120
FU 10 79 0
FU 11 1 419
FU 11 2 36
FU 11 5 307
FU 11 6 448
FU 11 8 95
FU 11 10 477
FU 11 12 264
FU 11 13 288
FU 11 14 95
FU 11 15 241
FU 11 17 250
FU 11 22 427
FU 11 24 223
FU 11 26 398
FU 11 28 419
FU 11 29 162
FU 11 30 305
FU 11 34 379
FU 11 36 179
FU 11 37 169
FU 11 40 275
FU 11 43 307
FU 11 44 356
FU 11 49 62
FU 11 51 256
FU 11 52 38
FU 11 57 67
FU 11 60 998
FU 11 67 255
FU 11 70 443
FU 11 71 340
FU 11 77 440
FU 11 78 344
FU 11 79 373
FU 11 0 1000
FU 12 1 15
FU 12 2 25
FU 12 4 52
FU 12 5 12
FU 12 6 21
FU 12 8 1
FU 12 10 11
FU 12 11 0
FU 12 13 5
FU 12 14 17
FU 12 15 17
FU 12 17 31
FU 12 28 15
FU 12 31 21
FU 12 34 19
FU 12 37 17
FU 12 40 16
FU 12 43 11
FU 12 45 90
FU 12 49 57
FU 12 52 0
FU 12 56 21
FU 12 57 24
FU 12 58 18
FU 12 60 0
FU 12 61 20
FU 12 64 36
FU 12 67 39
FU 12 71 14
FU 12 77 12
FU 12 79 34
FU 13 1 74
FU 13 2 261
FU 13 5 22
FU 13 6 17
FU 13 8 1
FU 13 10 34
FU 13 11 0
FU 13 12 27
FU 13 14 52
FU 13 15 31
FU 13 17 85
FU 13 22 98
FU 13 24 110
FU 13 26 162
FU 13 28 59
FU 13 29 150
FU 13 30 89
FU 13 31 0
FU 13 34 49
FU 13 36 18
FU 13 37 33
FU 13 40 40
FU 13 43 27
FU 13 44 142
FU 13 49 35
FU 13 51 24
FU 13 52 5
FU 13 57 23
FU 13 60 0
FU 13 67 22
FU 13 70 117
FU 13 71 39
FU 13 77 70
FU 13 78 60
FU 13 79 0
FU 14 6 22
FU 14 8 3
FU 14 11 0
FU 14 13 0
FU 14 17 0
FU 14 40 61
FU 14 58 16
FU 15 11 0
FU 15 13 6
FU 15 34 140
FU 15 40 27
FU 15 51 31
FU 15 66 100
FU 16 27 79
FU 16 53 0
FU 16 55 0
FU 16 66 53
FU 16 68 0
FU 16 78 0
FU 17 1 14
FU 17 5 35
FU 17 6 20
FU 17 10 0
FU 17 11 0
FU 17 12 8
FU 17 13 0
FU 17 14 25
FU 17 31 0
FU 17 37 31
FU 17 43 17
FU 17 45 59
FU 17 49 66
FU 17 56 9
FU 17 57 21
FU 17 58 38
FU 17 59 230
FU 17 60 0
FU 17 61 0
FU 17 62 45
FU 17 64 0
FU 17 67 17
FU 17 71 0
FU 17 77 0
FU 17 79 0
FU 18 2 579
FU 18 50 0
FU 18 53 404
FU 19 16 30
FU 19 21 14
FU 19 27 99
FU 19 36 18
FU 19 46 49
FU 19 51 15
FU 19 52 2
FU 19 55 52
FU 19 63 1
FU 19 66 125
FU 19 71 60
FU 19 76 62
FU 19 78 18
FU 19 80 137
FU 20 2 0
FU 20 3 0
FU 20 9 166
FU 20 14 20
FU 20 16 42
FU 20 18 19
FU 20 25 1
FU 20 38 43
FU 20 41 0
FU 20 42 18
FU 20 50 0
FU 20 54 234
FU 20 55 0
FU 20 63 0
FU 20 65 17
FU 20 72 0
FU 20 73 3
FU 21 19 54
FU 21 27 146
FU 21 36 24
FU 21 38 430
FU 21 48 741
FU 21 55 365
FU 21 65 1
FU 21 76 854
FU 21 80 90
FU 22 11 0
FU 22 13 0
FU 22 15 19
FU 22 28 81
FU 22 34 0
FU 22 37 11
FU 22 39 60
FU 22 40 25
FU 22 46 30
FU 22 51 15
FU 22 52 2
FU 22 71 0
FU 22 78 0
FU 24 6 25
FU 24 8 1
FU 24 13 0
FU 24 30 98
FU 24 39 50
FU 24 44 41
FU 25 2 0
FU 25 9 40
FU 25 10 53
FU 25 16 57
FU 25 18 25
FU 25 20 70
FU 25 41 162
FU 25 42 47
FU 25 45 36
FU 25 50 0
FU 25 53 0
FU 25 56 30
FU 25 57 26
FU 25 58 47
FU 25 60 0
FU 25 61 98
FU 25 63 0
FU 25 67 14
FU 25 68 0
FU 25 73 44
FU 25 77 44
FU 25 79 41
FU 26 6 25
FU 26 8 0
FU 26 11 0
FU 26 13 42
FU 26 39 39
FU 26 44 73
FU 27 16 28
FU 28 1 30
FU 28 2 0
FU 28 4 131
FU 28 10 42
FU 28 11 0
FU 28 12 29
FU 28 13 0
FU 28 14 12
FU 28 15 38
FU 28 19 37
FU 28 22 0
FU 28 34 155
FU 28 36 71
FU 28 37 22
FU 28 39 21
FU 28 40 21
FU 28 45 76
FU 28 46 47
FU 28 51 25
FU 28 52 105
FU 28 56 3
FU 28 58 42
FU 28 61 152
FU 28 66 66
FU 28 67 43
FU 28 71 0
FU 28 77 76
FU 28 78 0
FU 28 79 97
FU 29 6 14
FU 29 13 0
FU 29 30 74
FU 29 39 53
FU 29 70 0
FU 30 6 32
FU 30 8 1
FU 30 11 0
FU 30 13 4
FU 30 24 96
FU 30 29 108
FU 30 39 31
FU 30 44 18
FU 31 1 33
FU 31 4 0
FU 31 5 32
FU 31 6 14
FU 31 8 14
FU 31 10 0
FU 31 12 28
FU 31 13 16
FU 31 14 48
FU 31 17 0
FU 31 37 7
FU 31 43 33
FU 31 49 39
FU 31 56 19
FU 31 57 16
FU 31 58 35
FU 31 59 0
FU 31 61 0
FU 31 62 36
FU 31 64 0
FU 31 67 40
FU 31 71 0
FU 31 77 0
FU 31 79 0
FU 34 1 20
FU 34 5 15
FU 34 6 11
FU 34 8 0
FU 34 10 0
FU 34 11 0
FU 34 12 17
FU 34 13 0
FU 34 14 35
FU 34 15 40
FU 34 19 52
FU 34 22 0
FU 34 28 0
FU 34 36 59
FU 34 37 24
FU 34 39 33
FU 34 40 8
FU 34 43 20
FU 34 46 17
FU 34 49 30
FU 34 51 25
FU 34 52 3
FU 34 57 32
FU 34 60 0
FU 34 71 0
FU 34 78 0
FU 34 79 0
FU 36 11 0
FU 36 13 0
FU 36 16 24
FU 36 19 20
FU 36 21 9
FU 36 27 132
FU 36 37 16
FU 36 40 15
FU 36 46 40
FU 36 48 253
FU 36 52 41
FU 36 55 44
FU 36 63 172
FU 36 66 84
FU 36 71 14
FU 36 73 180
FU 36 76 63
FU 36 78 50
FU 37 5 16
FU 37 6 18
FU 37 8 42
FU 37 10 0
FU 37 12 21
FU 37 13 0
FU 37 14 24
FU 37 15 33
FU 37 17 63
FU 37 22 334
FU 37 28 0
FU 37 36 64
FU 37 40 39
FU 37 43 23
FU 37 51 29
FU 37 52 1
FU 37 60 0
FU 37 71 0
FU 37 77 0
FU 37 78 52
FU 38 72 408
FU 39 24 79
FU 39 26 0
FU 39 29 159
FU 39 30 94
FU 39 40 50
FU 39 44 54
FU 39 46 50
FU 39 66 73
FU 39 70 60
FU 40 5 32
FU 40 8 1
FU 40 10 0
FU 40 11 0
FU 40 12 22
FU 40 13 79
FU 40 14 31
FU 40 15 29
FU 40 22 54
FU 40 28 33
FU 40 34 48
FU 40 36 64
FU 40 37 26
FU 40 39 49
FU 40 49 48
FU 40 51 9
FU 40 52 37
FU 40 57 28
FU 40 60 0
FU 40 71 46
FU 40 78 58
FU 41 3 0
FU 41 9 4
FU 41 18 19
FU 41 20 21
FU 41 25 3
FU 41 38 95
FU 41 42 60
FU 41 47 0
FU 41 50 0
FU 41 53 0
FU 41 54 7
FU 41 68 0
FU 41 72 0
FU 41 73 36
FU 42 47 0
FU 43 1 31
FU 43 2 89
FU 43 4 127
FU 43 5 16
FU 43 6 20
FU 43 8 52
FU 43 10 11
FU 43 11 0
FU 43 12 28
FU 43 13 8
FU 43 14 48
FU 43 17 29
FU 43 31 119
FU 43 34 22
FU 43 37 7
FU 43 45 76
FU 43 49 20
FU 43 52 15
FU 43 56 7
FU 43 57 37
FU 43 58 29
FU 43 60 0
FU 43 61 36
FU 43 62 58
FU 43 64 76
FU 43 67 43
FU 43 77 15
FU 43 79 25
FU 44 6 15
FU 44 8 182
FU 44 11 0
FU 44 13 40
FU 44 24 89
FU 44 26 311
FU 44 30 88
FU 44 39 95
FU 44 70 378
FU 45 5 20
FU 45 25 102
FU 45 28 35
FU 45 60 0
FU 45 62 52
FU 46 15 34
FU 46 19 65
FU 46 27 104
FU 46 28 31
FU 46 34 0
FU 46 51 18
FU 46 55 340
FU 46 66 84
FU 46 71 21
FU 46 80 58
FU 47 3 0
FU 47 38 26
FU 47 41 0
FU 47 42 70
FU 47 50 0
FU 47 72 0
FU 48 19 36
FU 48 21 2
FU 48 36 8
FU 48 55 0
FU 48 76 0
FU 48 80 110
FU 49 40 27
FU 50 3 0
FU 50 9 9
FU 50 14 23
FU 50 16 37
FU 50 18 23
FU 50 20 13
FU 50 25 4
FU 50 38 38
FU 50 41 820
FU 50 42 94
FU 50 47 997
FU 50 53 401
FU 50 54 18
FU 50 60 0
FU 50 63 418
FU 50 68 997
FU 50 72 393
FU 50 73 1
FU 51 1 34
FU 51 11 0
FU 51 13 58
FU 51 15 39
FU 51 16 51
FU 51 19 40
FU 51 22 56
FU 51 28 31
FU 51 37 16
FU 51 40 33
FU 51 46 25
FU 51 52 8
FU 51 60 0
FU 51 63 378
FU 51 65 11
FU 51 66 84
FU 51 71 73
FU 51 78 98
FU 52 1 27
FU 52 5 16
FU 52 6 18
FU 52 8 22
FU 52 10 21
FU 52 11 0
FU 52 12 121
FU 52 13 27
FU 52 15 26
FU 52 19 90
FU 52 22 26
FU 52 28 14
FU 52 34 9
FU 52 36 131
FU 52 37 29
FU 52 39 89
FU 52 40 105
FU 52 43 160
FU 52 46 85
FU 52 49 31
FU 52 51 105
FU 52 57 24
FU 52 60 0
FU 52 71 14
FU 52 78 16
FU 52 79 80
FU 53 2 0
FU 53 3 0
FU 53 9 2
FU 53 16 24
FU 53 18 19
FU 53 25 1
FU 53 41 0
FU 53 42 58
FU 53 50 0
FU 53 54 13
FU 53 68 0
FU 53 72 0
FU 53 73 45
FU 54 2 0
FU 54 3 0
FU 54 9 195
FU 54 14 28
FU 54 16 59
FU 54 18 10
FU 54 20 155
FU 54 25 1
FU 54 41 0
FU 54 42 121
FU 54 50 0
FU 54 53 0
FU 54 63 0
FU 54 68 0
FU 54 72 0
FU 54 73 39
FU 55 16 43
FU 55 19 29
FU 55 20 2
FU 55 21 16
FU 55 27 74
FU 55 36 56
FU 55 39 81
FU 55 46 23
FU 55 48 0
FU 55 63 0
FU 55 65 18
FU 55 66 63
FU 55 73 15
FU 55 76 0
FU 55 80 115
FU 56 1 21
FU 56 5 20
FU 56 10 57
FU 56 12 38
FU 56 14 22
FU 56 15 52
FU 56 17 55
FU 56 25 19
FU 56 28 65
FU 56 31 699
FU 56 43 7
FU 56 45 51
FU 56 49 51
FU 56 57 16
FU 56 58 28
FU 56 60 0
FU 56 61 199
FU 56 62 38
FU 56 64 307
FU 56 67 41
FU 56 77 89
FU 56 79 108
FU 57 8 45
FU 57 62 34
FU 57 64 0
FU 58 2 3
FU 58 5 28
FU 58 10 0
FU 58 14 42
FU 58 17 1
FU 58 25 32
FU 58 28 46
FU 58 43 27
FU 58 57 52
FU 58 60 0
FU 58 67 54
FU 58 77 96
FU 58 79 0
FU 59 2 0
FU 59 4 0
FU 59 5 11
FU 59 6 32
FU 59 8 59
FU 59 17 0
FU 59 31 2
FU 59 49 42
FU 59 62 52
FU 59 64 0
FU 60 1 21
FU 60 5 208
FU 60 8 183
FU 60 10 59
FU 60 11 0
FU 60 12 28
FU 60 13 184
FU 60 14 26
FU 60 15 9
FU 60 17 267
FU 60 18 601
FU 60 25 189
FU 60 34 121
FU 60 37 337
FU 60 40 37
FU 60 43 22
FU 60 45 117
FU 60 50 998
FU 60 51 275
FU 60 52 197
FU 60 56 727
FU 60 57 28
FU 60 58 158
FU 60 61 186
FU 60 65 858
FU 60 67 28
FU 60 71 227
FU 60 73 252
FU 60 77 67
FU 60 78 132
FU 60 79 114
FU 61 1 46
FU 61 2 0
FU 61 5 25
FU 61 10 0
FU 61 12 46
FU 61 14 18
FU 61 15 49
FU 61 17 0
FU 61 25 1
FU 61 28 27
FU 61 31 0
FU 61 43 25
FU 61 45 105
FU 61 49 30
FU 61 56 12
FU 61 57 21
FU 61 58 46
FU 61 60 0
FU 61 62 39
FU 61 64 0
FU 61 67 19
FU 61 77 0
FU 61 79 0
FU 62 4 2
FU 62 6 17
FU 62 8 31
FU 62 10 0
FU 62 14 30
FU 62 17 0
FU 62 43 32
FU 62 57 52
FU 62 59 1
FU 62 61 5
FU 62 64 3
FU 62 77 0
FU 62 79 0
FU 63 3 0
FU 63 9 15
FU 63 14 32
FU 63 16 57
FU 63 18 19
FU 63 19 57
FU 63 20 17
FU 63 25 3
FU 63 36 40
FU 63 38 29
FU 63 42 84
FU 63 50 0
FU 63 51 18
FU 63 54 10
FU 63 55 0
FU 63 65 19
FU 63 72 0
FU 63 73 57
FU 63 76 0
FU 63 80 118
FU 64 2 0
FU 64 4 0
FU 64 5 9
FU 64 6 12
FU 64 8 12
FU 64 10 0
FU 64 12 33
FU 64 14 6
FU 64 17 0
FU 64 31 0
FU 64 43 30
FU 64 49 33
FU 64 56 16
FU 64 57 46
FU 64 59 0
FU 64 61 0
FU 64 62 40
FU 64 67 15
FU 64 77 0
FU 64 79 0
FU 65 21 874
FU 65 51 10
FU 66 15 46
FU 66 16 56
FU 66 27 85
FU 66 28 32
FU 66 51 13
FU 67 6 16
FU 67 8 2
FU 67 10 0
FU 67 11 0
FU 67 13 0
FU 67 14 30
FU 67 15 20
FU 67 17 0
FU 67 25 2
FU 67 28 0
FU 67 37 8
FU 67 43 22
FU 67 49 44
FU 67 57 33
FU 67 58 50
FU 67 60 0
FU 67 61 0
FU 67 62 71
FU 67 64 0
FU 67 77 0
FU 67 79 0
FU 68 2 0
FU 68 3 0
FU 68 9 5
FU 68 16 38
FU 68 18 18
FU 68 25 362
FU 68 41 0
FU 68 42 31
FU 68 50 0
FU 68 53 0
FU 68 54 11
FU 68 72 0
FU 70 11 0
FU 70 13 0
FU 70 29 190
FU 70 39 72
FU 70 44 45
FU 71 1 31
FU 71 2 0
FU 71 6 20
FU 71 10 84
FU 71 11 0
FU 71 12 25
FU 71 13 0
FU 71 14 41
FU 71 15 29
FU 71 17 39
FU 71 19 27
FU 71 22 0
FU 71 28 23
FU 71 31 0
FU 71 34 0
FU 71 36 115
FU 71 37 27
FU 71 40 39
FU 71 46 303
FU 71 49 34
FU 71 51 24
FU 71 52 21
FU 71 57 32
FU 71 60 0
FU 71 78 49
FU 72 2 0
FU 72 3 0
FU 72 9 9
FU 72 16 88
FU 72 18 25
FU 72 20 12
FU 72 25 66
FU 72 38 94
FU 72 41 0
FU 72 42 33
FU 72 47 0
FU 72 50 0
FU 72 53 0
FU 72 54 4
FU 72 63 3
FU 72 68 0
FU 72 73 90
FU 73 3 0
FU 73 9 93
FU 73 14 24
FU 73 16 60
FU 73 18 30
FU 73 25 18
FU 73 36 26
FU 73 41 3
FU 73 42 40
FU 73 50 0
FU 73 53 179
FU 73 55 170
FU 73 60 0
FU 73 63 2
FU 73 65 13
FU 73 72 180
FU 76 16 23
FU 76 19 29
FU 76 21 25
FU 76 27 80
FU 76 36 53
FU 76 48 0
FU 76 55 0
FU 76 63 0
FU 76 65 13
FU 76 66 117
FU 76 80 105
FU 77 1 16
FU 77 2 1
FU 77 4 74
FU 77 5 20
FU 77 6 18
FU 77 10 46
FU 77 11 0
FU 77 12 27
FU 77 13 12
FU 77 14 25
FU 77 15 25
FU 77 17 32
FU 77 25 2
FU 77 28 21
FU 77 31 0
FU 77 37 20
FU 77 43 23
FU 77 45 42
FU 77 49 42
FU 77 56 7
FU 77 57 46
FU 77 58 27
FU 77 60 0
FU 77 61 249
FU 77 62 36
FU 77 64 263
FU 77 67 43
FU 77 79 94
FU 78 1 39
FU 78 10 73
FU 78 11 0
FU 78 13 27
FU 78 14 49
FU 78 15 21
FU 78 16 69
FU 78 19 70
FU 78 22 0
FU 78 28 0
FU 78 34 0
FU 78 36 29
FU 78 37 21
FU 78 40 29
FU 78 51 18
FU 78 52 18
FU 78 57 31
FU 78 60 0
FU 78 71 0
FU 79 1 24
FU 79 2 0
FU 79 5 42
FU 79 6 11
FU 79 8 35
FU 79 10 7
FU 79 11 0
FU 79 12 49
FU 79 13 23
FU 79 14 27
FU 79 15 46
FU 79 17 9
FU 79 25 5
FU 79 28 16
FU 79 31 0
FU 79 34 0
FU 79 37 20
FU 79 43 14
FU 79 45 39
FU 79 49 35
FU 79 52 8
FU 79 56 10
FU 79 57 18
FU 79 58 35
FU 79 60 0
FU 79 61 36
FU 79 62 45
FU 79 64 13
FU 79 67 20
FU 79 77 19
FU 80 19 56
FU 80 21 20
FU 80 46 64
FU 80 55 8
FU 80 76 6
