Nodes: 101
Arcs: 4416
MVE: 31
MAE: 1025
SAE: 180369
Terminals_rem: 0
Nodes_rem: 33
Arcs_rem: 2297
First LB: 13
LB: 13
Iter. LB: 0
First UB: 42
UB: 29
Iter. UB: 46
gap: 55.1724
BM. Time: 0
Runtime: 627
FL 0 14 409
FL 0 4 286
FL 0 2 331
FL 0 40 19
FL 0 76 14
FL 0 18 338
FL 0 57 21
FL 0 8 0
FL 0 79 0
FL 0 9 28
FL 0 48 29
FL 0 37 24
FL 0 31 308
FL 0 33 319
FL 0 47 0
FL 0 35 25
FL 0 43 23
FL 0 66 325
FL 0 15 21
FL 0 27 21
FL 0 62 269
FL 0 69 25
FL 0 16 0
FL 0 24 27
FL 0 54 381
FL 0 19 0
FL 0 20 0
FL 0 17 414
FL 0 71 7
FL 0 87 20
FL 0 81 31
FL 0 41 340
FL 0 11 0
FL 0 7 0
FL 0 77 3
FL 0 67 0
FL 0 44 30
FL 0 64 17
FL 0 10 389
FL 0 26 0
FL 0 52 361
FL 0 70 27
FL 0 25 1
FL 0 74 0
FL 0 61 23
FL 0 1 28
FL 0 3 998
FL 0 5 46
FL 0 6 999
FL 0 12 59
FL 0 13 998
FL 0 21 5
FL 0 22 998
FL 0 23 56
FL 0 28 999
FL 0 29 999
FL 0 30 48
FL 0 32 999
FL 0 34 26
FL 0 36 999
FL 0 38 16
FL 0 39 14
FL 0 42 55
FL 0 45 999
FL 0 46 999
FL 0 49 999
FL 0 50 19
FL 0 51 999
FL 0 53 998
FL 0 55 63
FL 0 56 125
FL 0 58 998
FL 0 59 998
FL 0 60 66
FL 0 63 129
FL 0 65 998
FL 0 68 998
FL 0 72 2
FL 0 75 998
FL 0 78 94
FL 0 80 998
FL 0 82 998
FL 0 83 998
FL 0 84 162
FL 0 85 82
FL 0 86 55
FL 0 88 99
FL 0 89 999
FL 0 90 999
FL 0 91 999
FL 0 92 999
FL 0 93 999
FL 0 94 999
FL 0 95 999
FL 0 96 999
FL 0 97 999
FL 0 98 999
FL 0 99 999
FL 0 100 999
FL 1 48 51
FL 2 10 42
FL 2 11 0
FL 2 12 14
FL 2 14 44
FL 2 15 0
FL 2 16 0
FL 2 17 16
FL 2 23 25
FL 2 27 0
FL 2 30 15
FL 2 31 11
FL 2 37 0
FL 2 40 0
FL 2 41 5
FL 2 44 0
FL 2 48 0
FL 2 50 1
FL 2 52 13
FL 2 57 0
FL 2 60 39
FL 2 62 130
FL 2 63 19
FL 2 64 0
FL 2 69 0
FL 2 70 0
FL 2 71 0
FL 2 76 0
FL 2 77 0
FL 2 78 82
FL 2 79 0
FL 2 81 0
FL 4 5 11
FL 4 7 0
FL 4 8 0
FL 4 11 0
FL 4 17 24
FL 4 21 1
FL 4 23 31
FL 4 24 0
FL 4 30 22
FL 4 31 20
FL 4 33 32
FL 4 35 0
FL 4 38 0
FL 4 39 2
FL 4 42 20
FL 4 43 0
FL 4 52 40
FL 4 54 24
FL 4 56 17
FL 4 61 0
FL 4 66 32
FL 4 67 0
FL 4 72 0
FL 4 74 0
FL 4 77 0
FL 4 79 0
FL 4 84 65
FL 5 50 6
FL 5 73 0
FL 7 1 8
FL 7 4 46
FL 7 5 29
FL 7 8 0
FL 7 9 0
FL 7 11 0
FL 7 12 13
FL 7 14 11
FL 7 16 0
FL 7 17 44
FL 7 18 36
FL 7 19 0
FL 7 20 0
FL 7 21 0
FL 7 23 18
FL 7 24 0
FL 7 25 0
FL 7 26 0
FL 7 27 0
FL 7 30 17
FL 7 31 17
FL 7 33 19
FL 7 34 47
FL 7 35 0
FL 7 37 0
FL 7 38 0
FL 7 39 1
FL 7 40 0
FL 7 41 29
FL 7 42 33
FL 7 43 0
FL 7 44 0
FL 7 47 0
FL 7 48 0
FL 7 50 1
FL 7 52 19
FL 7 54 24
FL 7 55 95
FL 7 56 8
FL 7 57 0
FL 7 61 0
FL 7 63 20
FL 7 64 0
FL 7 66 44
FL 7 67 0
FL 7 69 0
FL 7 70 0
FL 7 71 1
FL 7 72 0
FL 7 73 0
FL 7 74 0
FL 7 77 0
FL 7 79 0
FL 7 81 0
FL 7 84 28
FL 8 1 38
FL 8 4 28
FL 8 5 38
FL 8 7 0
FL 8 9 0
FL 8 10 10
FL 8 11 0
FL 8 12 22
FL 8 14 14
FL 8 15 0
FL 8 16 0
FL 8 17 13
FL 8 18 9
FL 8 19 0
FL 8 20 0
FL 8 21 0
FL 8 23 20
FL 8 24 0
FL 8 25 0
FL 8 26 0
FL 8 27 0
FL 8 30 24
FL 8 31 41
FL 8 33 32
FL 8 34 31
FL 8 35 0
FL 8 37 0
FL 8 38 0
FL 8 39 1
FL 8 40 0
FL 8 41 46
FL 8 42 13
FL 8 43 0
FL 8 44 999
FL 8 47 0
FL 8 50 999
FL 8 52 34
FL 8 54 19
FL 8 55 25
FL 8 56 18
FL 8 57 2
FL 8 61 0
FL 8 63 35
FL 8 64 0
FL 8 66 34
FL 8 67 0
FL 8 69 59
FL 8 70 999
FL 8 71 0
FL 8 72 0
FL 8 73 0
FL 8 74 0
FL 8 77 0
FL 8 79 0
FL 8 81 0
FL 8 84 11
FL 8 86 17
FL 8 87 392
FL 8 88 93
FL 9 1 24
FL 9 5 34
FL 9 7 0
FL 9 8 0
FL 9 10 4
FL 9 11 0
FL 9 12 21
FL 9 17 5
FL 9 18 3
FL 9 20 0
FL 9 21 1
FL 9 23 27
FL 9 24 0
FL 9 25 0
FL 9 26 0
FL 9 27 0
FL 9 30 15
FL 9 31 3
FL 9 33 3
FL 9 34 11
FL 9 35 0
FL 9 37 0
FL 9 38 0
FL 9 39 1
FL 9 40 0
FL 9 41 5
FL 9 42 23
FL 9 43 0
FL 9 44 0
FL 9 48 0
FL 9 50 1
FL 9 52 5
FL 9 54 5
FL 9 56 17
FL 9 57 0
FL 9 61 0
FL 9 63 19
FL 9 64 998
FL 9 66 6
FL 9 67 0
FL 9 69 0
FL 9 71 0
FL 9 72 0
FL 9 74 0
FL 9 77 0
FL 9 79 0
FL 9 81 0
FL 9 84 30
FL 9 86 27
FL 9 88 105
FL 10 2 55
FL 10 5 28
FL 10 8 0
FL 10 9 0
FL 10 12 29
FL 10 14 20
FL 10 15 0
FL 10 18 63
FL 10 26 0
FL 10 27 0
FL 10 30 36
FL 10 31 46
FL 10 33 38
FL 10 37 0
FL 10 40 0
FL 10 41 45
FL 10 43 0
FL 10 44 0
FL 10 48 1
FL 10 50 1
FL 10 52 15
FL 10 54 19
FL 10 57 0
FL 10 60 68
FL 10 61 0
FL 10 62 152
FL 10 63 31
FL 10 64 0
FL 10 66 31
FL 10 67 0
FL 10 69 0
FL 10 70 0
FL 10 74 0
FL 10 76 0
FL 10 77 0
FL 10 79 0
FL 10 81 0
FL 10 84 64
FL 10 87 0
FL 10 88 116
FL 11 1 13
FL 11 2 74
FL 11 4 70
FL 11 5 16
FL 11 7 0
FL 11 8 0
FL 11 9 0
FL 11 12 6
FL 11 14 28
FL 11 16 0
FL 11 17 30
FL 11 19 0
FL 11 20 0
FL 11 21 0
FL 11 23 10
FL 11 25 0
FL 11 26 0
FL 11 27 0
FL 11 30 17
FL 11 34 10
FL 11 37 0
FL 11 40 0
FL 11 41 23
FL 11 42 43
FL 11 44 0
FL 11 47 0
FL 11 52 23
FL 11 54 49
FL 11 55 38
FL 11 61 0
FL 11 63 26
FL 11 66 49
FL 11 67 0
FL 11 70 0
FL 11 71 0
FL 11 72 0
FL 11 73 0
FL 11 74 0
FL 11 77 0
FL 11 79 0
FL 11 81 0
FL 11 85 51
FL 11 86 37
FL 11 88 99
FL 12 19 0
FL 12 34 12
FL 12 42 19
FL 12 72 4
FL 12 86 47
FL 14 1 25
FL 14 2 45
FL 14 5 17
FL 14 7 0
FL 14 8 0
FL 14 10 29
FL 14 11 0
FL 14 12 36
FL 14 15 0
FL 14 16 0
FL 14 17 22
FL 14 19 0
FL 14 20 0
FL 14 21 1
FL 14 23 25
FL 14 25 0
FL 14 26 0
FL 14 27 0
FL 14 30 19
FL 14 31 38
FL 14 34 19
FL 14 37 0
FL 14 40 0
FL 14 41 15
FL 14 44 0
FL 14 48 0
FL 14 50 1
FL 14 52 40
FL 14 54 19
FL 14 55 30
FL 14 57 0
FL 14 60 51
FL 14 62 208
FL 14 63 9
FL 14 64 0
FL 14 69 0
FL 14 70 0
FL 14 71 0
FL 14 72 0
FL 14 74 0
FL 14 76 0
FL 14 77 0
FL 14 78 30
FL 14 79 0
FL 14 81 0
FL 14 85 56
FL 14 87 0
FL 14 88 142
FL 15 2 3
FL 15 8 0
FL 15 10 4
FL 15 12 8
FL 15 14 3
FL 15 16 0
FL 15 23 11
FL 15 25 0
FL 15 26 0
FL 15 27 0
FL 15 30 26
FL 15 31 6
FL 15 37 0
FL 15 40 0
FL 15 41 5
FL 15 44 0
FL 15 48 0
FL 15 50 1
FL 15 52 4
FL 15 54 3
FL 15 57 0
FL 15 60 30
FL 15 62 7
FL 15 63 14
FL 15 64 0
FL 15 69 0
FL 15 70 0
FL 15 71 0
FL 15 76 0
FL 15 77 0
FL 15 78 55
FL 15 79 0
FL 15 81 0
FL 15 87 0
FL 15 88 90
FL 16 1 41
FL 16 2 60
FL 16 5 26
FL 16 7 0
FL 16 8 0
FL 16 11 0
FL 16 12 27
FL 16 14 64
FL 16 15 0
FL 16 17 51
FL 16 21 11
FL 16 23 15
FL 16 25 0
FL 16 26 0
FL 16 27 5
FL 16 30 16
FL 16 34 22
FL 16 37 4
FL 16 42 16
FL 16 44 3
FL 16 48 3
FL 16 50 3
FL 16 54 51
FL 16 70 2
FL 16 71 1
FL 16 72 1
FL 16 73 0
FL 16 74 0
FL 16 76 0
FL 16 77 1
FL 16 78 22
FL 16 79 0
FL 16 81 3
FL 16 85 67
FL 16 86 34
FL 17 1 27
FL 17 2 78
FL 17 4 74
FL 17 5 17
FL 17 7 0
FL 17 8 0
FL 17 9 0
FL 17 11 0
FL 17 12 5
FL 17 14 59
FL 17 16 0
FL 17 18 50
FL 17 19 0
FL 17 20 0
FL 17 21 1
FL 17 23 28
FL 17 24 0
FL 17 25 0
FL 17 26 0
FL 17 30 16
FL 17 31 48
FL 17 33 62
FL 17 34 19
FL 17 35 0
FL 17 37 0
FL 17 38 1
FL 17 39 2
FL 17 40 0
FL 17 41 46
FL 17 42 16
FL 17 43 0
FL 17 44 0
FL 17 47 0
FL 17 52 16
FL 17 54 18
FL 17 55 33
FL 17 56 5
FL 17 57 0
FL 17 61 0
FL 17 63 19
FL 17 66 40
FL 17 67 0
FL 17 69 0
FL 17 70 0
FL 17 71 0
FL 17 72 1
FL 17 74 0
FL 17 77 0
FL 17 79 0
FL 17 81 0
FL 17 84 37
FL 17 86 52
FL 17 87 0
FL 18 1 42
FL 18 5 10
FL 18 7 0
FL 18 8 0
FL 18 9 0
FL 18 10 33
FL 18 12 6
FL 18 17 16
FL 18 21 1
FL 18 23 35
FL 18 24 0
FL 18 25 0
FL 18 26 0
FL 18 27 0
FL 18 30 37
FL 18 31 23
FL 18 33 33
FL 18 35 0
FL 18 37 0
FL 18 38 0
FL 18 39 1
FL 18 40 0
FL 18 41 34
FL 18 42 8
FL 18 43 0
FL 18 44 0
FL 18 48 0
FL 18 50 1
FL 18 52 31
FL 18 54 8
FL 18 56 16
FL 18 57 0
FL 18 61 0
FL 18 63 22
FL 18 64 0
FL 18 66 41
FL 18 67 0
FL 18 69 0
FL 18 72 0
FL 18 74 0
FL 18 77 0
FL 18 79 0
FL 18 81 0
FL 18 84 45
FL 18 87 0
FL 18 88 106
FL 19 1 39
FL 19 5 22
FL 19 7 0
FL 19 8 0
FL 19 11 0
FL 19 12 7
FL 19 14 13
FL 19 17 13
FL 19 21 0
FL 19 23 20
FL 19 25 0
FL 19 26 0
FL 19 27 0
FL 19 30 12
FL 19 34 10
FL 19 37 0
FL 19 42 64
FL 19 44 0
FL 19 54 32
FL 19 67 0
FL 19 70 0
FL 19 71 0
FL 19 72 0
FL 19 73 0
FL 19 74 0
FL 19 77 0
FL 19 78 32
FL 19 79 0
FL 19 81 0
FL 19 85 41
FL 19 86 26
FL 20 1 18
FL 20 5 17
FL 20 7 0
FL 20 8 0
FL 20 9 0
FL 20 11 0
FL 20 12 35
FL 20 14 12
FL 20 17 29
FL 20 21 0
FL 20 23 40
FL 20 25 0
FL 20 26 0
FL 20 27 0
FL 20 30 26
FL 20 34 68
FL 20 37 366
FL 20 42 12
FL 20 44 0
FL 20 52 23
FL 20 54 22
FL 20 63 24
FL 20 67 0
FL 20 70 0
FL 20 71 0
FL 20 72 0
FL 20 73 0
FL 20 74 0
FL 20 77 0
FL 20 79 0
FL 20 81 0
FL 20 85 34
FL 20 86 47
FL 21 4 15
FL 21 9 0
FL 21 18 20
FL 21 25 0
FL 21 31 14
FL 21 34 13
FL 21 35 0
FL 21 38 0
FL 21 39 201
FL 21 41 15
FL 21 42 19
FL 21 43 0
FL 21 47 86
FL 21 48 0
FL 21 55 54
FL 21 57 0
FL 21 69 0
FL 21 72 0
FL 21 79 0
FL 21 87 0
FL 23 7 0
FL 23 47 0
FL 23 73 0
FL 24 1 11
FL 24 4 5
FL 24 5 24
FL 24 7 0
FL 24 8 0
FL 24 9 0
FL 24 12 30
FL 24 17 4
FL 24 18 5
FL 24 21 2
FL 24 25 132
FL 24 26 0
FL 24 27 0
FL 24 30 13
FL 24 31 4
FL 24 33 4
FL 24 35 0
FL 24 37 261
FL 24 38 2
FL 24 39 2
FL 24 40 0
FL 24 41 4
FL 24 42 15
FL 24 43 0
FL 24 48 197
FL 24 52 3
FL 24 54 7
FL 24 56 9
FL 24 57 0
FL 24 61 0
FL 24 63 16
FL 24 66 7
FL 24 67 0
FL 24 69 120
FL 24 72 184
FL 24 74 0
FL 24 77 0
FL 24 79 0
FL 24 81 0
FL 24 84 33
FL 24 87 226
FL 25 1 27
FL 25 5 32
FL 25 7 0
FL 25 8 0
FL 25 9 0
FL 25 11 0
FL 25 12 17
FL 25 14 8
FL 25 15 999
FL 25 16 0
FL 25 17 30
FL 25 18 42
FL 25 19 0
FL 25 20 0
FL 25 21 0
FL 25 23 20
FL 25 24 158
FL 25 26 0
FL 25 27 0
FL 25 30 41
FL 25 31 37
FL 25 33 39
FL 25 34 42
FL 25 35 506
FL 25 37 0
FL 25 38 0
FL 25 40 0
FL 25 41 29
FL 25 42 13
FL 25 43 0
FL 25 44 0
FL 25 47 0
FL 25 48 488
FL 25 50 0
FL 25 52 28
FL 25 54 7
FL 25 55 6
FL 25 56 394
FL 25 57 695
FL 25 60 56
FL 25 61 0
FL 25 63 32
FL 25 64 0
FL 25 66 30
FL 25 67 0
FL 25 69 64
FL 25 70 0
FL 25 71 0
FL 25 72 0
FL 25 73 0
FL 25 74 0
FL 25 76 0
FL 25 77 0
FL 25 79 0
FL 25 81 0
FL 25 85 58
FL 25 86 41
FL 26 1 6
FL 26 5 19
FL 26 7 0
FL 26 8 0
FL 26 9 0
FL 26 10 11
FL 26 11 0
FL 26 12 11
FL 26 14 21
FL 26 15 0
FL 26 16 0
FL 26 17 27
FL 26 18 37
FL 26 19 0
FL 26 20 0
FL 26 21 0
FL 26 23 24
FL 26 24 0
FL 26 25 0
FL 26 27 0
FL 26 30 32
FL 26 31 24
FL 26 33 16
FL 26 34 13
FL 26 35 0
FL 26 37 0
FL 26 38 0
FL 26 39 1
FL 26 40 0
FL 26 41 6
FL 26 42 20
FL 26 43 0
FL 26 44 0
FL 26 47 0
FL 26 50 1
FL 26 52 33
FL 26 54 28
FL 26 55 13
FL 26 56 7
FL 26 57 0
FL 26 61 0
FL 26 63 24
FL 26 64 0
FL 26 66 10
FL 26 67 0
FL 26 69 0
FL 26 70 0
FL 26 71 0
FL 26 72 0
FL 26 73 0
FL 26 74 0
FL 26 77 0
FL 26 79 0
FL 26 81 0
FL 26 84 41
FL 26 85 68
FL 26 86 31
FL 26 87 0
FL 27 1 20
FL 27 2 4
FL 27 5 15
FL 27 7 0
FL 27 8 0
FL 27 9 0
FL 27 10 4
FL 27 11 0
FL 27 12 11
FL 27 14 3
FL 27 15 0
FL 27 16 0
FL 27 18 3
FL 27 19 0
FL 27 20 0
FL 27 21 1
FL 27 23 30
FL 27 24 0
FL 27 25 0
FL 27 26 0
FL 27 30 14
FL 27 31 3
FL 27 33 4
FL 27 34 11
FL 27 37 0
FL 27 38 1
FL 27 40 0
FL 27 41 3
FL 27 43 0
FL 27 44 0
FL 27 48 0
FL 27 50 2
FL 27 52 6
FL 27 54 6
FL 27 55 13
FL 27 57 0
FL 27 60 48
FL 27 62 6
FL 27 63 24
FL 27 64 0
FL 27 69 0
FL 27 70 0
FL 27 71 0
FL 27 72 1
FL 27 74 0
FL 27 76 0
FL 27 77 0
FL 27 78 66
FL 27 79 0
FL 27 81 0
FL 30 57 0
FL 30 69 0
FL 31 1 19
FL 31 2 30
FL 31 4 27
FL 31 5 12
FL 31 7 0
FL 31 8 0
FL 31 9 0
FL 31 10 11
FL 31 12 14
FL 31 14 24
FL 31 15 0
FL 31 17 30
FL 31 18 23
FL 31 21 1
FL 31 23 34
FL 31 24 0
FL 31 25 0
FL 31 26 0
FL 31 27 0
FL 31 30 15
FL 31 33 70
FL 31 35 0
FL 31 37 0
FL 31 38 1
FL 31 39 1
FL 31 42 10
FL 31 43 0
FL 31 44 0
FL 31 48 0
FL 31 50 1
FL 31 54 30
FL 31 56 14
FL 31 57 0
FL 31 67 0
FL 31 69 0
FL 31 70 0
FL 31 72 0
FL 31 74 0
FL 31 77 0
FL 31 79 0
FL 31 81 0
FL 31 84 64
FL 31 87 0
FL 33 1 15
FL 33 4 57
FL 33 5 22
FL 33 7 0
FL 33 8 0
FL 33 9 0
FL 33 10 40
FL 33 12 11
FL 33 17 4
FL 33 18 16
FL 33 21 1
FL 33 23 18
FL 33 24 0
FL 33 25 0
FL 33 26 0
FL 33 27 0
FL 33 30 24
FL 33 31 42
FL 33 35 0
FL 33 37 0
FL 33 38 1
FL 33 39 1
FL 33 40 0
FL 33 41 50
FL 33 42 32
FL 33 43 0
FL 33 44 0
FL 33 48 0
FL 33 50 2
FL 33 52 13
FL 33 54 12
FL 33 56 8
FL 33 57 0
FL 33 61 0
FL 33 63 31
FL 33 64 0
FL 33 66 30
FL 33 67 0
FL 33 69 0
FL 33 70 0
FL 33 72 0
FL 33 74 0
FL 33 77 0
FL 33 79 0
FL 33 81 0
FL 33 84 29
FL 34 12 41
FL 34 14 7
FL 34 47 342
FL 35 1 26
FL 35 4 5
FL 35 5 46
FL 35 7 0
FL 35 8 0
FL 35 9 0
FL 35 12 24
FL 35 17 6
FL 35 18 3
FL 35 21 1
FL 35 24 0
FL 35 25 0
FL 35 26 0
FL 35 30 19
FL 35 31 3
FL 35 33 3
FL 35 38 1
FL 35 39 2
FL 35 40 0
FL 35 41 3
FL 35 42 48
FL 35 43 0
FL 35 52 3
FL 35 54 3
FL 35 56 22
FL 35 61 0
FL 35 66 6
FL 35 67 0
FL 35 74 0
FL 35 77 7
FL 35 79 0
FL 35 81 0
FL 35 84 41
FL 35 88 100
FL 37 1 16
FL 37 2 5
FL 37 5 21
FL 37 7 0
FL 37 8 0
FL 37 9 0
FL 37 10 3
FL 37 11 0
FL 37 12 9
FL 37 14 4
FL 37 15 0
FL 37 16 0
FL 37 17 4
FL 37 18 6
FL 37 19 0
FL 37 20 509
FL 37 21 0
FL 37 23 16
FL 37 24 52
FL 37 25 0
FL 37 26 0
FL 37 27 0
FL 37 30 25
FL 37 31 3
FL 37 33 7
FL 37 38 85
FL 37 40 0
FL 37 41 3
FL 37 43 0
FL 37 44 0
FL 37 48 0
FL 37 50 1
FL 37 52 4
FL 37 54 5
FL 37 55 65
FL 37 57 0
FL 37 60 43
FL 37 62 9
FL 37 63 27
FL 37 64 0
FL 37 69 0
FL 37 70 0
FL 37 71 0
FL 37 72 0
FL 37 74 0
FL 37 76 0
FL 37 77 0
FL 37 78 63
FL 37 79 0
FL 37 81 0
FL 37 87 0
FL 38 12 32
FL 38 21 15
FL 38 25 0
FL 38 27 998
FL 38 31 4
FL 38 37 385
FL 38 40 0
FL 38 42 45
FL 38 48 311
FL 38 57 314
FL 38 69 268
FL 38 77 0
FL 38 81 0
FL 38 87 401
FL 39 12 34
FL 39 21 2
FL 39 26 0
FL 39 31 3
FL 39 40 999
FL 39 41 4
FL 39 42 38
FL 39 77 138
FL 39 81 999
FL 40 1 12
FL 40 2 4
FL 40 5 30
FL 40 7 0
FL 40 8 0
FL 40 9 0
FL 40 10 3
FL 40 11 0
FL 40 12 22
FL 40 14 4
FL 40 15 0
FL 40 17 2
FL 40 18 5
FL 40 21 1
FL 40 23 31
FL 40 24 0
FL 40 25 0
FL 40 26 0
FL 40 27 0
FL 40 30 36
FL 40 33 4
FL 40 34 30
FL 40 35 0
FL 40 37 0
FL 40 38 0
FL 40 39 1
FL 40 42 36
FL 40 43 0
FL 40 44 0
FL 40 48 0
FL 40 50 1
FL 40 54 3
FL 40 56 13
FL 40 57 0
FL 40 67 0
FL 40 69 0
FL 40 70 0
FL 40 71 0
FL 40 72 0
FL 40 74 0
FL 40 76 0
FL 40 77 0
FL 40 79 0
FL 40 81 0
FL 40 84 37
FL 40 86 54
FL 40 87 0
FL 41 1 14
FL 41 2 34
FL 41 7 0
FL 41 8 0
FL 41 9 0
FL 41 10 10
FL 41 11 0
FL 41 12 9
FL 41 14 32
FL 41 15 0
FL 41 17 12
FL 41 18 18
FL 41 21 10
FL 41 23 13
FL 41 24 0
FL 41 25 0
FL 41 26 0
FL 41 27 0
FL 41 30 8
FL 41 33 33
FL 41 34 11
FL 41 35 1
FL 41 37 0
FL 41 39 1
FL 41 44 0
FL 41 48 0
FL 41 50 1
FL 41 54 32
FL 41 57 0
FL 41 62 152
FL 41 69 0
FL 41 70 0
FL 41 71 0
FL 41 72 1
FL 41 74 0
FL 41 76 0
FL 41 77 0
FL 41 78 51
FL 41 79 0
FL 41 81 0
FL 41 85 35
FL 41 87 0
FL 42 9 0
FL 42 12 27
FL 42 31 59
FL 42 39 1
FL 42 47 0
FL 43 1 8
FL 43 4 5
FL 43 5 24
FL 43 7 0
FL 43 8 0
FL 43 9 0
FL 43 10 4
FL 43 12 23
FL 43 17 3
FL 43 18 2
FL 43 21 1
FL 43 23 37
FL 43 24 0
FL 43 25 0
FL 43 26 0
FL 43 27 0
FL 43 30 44
FL 43 31 3
FL 43 33 2
FL 43 35 0
FL 43 37 0
FL 43 38 1
FL 43 39 1
FL 43 40 0
FL 43 42 28
FL 43 44 0
FL 43 48 0
FL 43 52 5
FL 43 54 3
FL 43 56 5
FL 43 57 0
FL 43 61 0
FL 43 63 37
FL 43 66 6
FL 43 67 0
FL 43 69 0
FL 43 72 1
FL 43 74 0
FL 43 77 0
FL 43 79 0
FL 43 81 0
FL 43 84 74
FL 43 87 0
FL 44 1 19
FL 44 2 3
FL 44 5 48
FL 44 7 0
FL 44 8 0
FL 44 9 0
FL 44 10 5
FL 44 11 0
FL 44 12 25
FL 44 14 3
FL 44 15 0
FL 44 16 0
FL 44 17 2
FL 44 18 4
FL 44 19 0
FL 44 20 0
FL 44 21 10
FL 44 23 44
FL 44 25 0
FL 44 26 0
FL 44 27 0
FL 44 30 19
FL 44 31 4
FL 44 33 3
FL 44 34 19
FL 44 37 0
FL 44 40 0
FL 44 41 4
FL 44 43 0
FL 44 48 0
FL 44 50 1
FL 44 52 3
FL 44 54 3
FL 44 55 64
FL 44 57 0
FL 44 60 42
FL 44 61 0
FL 44 62 13
FL 44 63 43
FL 44 64 0
FL 44 69 0
FL 44 70 0
FL 44 71 0
FL 44 72 1
FL 44 74 0
FL 44 76 0
FL 44 77 0
FL 44 78 106
FL 44 79 0
FL 44 81 0
FL 44 85 20
FL 47 1 6
FL 47 5 19
FL 47 7 0
FL 47 8 0
FL 47 11 0
FL 47 17 23
FL 47 21 0
FL 47 23 15
FL 47 25 0
FL 47 26 0
FL 47 30 39
FL 47 34 36
FL 47 42 26
FL 47 54 18
FL 47 67 0
FL 47 71 0
FL 47 72 9
FL 47 73 0
FL 47 74 0
FL 47 77 0
FL 47 79 0
FL 47 85 49
FL 47 86 25
FL 48 1 69
FL 48 2 12
FL 48 7 0
FL 48 9 2
FL 48 10 8
FL 48 12 56
FL 48 14 9
FL 48 15 1
FL 48 16 0
FL 48 18 5
FL 48 21 16
FL 48 23 11
FL 48 24 130
FL 48 25 5
FL 48 27 2
FL 48 30 21
FL 48 31 7
FL 48 33 2
FL 48 37 0
FL 48 38 254
FL 48 40 1
FL 48 41 10
FL 48 43 2
FL 48 44 3
FL 48 50 6
FL 48 52 7
FL 48 54 5
FL 48 57 0
FL 48 60 43
FL 48 62 11
FL 48 63 42
FL 48 64 1
FL 48 69 2
FL 48 70 3
FL 48 71 2
FL 48 74 0
FL 48 76 0
FL 48 77 1
FL 48 78 100
FL 48 79 0
FL 48 81 5
FL 50 5 22
FL 50 7 0
FL 50 8 0
FL 50 9 999
FL 50 16 0
FL 50 18 5
FL 50 33 5
FL 50 55 27
FL 50 62 7
FL 50 71 999
FL 50 72 2
FL 50 74 1
FL 50 76 2
FL 50 78 44
FL 50 87 3
FL 52 1 26
FL 52 2 79
FL 52 4 78
FL 52 5 15
FL 52 7 0
FL 52 8 0
FL 52 9 0
FL 52 10 36
FL 52 11 0
FL 52 12 27
FL 52 14 29
FL 52 15 1
FL 52 17 24
FL 52 18 25
FL 52 20 1
FL 52 21 4
FL 52 23 10
FL 52 24 2
FL 52 25 1
FL 52 26 1
FL 52 27 1
FL 52 30 18
FL 52 33 14
FL 52 34 18
FL 52 35 2
FL 52 37 2
FL 52 38 2
FL 52 39 2
FL 52 42 13
FL 52 43 0
FL 52 44 0
FL 52 48 1
FL 52 50 1
FL 52 54 11
FL 52 56 7
FL 52 57 0
FL 52 63 12
FL 52 67 0
FL 52 69 1
FL 52 70 0
FL 52 71 0
FL 52 72 1
FL 52 74 0
FL 52 77 0
FL 52 79 0
FL 52 81 0
FL 52 84 32
FL 52 85 99
FL 52 86 41
FL 52 87 0
FL 54 1 29
FL 54 4 85
FL 54 5 26
FL 54 7 0
FL 54 8 0
FL 54 9 0
FL 54 10 32
FL 54 11 0
FL 54 12 18
FL 54 14 23
FL 54 15 0
FL 54 16 1
FL 54 17 32
FL 54 18 34
FL 54 19 1
FL 54 20 1
FL 54 21 2
FL 54 23 26
FL 54 24 1
FL 54 25 1
FL 54 26 1
FL 54 27 1
FL 54 30 13
FL 54 31 36
FL 54 33 32
FL 54 34 23
FL 54 35 1
FL 54 37 1
FL 54 38 3
FL 54 39 2
FL 54 40 1
FL 54 41 31
FL 54 42 20
FL 54 43 1
FL 54 44 1
FL 54 47 1
FL 54 48 1
FL 54 50 2
FL 54 52 36
FL 54 55 49
FL 54 56 9
FL 54 57 1
FL 54 60 36
FL 54 61 1
FL 54 63 28
FL 54 64 1
FL 54 66 45
FL 54 67 1
FL 54 69 1
FL 54 70 1
FL 54 71 1
FL 54 72 2
FL 54 74 1
FL 54 77 1
FL 54 79 1
FL 54 81 1
FL 54 84 16
FL 54 86 54
FL 54 87 1
FL 55 21 1
FL 55 25 2
FL 55 34 27
FL 55 50 2
FL 55 72 8
FL 55 79 1
FL 56 25 99
FL 56 26 1
FL 56 35 2
FL 56 38 5
FL 56 40 3
FL 56 42 7
FL 56 77 353
FL 57 1 28
FL 57 2 9
FL 57 5 11
FL 57 7 1
FL 57 8 1
FL 57 9 1
FL 57 10 4
FL 57 12 15
FL 57 14 5
FL 57 15 0
FL 57 17 3
FL 57 18 6
FL 57 21 1
FL 57 24 0
FL 57 25 2
FL 57 26 0
FL 57 27 0
FL 57 30 38
FL 57 31 3
FL 57 33 3
FL 57 37 0
FL 57 38 99
FL 57 40 0
FL 57 41 4
FL 57 43 0
FL 57 44 0
FL 57 48 0
FL 57 50 1
FL 57 52 3
FL 57 54 2
FL 57 60 44
FL 57 62 6
FL 57 63 14
FL 57 64 0
FL 57 69 0
FL 57 70 0
FL 57 74 0
FL 57 76 999
FL 57 77 0
FL 57 79 0
FL 57 81 0
FL 60 25 0
FL 61 1 37
FL 61 4 4
FL 61 5 19
FL 61 7 0
FL 61 8 0
FL 61 9 0
FL 61 10 3
FL 61 11 0
FL 61 12 31
FL 61 17 4
FL 61 18 4
FL 61 21 10
FL 61 23 51
FL 61 24 0
FL 61 25 0
FL 61 26 0
FL 61 30 17
FL 61 33 4
FL 61 35 1
FL 61 38 1
FL 61 39 2
FL 61 42 32
FL 61 43 1
FL 61 44 2
FL 61 54 2
FL 61 56 19
FL 61 67 0
FL 61 72 1
FL 61 74 0
FL 61 77 0
FL 61 79 0
FL 61 81 0
FL 61 84 53
FL 61 86 18
FL 62 2 53
FL 62 10 23
FL 62 12 9
FL 62 14 20
FL 62 15 0
FL 62 23 23
FL 62 27 0
FL 62 37 0
FL 62 41 43
FL 62 44 0
FL 62 48 0
FL 62 50 1
FL 62 57 0
FL 62 60 47
FL 62 63 22
FL 62 64 0
FL 62 69 0
FL 62 70 0
FL 62 71 0
FL 62 76 0
FL 62 78 35
FL 62 81 0
FL 63 24 3
FL 63 78 27
FL 64 1 35
FL 64 2 5
FL 64 5 9
FL 64 7 0
FL 64 8 0
FL 64 9 0
FL 64 10 6
FL 64 12 17
FL 64 14 3
FL 64 15 0
FL 64 18 4
FL 64 21 10
FL 64 23 23
FL 64 25 0
FL 64 26 0
FL 64 27 0
FL 64 30 37
FL 64 33 3
FL 64 37 0
FL 64 44 0
FL 64 48 0
FL 64 50 1
FL 64 54 1
FL 64 57 0
FL 64 62 4
FL 64 69 0
FL 64 70 0
FL 64 71 0
FL 64 72 1
FL 64 74 0
FL 64 76 0
FL 64 77 0
FL 64 78 65
FL 64 79 0
FL 64 81 0
FL 64 87 0
FL 66 1 36
FL 66 4 81
FL 66 5 46
FL 66 7 0
FL 66 8 0
FL 66 9 0
FL 66 10 27
FL 66 11 0
FL 66 12 17
FL 66 17 21
FL 66 18 39
FL 66 21 1
FL 66 23 6
FL 66 24 0
FL 66 25 0
FL 66 26 0
FL 66 30 29
FL 66 33 15
FL 66 34 19
FL 66 35 0
FL 66 38 1
FL 66 39 2
FL 66 42 16
FL 66 43 0
FL 66 54 18
FL 66 56 7
FL 66 67 0
FL 66 71 0
FL 66 72 1
FL 66 74 0
FL 66 77 0
FL 66 79 0
FL 66 81 0
FL 66 84 26
FL 66 85 102
FL 66 86 33
FL 67 1 17
FL 67 4 18
FL 67 5 40
FL 67 7 0
FL 67 8 0
FL 67 9 0
FL 67 10 34
FL 67 11 0
FL 67 12 26
FL 67 17 29
FL 67 18 22
FL 67 19 0
FL 67 20 0
FL 67 21 0
FL 67 23 46
FL 67 24 0
FL 67 25 0
FL 67 26 0
FL 67 30 18
FL 67 31 18
FL 67 33 20
FL 67 35 0
FL 67 38 0
FL 67 39 1
FL 67 40 0
FL 67 42 60
FL 67 43 0
FL 67 47 0
FL 67 52 45
FL 67 54 35
FL 67 56 19
FL 67 61 0
FL 67 63 24
FL 67 66 31
FL 67 71 0
FL 67 72 0
FL 67 73 0
FL 67 74 0
FL 67 77 0
FL 67 79 0
FL 67 81 0
FL 67 84 78
FL 67 86 127
FL 67 88 67
FL 69 1 16
FL 69 2 5
FL 69 5 13
FL 69 7 0
FL 69 8 0
FL 69 9 0
FL 69 10 4
FL 69 12 25
FL 69 14 4
FL 69 15 0
FL 69 17 4
FL 69 18 1
FL 69 21 1
FL 69 24 31
FL 69 25 1
FL 69 26 0
FL 69 27 0
FL 69 30 13
FL 69 31 3
FL 69 33 6
FL 69 37 0
FL 69 38 375
FL 69 40 0
FL 69 41 4
FL 69 43 0
FL 69 44 0
FL 69 48 0
FL 69 50 1
FL 69 52 5
FL 69 54 3
FL 69 57 2
FL 69 60 89
FL 69 62 6
FL 69 63 17
FL 69 64 0
FL 69 70 0
FL 69 72 205
FL 69 74 0
FL 69 76 0
FL 69 77 0
FL 69 79 0
FL 69 81 0
FL 70 1 7
FL 70 2 6
FL 70 5 32
FL 70 7 0
FL 70 8 0
FL 70 10 2
FL 70 11 0
FL 70 12 11
FL 70 14 4
FL 70 15 2
FL 70 16 0
FL 70 17 3
FL 70 19 0
FL 70 20 0
FL 70 21 15
FL 70 23 23
FL 70 25 0
FL 70 26 0
FL 70 27 0
FL 70 30 14
FL 70 31 5
FL 70 33 2
FL 70 34 26
FL 70 37 2
FL 70 40 0
FL 70 41 4
FL 70 44 2
FL 70 48 1
FL 70 50 1
FL 70 52 6
FL 70 54 9
FL 70 55 48
FL 70 57 0
FL 70 60 73
FL 70 62 8
FL 70 63 16
FL 70 64 1
FL 70 69 1
FL 70 71 0
FL 70 72 1
FL 70 74 0
FL 70 76 0
FL 70 77 0
FL 70 78 46
FL 70 79 0
FL 70 81 0
FL 71 1 23
FL 71 2 5
FL 71 5 46
FL 71 7 0
FL 71 8 0
FL 71 9 0
FL 71 11 0
FL 71 12 19
FL 71 14 5
FL 71 15 0
FL 71 16 0
FL 71 17 2
FL 71 19 0
FL 71 20 0
FL 71 21 0
FL 71 23 55
FL 71 25 0
FL 71 26 0
FL 71 27 0
FL 71 30 35
FL 71 34 14
FL 71 37 0
FL 71 40 0
FL 71 41 2
FL 71 42 25
FL 71 44 0
FL 71 47 0
FL 71 48 0
FL 71 50 1
FL 71 52 3
FL 71 54 2
FL 71 55 93
FL 71 60 69
FL 71 62 9
FL 71 63 25
FL 71 64 0
FL 71 66 6
FL 71 67 0
FL 71 70 0
FL 71 72 0
FL 71 73 0
FL 71 74 0
FL 71 76 0
FL 71 77 0
FL 71 78 39
FL 71 79 0
FL 71 81 0
FL 71 85 52
FL 71 86 47
FL 72 9 0
FL 72 12 14
FL 72 14 21
FL 72 18 18
FL 72 21 0
FL 72 24 176
FL 72 25 0
FL 72 31 26
FL 72 33 34
FL 72 34 7
FL 72 41 38
FL 72 43 999
FL 72 47 286
FL 72 50 2
FL 72 55 18
FL 72 61 999
FL 72 69 425
FL 72 79 0
FL 73 1 97
FL 73 5 37
FL 73 7 999
FL 73 8 999
FL 73 11 999
FL 73 16 999
FL 73 19 999
FL 73 20 510
FL 73 21 207
FL 73 23 14
FL 73 25 777
FL 73 26 999
FL 73 30 18
FL 73 34 366
FL 73 42 100
FL 73 47 305
FL 73 55 97
FL 73 67 998
FL 73 71 23
FL 73 72 612
FL 73 74 999
FL 73 77 504
FL 73 79 999
FL 73 85 114
FL 73 86 92
FL 73 0 1000
FL 74 1 30
FL 74 4 26
FL 74 5 34
FL 74 7 0
FL 74 8 0
FL 74 9 0
FL 74 10 20
FL 74 11 0
FL 74 12 16
FL 74 14 20
FL 74 16 0
FL 74 17 21
FL 74 18 36
FL 74 19 0
FL 74 20 0
FL 74 21 1
FL 74 23 18
FL 74 24 0
FL 74 25 0
FL 74 26 0
FL 74 27 0
FL 74 30 10
FL 74 31 45
FL 74 33 11
FL 74 34 12
FL 74 35 0
FL 74 37 0
FL 74 38 0
FL 74 39 2
FL 74 40 0
FL 74 41 23
FL 74 42 22
FL 74 43 0
FL 74 44 0
FL 74 47 0
FL 74 48 0
FL 74 50 1
FL 74 52 32
FL 74 54 23
FL 74 55 35
FL 74 56 10
FL 74 57 0
FL 74 61 0
FL 74 63 71
FL 74 64 0
FL 74 66 46
FL 74 67 0
FL 74 69 0
FL 74 70 0
FL 74 71 0
FL 74 72 0
FL 74 73 0
FL 74 77 0
FL 74 79 0
FL 74 81 0
FL 74 84 41
FL 74 85 58
FL 74 86 11
FL 74 87 0
FL 76 2 3
FL 76 10 3
FL 76 12 15
FL 76 14 2
FL 76 15 0
FL 76 16 0
FL 76 21 1
FL 76 23 13
FL 76 25 0
FL 76 27 0
FL 76 37 0
FL 76 40 0
FL 76 41 3
FL 76 44 0
FL 76 48 0
FL 76 50 1
FL 76 55 41
FL 76 57 0
FL 76 60 64
FL 76 62 5
FL 76 63 21
FL 76 64 0
FL 76 69 0
FL 76 70 0
FL 76 71 0
FL 76 72 0
FL 76 77 0
FL 76 78 60
FL 77 1 25
FL 77 2 49
FL 77 4 55
FL 77 5 12
FL 77 7 0
FL 77 8 0
FL 77 9 0
FL 77 10 88
FL 77 11 0
FL 77 12 22
FL 77 14 50
FL 77 15 0
FL 77 16 0
FL 77 17 24
FL 77 18 100
FL 77 19 0
FL 77 20 0
FL 77 21 9
FL 77 23 4
FL 77 24 0
FL 77 25 0
FL 77 26 0
FL 77 27 0
FL 77 30 8
FL 77 31 69
FL 77 33 80
FL 77 34 13
FL 77 35 513
FL 77 37 2
FL 77 38 4
FL 77 39 802
FL 77 40 0
FL 77 41 54
FL 77 42 23
FL 77 43 0
FL 77 44 1
FL 77 47 0
FL 77 48 1
FL 77 50 1
FL 77 52 97
FL 77 54 26
FL 77 55 54
FL 77 56 162
FL 77 57 0
FL 77 61 1
FL 77 63 46
FL 77 64 0
FL 77 66 157
FL 77 67 0
FL 77 69 2
FL 77 70 1
FL 77 71 2
FL 77 72 0
FL 77 73 0
FL 77 74 0
FL 77 76 0
FL 77 79 0
FL 77 81 0
FL 77 85 46
FL 77 86 17
FL 78 19 0
FL 78 27 0
FL 79 1 16
FL 79 2 51
FL 79 4 49
FL 79 5 21
FL 79 7 0
FL 79 8 0
FL 79 9 0
FL 79 10 26
FL 79 11 0
FL 79 12 20
FL 79 14 25
FL 79 15 0
FL 79 16 0
FL 79 17 24
FL 79 18 24
FL 79 19 0
FL 79 20 0
FL 79 21 3
FL 79 23 17
FL 79 24 0
FL 79 25 0
FL 79 26 0
FL 79 27 0
FL 79 30 17
FL 79 31 16
FL 79 33 38
FL 79 34 13
FL 79 35 0
FL 79 37 0
FL 79 38 1
FL 79 39 1
FL 79 40 0
FL 79 41 41
FL 79 42 27
FL 79 43 0
FL 79 44 0
FL 79 47 0
FL 79 48 0
FL 79 50 2
FL 79 52 37
FL 79 54 29
FL 79 55 35
FL 79 56 21
FL 79 57 0
FL 79 61 0
FL 79 63 22
FL 79 64 0
FL 79 66 26
FL 79 67 0
FL 79 69 0
FL 79 70 0
FL 79 71 0
FL 79 72 0
FL 79 73 0
FL 79 74 0
FL 79 77 0
FL 79 81 0
FL 79 84 12
FL 79 86 47
FL 79 87 0
FL 81 1 17
FL 81 2 4
FL 81 5 25
FL 81 7 0
FL 81 8 0
FL 81 9 0
FL 81 10 8
FL 81 11 0
FL 81 12 19
FL 81 14 2
FL 81 15 0
FL 81 16 0
FL 81 17 1
FL 81 18 4
FL 81 19 0
FL 81 20 0
FL 81 21 1
FL 81 23 18
FL 81 24 0
FL 81 25 0
FL 81 26 0
FL 81 27 0
FL 81 30 17
FL 81 31 1
FL 81 33 1
FL 81 34 24
FL 81 35 0
FL 81 37 0
FL 81 38 1
FL 81 39 1
FL 81 40 0
FL 81 41 5
FL 81 42 18
FL 81 43 0
FL 81 44 0
FL 81 48 0
FL 81 50 2
FL 81 52 4
FL 81 54 7
FL 81 55 18
FL 81 56 12
FL 81 57 0
FL 81 60 79
FL 81 61 0
FL 81 62 12
FL 81 63 14
FL 81 64 0
FL 81 66 6
FL 81 67 0
FL 81 69 0
FL 81 70 0
FL 81 71 0
FL 81 72 1
FL 81 74 0
FL 81 77 0
FL 81 79 0
FL 81 86 38
FL 81 87 0
FL 84 10 68
FL 84 40 2
FL 85 14 10
FL 85 41 32
FL 86 9 0
FL 86 12 27
FL 86 61 0
FL 86 79 0
FL 87 1 27
FL 87 8 0
FL 87 10 3
FL 87 12 22
FL 87 14 2
FL 87 15 0
FL 87 17 1
FL 87 18 2
FL 87 21 1
FL 87 23 26
FL 87 24 24
FL 87 26 0
FL 87 30 26
FL 87 31 1
FL 87 37 0
FL 87 38 34
FL 87 40 0
FL 87 41 3
FL 87 43 0
FL 87 50 1
FL 87 52 3
FL 87 54 2
FL 87 60 38
FL 87 63 52
FL 87 64 0
FL 87 74 0
FL 87 79 0
FL 87 81 0
FL 88 35 0
FU 0 14 409
FU 0 4 297
FU 0 2 344
FU 0 40 9
FU 0 76 7
FU 0 18 337
FU 0 57 9
FU 0 8 2
FU 0 79 2
FU 0 9 2
FU 0 48 17
FU 0 37 22
FU 0 31 315
FU 0 33 322
FU 0 47 2
FU 0 35 21
FU 0 43 10
FU 0 66 326
FU 0 15 9
FU 0 27 3
FU 0 62 292
FU 0 69 19
FU 0 16 2
FU 0 24 27
FU 0 54 374
FU 0 19 2
FU 0 20 3
FU 0 17 420
FU 0 71 3
FU 0 87 11
FU 0 81 16
FU 0 41 351
FU 0 11 2
FU 0 7 2
FU 0 77 7
FU 0 67 2
FU 0 44 15
FU 0 64 2
FU 0 10 390
FU 0 26 2
FU 0 52 358
FU 0 70 11
FU 0 25 13
FU 0 74 2
FU 0 61 11
FU 0 1 32
FU 0 3 1000
FU 0 5 45
FU 0 6 1000
FU 0 12 65
FU 0 13 1000
FU 0 21 13
FU 0 22 1000
FU 0 23 52
FU 0 28 1000
FU 0 29 1000
FU 0 30 48
FU 0 32 1000
FU 0 34 27
FU 0 36 1000
FU 0 38 20
FU 0 39 9
FU 0 42 53
FU 0 45 1000
FU 0 46 1000
FU 0 49 1000
FU 0 50 2
FU 0 51 1000
FU 0 53 1000
FU 0 55 62
FU 0 56 107
FU 0 58 1000
FU 0 59 1000
FU 0 60 68
FU 0 63 136
FU 0 65 1000
FU 0 68 1000
FU 0 72 6
FU 0 75 1000
FU 0 78 93
FU 0 80 1000
FU 0 82 1000
FU 0 83 1000
FU 0 84 179
FU 0 85 79
FU 0 86 55
FU 0 88 97
FU 0 89 1000
FU 0 90 1000
FU 0 91 1000
FU 0 92 1000
FU 0 93 1000
FU 0 94 1000
FU 0 95 1000
FU 0 96 1000
FU 0 97 1000
FU 0 98 1000
FU 0 99 1000
FU 0 100 1000
FU 1 48 24
FU 2 10 29
FU 2 11 0
FU 2 12 33
FU 2 14 39
FU 2 15 0
FU 2 16 0
FU 2 17 14
FU 2 23 24
FU 2 27 0
FU 2 30 10
FU 2 31 20
FU 2 37 0
FU 2 40 0
FU 2 41 7
FU 2 44 0
FU 2 48 0
FU 2 50 0
FU 2 52 9
FU 2 57 0
FU 2 60 38
FU 2 62 127
FU 2 63 16
FU 2 64 0
FU 2 69 0
FU 2 70 0
FU 2 71 0
FU 2 76 0
FU 2 77 0
FU 2 78 89
FU 2 79 0
FU 2 81 0
FU 4 5 10
FU 4 7 0
FU 4 8 0
FU 4 11 0
FU 4 17 16
FU 4 21 1
FU 4 23 29
FU 4 24 0
FU 4 30 17
FU 4 31 30
FU 4 33 39
FU 4 35 0
FU 4 38 0
FU 4 39 1
FU 4 42 14
FU 4 43 0
FU 4 52 36
FU 4 54 29
FU 4 56 29
FU 4 61 0
FU 4 66 31
FU 4 67 0
FU 4 72 0
FU 4 74 0
FU 4 77 0
FU 4 79 0
FU 4 84 62
FU 5 50 0
FU 5 73 0
FU 7 1 6
FU 7 4 35
FU 7 5 27
FU 7 8 0
FU 7 9 0
FU 7 11 0
FU 7 12 9
FU 7 14 11
FU 7 16 0
FU 7 17 41
FU 7 18 26
FU 7 19 0
FU 7 20 0
FU 7 21 0
FU 7 23 19
FU 7 24 0
FU 7 25 0
FU 7 26 0
FU 7 27 0
FU 7 30 14
FU 7 31 29
FU 7 33 16
FU 7 34 45
FU 7 35 0
FU 7 37 0
FU 7 38 0
FU 7 39 0
FU 7 40 0
FU 7 41 26
FU 7 42 32
FU 7 43 0
FU 7 44 0
FU 7 47 0
FU 7 48 0
FU 7 50 0
FU 7 52 12
FU 7 54 31
FU 7 55 94
FU 7 56 14
FU 7 57 0
FU 7 61 0
FU 7 63 18
FU 7 64 0
FU 7 66 47
FU 7 67 0
FU 7 69 0
FU 7 70 0
FU 7 71 0
FU 7 72 0
FU 7 73 0
FU 7 74 0
FU 7 77 0
FU 7 79 0
FU 7 81 0
FU 7 84 24
FU 8 1 37
FU 8 4 25
FU 8 5 35
FU 8 7 0
FU 8 9 0
FU 8 10 11
FU 8 11 0
FU 8 12 16
FU 8 14 15
FU 8 15 0
FU 8 16 0
FU 8 17 20
FU 8 18 7
FU 8 19 0
FU 8 20 0
FU 8 21 0
FU 8 23 19
FU 8 24 0
FU 8 25 0
FU 8 26 0
FU 8 27 0
FU 8 30 31
FU 8 31 33
FU 8 33 33
FU 8 34 20
FU 8 35 0
FU 8 37 0
FU 8 38 0
FU 8 39 0
FU 8 40 0
FU 8 41 46
FU 8 42 12
FU 8 43 0
FU 8 44 985
FU 8 47 0
FU 8 50 998
FU 8 52 51
FU 8 54 13
FU 8 55 21
FU 8 56 16
FU 8 57 1
FU 8 61 0
FU 8 63 35
FU 8 64 0
FU 8 66 46
FU 8 67 0
FU 8 69 113
FU 8 70 989
FU 8 71 0
FU 8 72 0
FU 8 73 0
FU 8 74 0
FU 8 77 0
FU 8 79 0
FU 8 81 0
FU 8 84 11
FU 8 86 13
FU 8 87 362
FU 8 88 92
FU 9 1 21
FU 9 5 27
FU 9 7 0
FU 9 8 0
FU 9 10 5
FU 9 11 0
FU 9 12 14
FU 9 17 3
FU 9 18 2
FU 9 20 0
FU 9 21 1
FU 9 23 23
FU 9 24 0
FU 9 25 0
FU 9 26 0
FU 9 27 0
FU 9 30 18
FU 9 31 4
FU 9 33 2
FU 9 34 4
FU 9 35 0
FU 9 37 0
FU 9 38 0
FU 9 39 0
FU 9 40 0
FU 9 41 5
FU 9 42 22
FU 9 43 0
FU 9 44 0
FU 9 48 0
FU 9 50 0
FU 9 52 8
FU 9 54 16
FU 9 56 45
FU 9 57 0
FU 9 61 0
FU 9 63 19
FU 9 64 998
FU 9 66 6
FU 9 67 0
FU 9 69 0
FU 9 71 0
FU 9 72 0
FU 9 74 0
FU 9 77 0
FU 9 79 0
FU 9 81 0
FU 9 84 29
FU 9 86 40
FU 9 88 97
FU 10 2 44
FU 10 5 22
FU 10 8 0
FU 10 9 0
FU 10 12 25
FU 10 14 17
FU 10 15 0
FU 10 18 56
FU 10 26 0
FU 10 27 0
FU 10 30 48
FU 10 31 37
FU 10 33 31
FU 10 37 0
FU 10 40 0
FU 10 41 51
FU 10 43 0
FU 10 44 0
FU 10 48 0
FU 10 50 0
FU 10 52 14
FU 10 54 25
FU 10 57 0
FU 10 60 66
FU 10 61 0
FU 10 62 131
FU 10 63 34
FU 10 64 0
FU 10 66 45
FU 10 67 0
FU 10 69 0
FU 10 70 0
FU 10 74 0
FU 10 76 0
FU 10 77 0
FU 10 79 0
FU 10 81 0
FU 10 84 57
FU 10 87 0
FU 10 88 110
FU 11 1 6
FU 11 2 55
FU 11 4 68
FU 11 5 17
FU 11 7 0
FU 11 8 0
FU 11 9 0
FU 11 12 3
FU 11 14 32
FU 11 16 0
FU 11 17 31
FU 11 19 0
FU 11 20 0
FU 11 21 0
FU 11 23 10
FU 11 25 0
FU 11 26 0
FU 11 27 0
FU 11 30 13
FU 11 34 12
FU 11 37 0
FU 11 40 0
FU 11 41 24
FU 11 42 46
FU 11 44 0
FU 11 47 0
FU 11 52 29
FU 11 54 37
FU 11 55 33
FU 11 61 0
FU 11 63 28
FU 11 66 42
FU 11 67 0
FU 11 70 0
FU 11 71 0
FU 11 72 0
FU 11 73 0
FU 11 74 0
FU 11 77 0
FU 11 79 0
FU 11 81 0
FU 11 85 47
FU 11 86 30
FU 11 88 98
FU 12 19 0
FU 12 34 16
FU 12 42 18
FU 12 72 2
FU 12 86 47
FU 14 1 20
FU 14 2 45
FU 14 5 13
FU 14 7 0
FU 14 8 0
FU 14 10 34
FU 14 11 0
FU 14 12 33
FU 14 15 0
FU 14 16 0
FU 14 17 11
FU 14 19 0
FU 14 20 0
FU 14 21 0
FU 14 23 32
FU 14 25 0
FU 14 26 0
FU 14 27 0
FU 14 30 13
FU 14 31 35
FU 14 34 14
FU 14 37 0
FU 14 40 0
FU 14 41 19
FU 14 44 0
FU 14 48 0
FU 14 50 0
FU 14 52 38
FU 14 54 27
FU 14 55 39
FU 14 57 0
FU 14 60 53
FU 14 62 191
FU 14 63 9
FU 14 64 0
FU 14 69 0
FU 14 70 0
FU 14 71 0
FU 14 72 0
FU 14 74 0
FU 14 76 0
FU 14 77 0
FU 14 78 31
FU 14 79 0
FU 14 81 0
FU 14 85 56
FU 14 87 0
FU 14 88 140
FU 15 2 1
FU 15 8 0
FU 15 10 7
FU 15 12 3
FU 15 14 4
FU 15 16 0
FU 15 23 11
FU 15 25 0
FU 15 26 0
FU 15 27 0
FU 15 30 25
FU 15 31 16
FU 15 37 0
FU 15 40 0
FU 15 41 9
FU 15 44 0
FU 15 48 0
FU 15 50 0
FU 15 52 7
FU 15 54 1
FU 15 57 0
FU 15 60 32
FU 15 62 3
FU 15 63 11
FU 15 64 0
FU 15 69 0
FU 15 70 0
FU 15 71 0
FU 15 76 0
FU 15 77 0
FU 15 78 49
FU 15 79 0
FU 15 81 0
FU 15 87 0
FU 15 88 90
FU 16 1 39
FU 16 2 66
FU 16 5 19
FU 16 7 0
FU 16 8 0
FU 16 11 0
FU 16 12 21
FU 16 14 41
FU 16 15 0
FU 16 17 35
FU 16 21 83
FU 16 23 11
FU 16 25 0
FU 16 26 0
FU 16 27 0
FU 16 30 19
FU 16 34 13
FU 16 37 15
FU 16 42 13
FU 16 44 0
FU 16 48 6
FU 16 50 0
FU 16 54 41
FU 16 70 0
FU 16 71 0
FU 16 72 0
FU 16 73 0
FU 16 74 0
FU 16 76 0
FU 16 77 8
FU 16 78 25
FU 16 79 0
FU 16 81 0
FU 16 85 60
FU 16 86 34
FU 17 1 30
FU 17 2 79
FU 17 4 79
FU 17 5 13
FU 17 7 0
FU 17 8 0
FU 17 9 0
FU 17 11 0
FU 17 12 8
FU 17 14 50
FU 17 16 0
FU 17 18 46
FU 17 19 0
FU 17 20 0
FU 17 21 1
FU 17 23 26
FU 17 24 0
FU 17 25 0
FU 17 26 0
FU 17 30 15
FU 17 31 45
FU 17 33 49
FU 17 34 22
FU 17 35 0
FU 17 37 0
FU 17 38 1
FU 17 39 0
FU 17 40 0
FU 17 41 40
FU 17 42 16
FU 17 43 0
FU 17 44 0
FU 17 47 0
FU 17 52 12
FU 17 54 21
FU 17 55 33
FU 17 56 4
FU 17 57 0
FU 17 61 0
FU 17 63 15
FU 17 66 45
FU 17 67 0
FU 17 69 0
FU 17 70 0
FU 17 71 0
FU 17 72 1
FU 17 74 0
FU 17 77 0
FU 17 79 0
FU 17 81 0
FU 17 84 42
FU 17 86 45
FU 17 87 0
FU 18 1 40
FU 18 5 6
FU 18 7 0
FU 18 8 0
FU 18 9 0
FU 18 10 44
FU 18 12 5
FU 18 17 16
FU 18 21 1
FU 18 23 36
FU 18 24 0
FU 18 25 0
FU 18 26 0
FU 18 27 0
FU 18 30 35
FU 18 31 21
FU 18 33 38
FU 18 35 0
FU 18 37 0
FU 18 38 0
FU 18 39 0
FU 18 40 0
FU 18 41 24
FU 18 42 19
FU 18 43 0
FU 18 44 0
FU 18 48 0
FU 18 50 0
FU 18 52 22
FU 18 54 13
FU 18 56 32
FU 18 57 0
FU 18 61 0
FU 18 63 21
FU 18 64 0
FU 18 66 41
FU 18 67 0
FU 18 69 0
FU 18 72 0
FU 18 74 0
FU 18 77 0
FU 18 79 0
FU 18 81 0
FU 18 84 46
FU 18 87 0
FU 18 88 102
FU 19 1 34
FU 19 5 19
FU 19 7 0
FU 19 8 0
FU 19 11 0
FU 19 12 4
FU 19 14 16
FU 19 17 23
FU 19 21 0
FU 19 23 21
FU 19 25 0
FU 19 26 0
FU 19 27 0
FU 19 30 13
FU 19 34 13
FU 19 37 0
FU 19 42 66
FU 19 44 0
FU 19 54 33
FU 19 67 0
FU 19 70 0
FU 19 71 0
FU 19 72 0
FU 19 73 0
FU 19 74 0
FU 19 77 0
FU 19 78 30
FU 19 79 0
FU 19 81 0
FU 19 85 39
FU 19 86 18
FU 20 1 16
FU 20 5 16
FU 20 7 0
FU 20 8 0
FU 20 9 0
FU 20 11 0
FU 20 12 31
FU 20 14 17
FU 20 17 31
FU 20 21 0
FU 20 23 39
FU 20 25 0
FU 20 26 0
FU 20 27 0
FU 20 30 25
FU 20 34 64
FU 20 37 327
FU 20 42 11
FU 20 44 0
FU 20 52 24
FU 20 54 25
FU 20 63 21
FU 20 67 0
FU 20 70 0
FU 20 71 0
FU 20 72 0
FU 20 73 0
FU 20 74 0
FU 20 77 0
FU 20 79 0
FU 20 81 0
FU 20 85 39
FU 20 86 42
FU 21 4 17
FU 21 9 0
FU 21 18 23
FU 21 25 0
FU 21 31 13
FU 21 34 15
FU 21 35 0
FU 21 38 0
FU 21 39 195
FU 21 41 29
FU 21 42 19
FU 21 43 0
FU 21 47 85
FU 21 48 0
FU 21 55 51
FU 21 57 0
FU 21 69 0
FU 21 72 0
FU 21 79 0
FU 21 87 0
FU 23 7 0
FU 23 47 0
FU 23 73 0
FU 24 1 11
FU 24 4 6
FU 24 5 32
FU 24 7 0
FU 24 8 0
FU 24 9 0
FU 24 12 35
FU 24 17 5
FU 24 18 4
FU 24 21 2
FU 24 25 86
FU 24 26 0
FU 24 27 0
FU 24 30 15
FU 24 31 3
FU 24 33 5
FU 24 35 0
FU 24 37 237
FU 24 38 6
FU 24 39 0
FU 24 40 0
FU 24 41 5
FU 24 42 15
FU 24 43 0
FU 24 48 154
FU 24 52 2
FU 24 54 4
FU 24 56 5
FU 24 57 0
FU 24 61 0
FU 24 63 13
FU 24 66 12
FU 24 67 0
FU 24 69 104
FU 24 72 151
FU 24 74 0
FU 24 77 0
FU 24 79 0
FU 24 81 0
FU 24 84 34
FU 24 87 237
FU 25 1 24
FU 25 5 30
FU 25 7 0
FU 25 8 0
FU 25 9 0
FU 25 11 0
FU 25 12 11
FU 25 14 12
FU 25 15 991
FU 25 16 0
FU 25 17 29
FU 25 18 30
FU 25 19 0
FU 25 20 0
FU 25 21 0
FU 25 23 25
FU 25 24 236
FU 25 26 0
FU 25 27 0
FU 25 30 39
FU 25 31 37
FU 25 33 30
FU 25 34 40
FU 25 35 486
FU 25 37 0
FU 25 38 0
FU 25 40 0
FU 25 41 30
FU 25 42 9
FU 25 43 0
FU 25 44 0
FU 25 47 0
FU 25 48 515
FU 25 50 0
FU 25 52 25
FU 25 54 7
FU 25 55 11
FU 25 56 383
FU 25 57 755
FU 25 60 58
FU 25 61 0
FU 25 63 28
FU 25 64 0
FU 25 66 29
FU 25 67 0
FU 25 69 87
FU 25 70 0
FU 25 71 0
FU 25 72 0
FU 25 73 0
FU 25 74 0
FU 25 76 0
FU 25 77 0
FU 25 79 0
FU 25 81 0
FU 25 85 59
FU 25 86 39
FU 26 1 2
FU 26 5 20
FU 26 7 0
FU 26 8 0
FU 26 9 0
FU 26 10 14
FU 26 11 0
FU 26 12 9
FU 26 14 29
FU 26 15 0
FU 26 16 0
FU 26 17 29
FU 26 18 35
FU 26 19 0
FU 26 20 0
FU 26 21 0
FU 26 23 25
FU 26 24 0
FU 26 25 0
FU 26 27 0
FU 26 30 29
FU 26 31 25
FU 26 33 18
FU 26 34 7
FU 26 35 0
FU 26 37 0
FU 26 38 0
FU 26 39 0
FU 26 40 0
FU 26 41 7
FU 26 42 22
FU 26 43 0
FU 26 44 0
FU 26 47 0
FU 26 50 0
FU 26 52 33
FU 26 54 25
FU 26 55 8
FU 26 56 11
FU 26 57 0
FU 26 61 0
FU 26 63 20
FU 26 64 0
FU 26 66 5
FU 26 67 0
FU 26 69 0
FU 26 70 0
FU 26 71 0
FU 26 72 0
FU 26 73 0
FU 26 74 0
FU 26 77 0
FU 26 79 0
FU 26 81 0
FU 26 84 43
FU 26 85 61
FU 26 86 50
FU 26 87 0
FU 27 1 21
FU 27 2 5
FU 27 5 14
FU 27 7 0
FU 27 8 0
FU 27 9 0
FU 27 10 2
FU 27 11 0
FU 27 12 6
FU 27 14 2
FU 27 15 0
FU 27 16 0
FU 27 18 7
FU 27 19 0
FU 27 20 0
FU 27 21 1
FU 27 23 31
FU 27 24 0
FU 27 25 0
FU 27 26 0
FU 27 30 15
FU 27 31 1
FU 27 33 5
FU 27 34 11
FU 27 37 0
FU 27 38 0
FU 27 40 0
FU 27 41 2
FU 27 43 0
FU 27 44 0
FU 27 48 0
FU 27 50 0
FU 27 52 3
FU 27 54 1
FU 27 55 18
FU 27 57 0
FU 27 60 50
FU 27 62 9
FU 27 63 22
FU 27 64 0
FU 27 69 0
FU 27 70 0
FU 27 71 0
FU 27 72 0
FU 27 74 0
FU 27 76 0
FU 27 77 0
FU 27 78 70
FU 27 79 0
FU 27 81 0
FU 30 57 0
FU 30 69 0
FU 31 1 17
FU 31 2 27
FU 31 4 42
FU 31 5 11
FU 31 7 0
FU 31 8 0
FU 31 9 0
FU 31 10 20
FU 31 12 11
FU 31 14 21
FU 31 15 0
FU 31 17 32
FU 31 18 38
FU 31 21 1
FU 31 23 30
FU 31 24 0
FU 31 25 0
FU 31 26 0
FU 31 27 0
FU 31 30 12
FU 31 33 59
FU 31 35 0
FU 31 37 0
FU 31 38 0
FU 31 39 0
FU 31 42 6
FU 31 43 0
FU 31 44 0
FU 31 48 0
FU 31 50 0
FU 31 54 21
FU 31 56 22
FU 31 57 0
FU 31 67 0
FU 31 69 0
FU 31 70 0
FU 31 72 0
FU 31 74 0
FU 31 77 0
FU 31 79 0
FU 31 81 0
FU 31 84 56
FU 31 87 0
FU 33 1 14
FU 33 4 51
FU 33 5 18
FU 33 7 0
FU 33 8 0
FU 33 9 0
FU 33 10 40
FU 33 12 12
FU 33 17 6
FU 33 18 27
FU 33 21 1
FU 33 23 13
FU 33 24 0
FU 33 25 0
FU 33 26 0
FU 33 27 0
FU 33 30 18
FU 33 31 43
FU 33 35 0
FU 33 37 0
FU 33 38 0
FU 33 39 0
FU 33 40 0
FU 33 41 47
FU 33 42 25
FU 33 43 0
FU 33 44 0
FU 33 48 0
FU 33 50 0
FU 33 52 20
FU 33 54 10
FU 33 56 7
FU 33 57 0
FU 33 61 0
FU 33 63 31
FU 33 64 0
FU 33 66 36
FU 33 67 0
FU 33 69 0
FU 33 70 0
FU 33 72 0
FU 33 74 0
FU 33 77 0
FU 33 79 0
FU 33 81 0
FU 33 84 30
FU 34 12 35
FU 34 14 18
FU 34 47 311
FU 35 1 21
FU 35 4 5
FU 35 5 43
FU 35 7 0
FU 35 8 0
FU 35 9 0
FU 35 12 22
FU 35 17 5
FU 35 18 4
FU 35 21 3
FU 35 24 0
FU 35 25 0
FU 35 26 0
FU 35 30 23
FU 35 31 4
FU 35 33 4
FU 35 38 0
FU 35 39 0
FU 35 40 0
FU 35 41 2
FU 35 42 48
FU 35 43 0
FU 35 52 3
FU 35 54 5
FU 35 56 33
FU 35 61 0
FU 35 66 5
FU 35 67 0
FU 35 74 0
FU 35 77 36
FU 35 79 0
FU 35 81 0
FU 35 84 41
FU 35 88 102
FU 37 1 13
FU 37 2 8
FU 37 5 19
FU 37 7 0
FU 37 8 0
FU 37 9 0
FU 37 10 7
FU 37 11 0
FU 37 12 4
FU 37 14 5
FU 37 15 0
FU 37 16 0
FU 37 17 6
FU 37 18 2
FU 37 19 0
FU 37 20 442
FU 37 21 0
FU 37 23 15
FU 37 24 115
FU 37 25 0
FU 37 26 0
FU 37 27 0
FU 37 30 21
FU 37 31 3
FU 37 33 17
FU 37 38 94
FU 37 40 0
FU 37 41 5
FU 37 43 0
FU 37 44 0
FU 37 48 0
FU 37 50 0
FU 37 52 4
FU 37 54 4
FU 37 55 52
FU 37 57 0
FU 37 60 39
FU 37 62 10
FU 37 63 36
FU 37 64 0
FU 37 69 0
FU 37 70 0
FU 37 71 0
FU 37 72 0
FU 37 74 0
FU 37 76 0
FU 37 77 0
FU 37 78 58
FU 37 79 0
FU 37 81 0
FU 37 87 0
FU 38 12 40
FU 38 21 227
FU 38 25 0
FU 38 27 997
FU 38 31 3
FU 38 37 372
FU 38 40 0
FU 38 42 41
FU 38 48 276
FU 38 57 234
FU 38 69 240
FU 38 77 8
FU 38 81 0
FU 38 87 388
FU 39 12 32
FU 39 21 1
FU 39 26 0
FU 39 31 3
FU 39 40 991
FU 39 41 5
FU 39 42 42
FU 39 77 96
FU 39 81 984
FU 40 1 9
FU 40 2 6
FU 40 5 31
FU 40 7 0
FU 40 8 0
FU 40 9 0
FU 40 10 3
FU 40 11 0
FU 40 12 21
FU 40 14 8
FU 40 15 0
FU 40 17 1
FU 40 18 5
FU 40 21 1
FU 40 23 36
FU 40 24 0
FU 40 25 0
FU 40 26 0
FU 40 27 0
FU 40 30 37
FU 40 33 5
FU 40 34 29
FU 40 35 0
FU 40 37 0
FU 40 38 0
FU 40 39 0
FU 40 42 26
FU 40 43 0
FU 40 44 0
FU 40 48 0
FU 40 50 0
FU 40 54 3
FU 40 56 16
FU 40 57 0
FU 40 67 0
FU 40 69 0
FU 40 70 0
FU 40 71 0
FU 40 72 0
FU 40 74 0
FU 40 76 0
FU 40 77 0
FU 40 79 0
FU 40 81 0
FU 40 84 36
FU 40 86 52
FU 40 87 0
FU 41 1 24
FU 41 2 52
FU 41 7 0
FU 41 8 0
FU 41 9 0
FU 41 10 10
FU 41 11 0
FU 41 12 8
FU 41 14 26
FU 41 15 0
FU 41 17 11
FU 41 18 28
FU 41 21 60
FU 41 23 12
FU 41 24 0
FU 41 25 0
FU 41 26 0
FU 41 27 0
FU 41 30 9
FU 41 33 39
FU 41 34 5
FU 41 35 0
FU 41 37 0
FU 41 39 0
FU 41 44 0
FU 41 48 0
FU 41 50 0
FU 41 54 26
FU 41 57 0
FU 41 62 142
FU 41 69 0
FU 41 70 0
FU 41 71 0
FU 41 72 2
FU 41 74 0
FU 41 76 0
FU 41 77 0
FU 41 78 48
FU 41 79 0
FU 41 81 0
FU 41 85 38
FU 41 87 0
FU 42 9 0
FU 42 12 23
FU 42 31 59
FU 42 39 0
FU 42 47 0
FU 43 1 15
FU 43 4 4
FU 43 5 25
FU 43 7 0
FU 43 8 0
FU 43 9 0
FU 43 10 2
FU 43 12 19
FU 43 17 2
FU 43 18 2
FU 43 21 1
FU 43 23 37
FU 43 24 0
FU 43 25 0
FU 43 26 0
FU 43 27 0
FU 43 30 40
FU 43 31 3
FU 43 33 2
FU 43 35 0
FU 43 37 0
FU 43 38 0
FU 43 39 0
FU 43 40 0
FU 43 42 30
FU 43 44 0
FU 43 48 0
FU 43 52 4
FU 43 54 9
FU 43 56 7
FU 43 57 0
FU 43 61 0
FU 43 63 34
FU 43 66 5
FU 43 67 0
FU 43 69 0
FU 43 72 0
FU 43 74 0
FU 43 77 0
FU 43 79 0
FU 43 81 0
FU 43 84 62
FU 43 87 0
FU 44 1 19
FU 44 2 5
FU 44 5 55
FU 44 7 0
FU 44 8 0
FU 44 9 0
FU 44 10 16
FU 44 11 0
FU 44 12 48
FU 44 14 1
FU 44 15 0
FU 44 16 0
FU 44 17 6
FU 44 18 3
FU 44 19 0
FU 44 20 0
FU 44 21 35
FU 44 23 43
FU 44 25 0
FU 44 26 0
FU 44 27 0
FU 44 30 19
FU 44 31 2
FU 44 33 2
FU 44 34 25
FU 44 37 0
FU 44 40 0
FU 44 41 5
FU 44 43 0
FU 44 48 0
FU 44 50 0
FU 44 52 3
FU 44 54 20
FU 44 55 61
FU 44 57 0
FU 44 60 37
FU 44 61 0
FU 44 62 9
FU 44 63 42
FU 44 64 0
FU 44 69 0
FU 44 70 0
FU 44 71 0
FU 44 72 0
FU 44 74 0
FU 44 76 0
FU 44 77 0
FU 44 78 102
FU 44 79 0
FU 44 81 0
FU 44 85 21
FU 47 1 3
FU 47 5 19
FU 47 7 0
FU 47 8 0
FU 47 11 0
FU 47 17 23
FU 47 21 0
FU 47 23 16
FU 47 25 0
FU 47 26 0
FU 47 30 38
FU 47 34 34
FU 47 42 22
FU 47 54 15
FU 47 67 0
FU 47 71 0
FU 47 72 14
FU 47 73 0
FU 47 74 0
FU 47 77 0
FU 47 79 0
FU 47 85 41
FU 47 86 23
FU 48 1 65
FU 48 2 11
FU 48 7 0
FU 48 9 0
FU 48 10 4
FU 48 12 53
FU 48 14 17
FU 48 15 0
FU 48 16 0
FU 48 18 4
FU 48 21 119
FU 48 23 10
FU 48 24 234
FU 48 25 5
FU 48 27 0
FU 48 30 24
FU 48 31 6
FU 48 33 4
FU 48 37 0
FU 48 38 238
FU 48 40 0
FU 48 41 7
FU 48 43 0
FU 48 44 0
FU 48 50 0
FU 48 52 5
FU 48 54 14
FU 48 57 0
FU 48 60 50
FU 48 62 14
FU 48 63 43
FU 48 64 0
FU 48 69 0
FU 48 70 0
FU 48 71 0
FU 48 74 0
FU 48 76 0
FU 48 77 0
FU 48 78 106
FU 48 79 0
FU 48 81 0
FU 50 5 22
FU 50 7 0
FU 50 8 0
FU 50 9 998
FU 50 16 0
FU 50 18 4
FU 50 33 6
FU 50 55 28
FU 50 62 12
FU 50 71 991
FU 50 72 0
FU 50 74 0
FU 50 76 0
FU 50 78 41
FU 50 87 2
FU 52 1 23
FU 52 2 69
FU 52 4 55
FU 52 5 15
FU 52 7 0
FU 52 8 0
FU 52 9 0
FU 52 10 32
FU 52 11 0
FU 52 12 24
FU 52 14 24
FU 52 15 0
FU 52 17 25
FU 52 18 27
FU 52 20 0
FU 52 21 27
FU 52 23 8
FU 52 24 0
FU 52 25 0
FU 52 26 0
FU 52 27 0
FU 52 30 27
FU 52 33 13
FU 52 34 22
FU 52 35 0
FU 52 37 1
FU 52 38 1
FU 52 39 0
FU 52 42 13
FU 52 43 0
FU 52 44 0
FU 52 48 0
FU 52 50 0
FU 52 54 15
FU 52 56 7
FU 52 57 0
FU 52 63 9
FU 52 67 0
FU 52 69 0
FU 52 70 0
FU 52 71 0
FU 52 72 3
FU 52 74 0
FU 52 77 0
FU 52 79 0
FU 52 81 0
FU 52 84 30
FU 52 85 94
FU 52 86 36
FU 52 87 0
FU 54 1 32
FU 54 4 82
FU 54 5 23
FU 54 7 0
FU 54 8 0
FU 54 9 0
FU 54 10 27
FU 54 11 0
FU 54 12 14
FU 54 14 22
FU 54 15 0
FU 54 16 0
FU 54 17 31
FU 54 18 33
FU 54 19 0
FU 54 20 0
FU 54 21 2
FU 54 23 26
FU 54 24 0
FU 54 25 0
FU 54 26 0
FU 54 27 0
FU 54 30 15
FU 54 31 24
FU 54 33 30
FU 54 34 31
FU 54 35 0
FU 54 37 0
FU 54 38 1
FU 54 39 0
FU 54 40 0
FU 54 41 31
FU 54 42 34
FU 54 43 0
FU 54 44 0
FU 54 47 0
FU 54 48 0
FU 54 50 0
FU 54 52 31
FU 54 55 38
FU 54 56 24
FU 54 57 0
FU 54 60 38
FU 54 61 0
FU 54 63 25
FU 54 64 0
FU 54 66 29
FU 54 67 0
FU 54 69 0
FU 54 70 0
FU 54 71 0
FU 54 72 1
FU 54 74 0
FU 54 77 0
FU 54 79 0
FU 54 81 0
FU 54 84 19
FU 54 86 56
FU 54 87 0
FU 55 21 0
FU 55 25 3
FU 55 34 29
FU 55 50 0
FU 55 72 8
FU 55 79 0
FU 56 25 80
FU 56 26 0
FU 56 35 0
FU 56 38 2
FU 56 40 0
FU 56 42 8
FU 56 77 315
FU 57 1 24
FU 57 2 5
FU 57 5 14
FU 57 7 0
FU 57 8 0
FU 57 9 0
FU 57 10 4
FU 57 12 15
FU 57 14 3
FU 57 15 0
FU 57 17 1
FU 57 18 7
FU 57 21 1
FU 57 24 0
FU 57 25 2
FU 57 26 0
FU 57 27 0
FU 57 30 33
FU 57 31 1
FU 57 33 4
FU 57 37 0
FU 57 38 165
FU 57 40 0
FU 57 41 3
FU 57 43 0
FU 57 44 0
FU 57 48 0
FU 57 50 0
FU 57 52 3
FU 57 54 1
FU 57 60 44
FU 57 62 16
FU 57 63 11
FU 57 64 0
FU 57 69 0
FU 57 70 0
FU 57 74 0
FU 57 76 993
FU 57 77 0
FU 57 79 0
FU 57 81 0
FU 60 25 0
FU 61 1 36
FU 61 4 8
FU 61 5 17
FU 61 7 0
FU 61 8 0
FU 61 9 0
FU 61 10 4
FU 61 11 0
FU 61 12 31
FU 61 17 8
FU 61 18 3
FU 61 21 49
FU 61 23 53
FU 61 24 0
FU 61 25 0
FU 61 26 0
FU 61 30 16
FU 61 33 6
FU 61 35 0
FU 61 38 4
FU 61 39 16
FU 61 42 32
FU 61 43 0
FU 61 44 0
FU 61 54 0
FU 61 56 52
FU 61 67 0
FU 61 72 0
FU 61 74 0
FU 61 77 0
FU 61 79 0
FU 61 81 0
FU 61 84 56
FU 61 86 14
FU 62 2 48
FU 62 10 18
FU 62 12 8
FU 62 14 14
FU 62 15 0
FU 62 23 17
FU 62 27 0
FU 62 37 0
FU 62 41 33
FU 62 44 0
FU 62 48 0
FU 62 50 0
FU 62 57 0
FU 62 60 45
FU 62 63 18
FU 62 64 0
FU 62 69 0
FU 62 70 0
FU 62 71 0
FU 62 76 0
FU 62 78 29
FU 62 81 0
FU 63 24 3
FU 63 78 27
FU 64 1 31
FU 64 2 6
FU 64 5 10
FU 64 7 0
FU 64 8 0
FU 64 9 0
FU 64 10 5
FU 64 12 22
FU 64 14 4
FU 64 15 0
FU 64 18 11
FU 64 21 52
FU 64 23 21
FU 64 25 0
FU 64 26 0
FU 64 27 0
FU 64 30 38
FU 64 33 3
FU 64 37 0
FU 64 44 0
FU 64 48 1
FU 64 50 0
FU 64 54 1
FU 64 57 0
FU 64 62 12
FU 64 69 0
FU 64 70 0
FU 64 71 0
FU 64 72 1
FU 64 74 0
FU 64 76 0
FU 64 77 0
FU 64 78 67
FU 64 79 0
FU 64 81 0
FU 64 87 0
FU 66 1 31
FU 66 4 71
FU 66 5 50
FU 66 7 0
FU 66 8 0
FU 66 9 0
FU 66 10 39
FU 66 11 0
FU 66 12 14
FU 66 17 19
FU 66 18 50
FU 66 21 0
FU 66 23 7
FU 66 24 0
FU 66 25 0
FU 66 26 0
FU 66 30 27
FU 66 33 16
FU 66 34 17
FU 66 35 0
FU 66 38 0
FU 66 39 0
FU 66 42 18
FU 66 43 0
FU 66 54 17
FU 66 56 1
FU 66 67 0
FU 66 71 0
FU 66 72 1
FU 66 74 0
FU 66 77 0
FU 66 79 0
FU 66 81 0
FU 66 84 29
FU 66 85 100
FU 66 86 34
FU 67 1 20
FU 67 4 19
FU 67 5 38
FU 67 7 0
FU 67 8 0
FU 67 9 0
FU 67 10 33
FU 67 11 0
FU 67 12 20
FU 67 17 25
FU 67 18 20
FU 67 19 0
FU 67 20 0
FU 67 21 0
FU 67 23 40
FU 67 24 0
FU 67 25 0
FU 67 26 0
FU 67 30 13
FU 67 31 15
FU 67 33 23
FU 67 35 0
FU 67 38 0
FU 67 39 0
FU 67 40 0
FU 67 42 52
FU 67 43 0
FU 67 47 0
FU 67 52 39
FU 67 54 25
FU 67 56 9
FU 67 61 0
FU 67 63 23
FU 67 66 22
FU 67 71 0
FU 67 72 0
FU 67 73 0
FU 67 74 0
FU 67 77 0
FU 67 79 0
FU 67 81 0
FU 67 84 61
FU 67 86 125
FU 67 88 72
FU 69 1 16
FU 69 2 5
FU 69 5 13
FU 69 7 0
FU 69 8 0
FU 69 9 0
FU 69 10 2
FU 69 12 23
FU 69 14 5
FU 69 15 0
FU 69 17 1
FU 69 18 1
FU 69 21 3
FU 69 24 82
FU 69 25 8
FU 69 26 0
FU 69 27 0
FU 69 30 15
FU 69 31 3
FU 69 33 10
FU 69 37 0
FU 69 38 385
FU 69 40 0
FU 69 41 3
FU 69 43 0
FU 69 44 0
FU 69 48 0
FU 69 50 0
FU 69 52 5
FU 69 54 3
FU 69 57 1
FU 69 60 85
FU 69 62 3
FU 69 63 15
FU 69 64 0
FU 69 70 0
FU 69 72 179
FU 69 74 0
FU 69 76 0
FU 69 77 0
FU 69 79 0
FU 69 81 0
FU 70 1 4
FU 70 2 4
FU 70 5 30
FU 70 7 0
FU 70 8 0
FU 70 10 3
FU 70 11 0
FU 70 12 11
FU 70 14 2
FU 70 15 0
FU 70 16 0
FU 70 17 4
FU 70 19 0
FU 70 20 0
FU 70 21 74
FU 70 23 21
FU 70 25 0
FU 70 26 0
FU 70 27 0
FU 70 30 11
FU 70 31 13
FU 70 33 2
FU 70 34 25
FU 70 37 1
FU 70 40 0
FU 70 41 3
FU 70 44 0
FU 70 48 2
FU 70 50 0
FU 70 52 6
FU 70 54 9
FU 70 55 47
FU 70 57 0
FU 70 60 68
FU 70 62 4
FU 70 63 13
FU 70 64 0
FU 70 69 7
FU 70 71 0
FU 70 72 3
FU 70 74 0
FU 70 76 0
FU 70 77 0
FU 70 78 47
FU 70 79 0
FU 70 81 0
FU 71 1 33
FU 71 2 6
FU 71 5 46
FU 71 7 0
FU 71 8 0
FU 71 9 0
FU 71 11 0
FU 71 12 15
FU 71 14 9
FU 71 15 0
FU 71 16 0
FU 71 17 1
FU 71 19 0
FU 71 20 0
FU 71 21 0
FU 71 23 51
FU 71 25 0
FU 71 26 0
FU 71 27 0
FU 71 30 33
FU 71 34 15
FU 71 37 0
FU 71 40 0
FU 71 41 5
FU 71 42 23
FU 71 44 0
FU 71 47 0
FU 71 48 0
FU 71 50 0
FU 71 52 4
FU 71 54 1
FU 71 55 88
FU 71 60 62
FU 71 62 8
FU 71 63 34
FU 71 64 0
FU 71 66 4
FU 71 67 0
FU 71 70 0
FU 71 72 0
FU 71 73 0
FU 71 74 0
FU 71 76 0
FU 71 77 0
FU 71 78 35
FU 71 79 0
FU 71 81 0
FU 71 85 45
FU 71 86 42
FU 72 9 0
FU 72 12 9
FU 72 14 27
FU 72 18 19
FU 72 21 0
FU 72 24 223
FU 72 25 0
FU 72 31 20
FU 72 33 47
FU 72 34 12
FU 72 41 32
FU 72 43 990
FU 72 47 272
FU 72 50 0
FU 72 55 22
FU 72 61 989
FU 72 69 423
FU 72 79 0
FU 73 1 96
FU 73 5 38
FU 73 7 998
FU 73 8 998
FU 73 11 998
FU 73 16 998
FU 73 19 998
FU 73 20 555
FU 73 21 208
FU 73 23 10
FU 73 25 803
FU 73 26 998
FU 73 30 17
FU 73 34 374
FU 73 42 102
FU 73 47 330
FU 73 55 107
FU 73 67 998
FU 73 71 6
FU 73 72 627
FU 73 74 998
FU 73 77 530
FU 73 79 998
FU 73 85 122
FU 73 86 97
FU 73 0 1000
FU 74 1 31
FU 74 4 21
FU 74 5 33
FU 74 7 0
FU 74 8 0
FU 74 9 0
FU 74 10 19
FU 74 11 0
FU 74 12 11
FU 74 14 16
FU 74 16 0
FU 74 17 19
FU 74 18 30
FU 74 19 0
FU 74 20 0
FU 74 21 3
FU 74 23 16
FU 74 24 0
FU 74 25 0
FU 74 26 0
FU 74 27 0
FU 74 30 7
FU 74 31 44
FU 74 33 10
FU 74 34 13
FU 74 35 0
FU 74 37 0
FU 74 38 0
FU 74 39 0
FU 74 40 0
FU 74 41 27
FU 74 42 20
FU 74 43 0
FU 74 44 0
FU 74 47 0
FU 74 48 0
FU 74 50 0
FU 74 52 37
FU 74 54 20
FU 74 55 30
FU 74 56 7
FU 74 57 0
FU 74 61 0
FU 74 63 67
FU 74 64 0
FU 74 66 35
FU 74 67 0
FU 74 69 0
FU 74 70 0
FU 74 71 0
FU 74 72 0
FU 74 73 0
FU 74 77 0
FU 74 79 0
FU 74 81 0
FU 74 84 41
FU 74 85 58
FU 74 86 8
FU 74 87 0
FU 76 2 1
FU 76 10 1
FU 76 12 13
FU 76 14 2
FU 76 15 0
FU 76 16 0
FU 76 21 1
FU 76 23 19
FU 76 25 0
FU 76 27 0
FU 76 37 0
FU 76 40 0
FU 76 41 2
FU 76 44 0
FU 76 48 0
FU 76 50 0
FU 76 55 40
FU 76 57 0
FU 76 60 60
FU 76 62 5
FU 76 63 18
FU 76 64 0
FU 76 69 0
FU 76 70 0
FU 76 71 0
FU 76 72 0
FU 76 77 0
FU 76 78 53
FU 77 1 23
FU 77 2 39
FU 77 4 54
FU 77 5 13
FU 77 7 0
FU 77 8 0
FU 77 9 0
FU 77 10 74
FU 77 11 0
FU 77 12 21
FU 77 14 42
FU 77 15 0
FU 77 16 0
FU 77 17 22
FU 77 18 76
FU 77 19 0
FU 77 20 0
FU 77 21 24
FU 77 23 5
FU 77 24 0
FU 77 25 0
FU 77 26 0
FU 77 27 0
FU 77 30 9
FU 77 31 65
FU 77 33 72
FU 77 34 13
FU 77 35 493
FU 77 37 25
FU 77 38 8
FU 77 39 779
FU 77 40 0
FU 77 41 51
FU 77 42 21
FU 77 43 0
FU 77 44 0
FU 77 47 0
FU 77 48 5
FU 77 50 0
FU 77 52 93
FU 77 54 21
FU 77 55 49
FU 77 56 133
FU 77 57 0
FU 77 61 0
FU 77 63 40
FU 77 64 0
FU 77 66 152
FU 77 67 0
FU 77 69 7
FU 77 70 0
FU 77 71 0
FU 77 72 0
FU 77 73 0
FU 77 74 0
FU 77 76 0
FU 77 79 0
FU 77 81 0
FU 77 85 41
FU 77 86 15
FU 78 19 0
FU 78 27 0
FU 79 1 11
FU 79 2 65
FU 79 4 61
FU 79 5 29
FU 79 7 0
FU 79 8 0
FU 79 9 0
FU 79 10 26
FU 79 11 0
FU 79 12 16
FU 79 14 23
FU 79 15 0
FU 79 16 0
FU 79 17 24
FU 79 18 23
FU 79 19 0
FU 79 20 0
FU 79 21 2
FU 79 23 14
FU 79 24 0
FU 79 25 0
FU 79 26 0
FU 79 27 0
FU 79 30 15
FU 79 31 15
FU 79 33 38
FU 79 34 11
FU 79 35 0
FU 79 37 0
FU 79 38 3
FU 79 39 0
FU 79 40 0
FU 79 41 32
FU 79 42 27
FU 79 43 0
FU 79 44 0
FU 79 47 0
FU 79 48 0
FU 79 50 0
FU 79 52 39
FU 79 54 31
FU 79 55 34
FU 79 56 26
FU 79 57 0
FU 79 61 0
FU 79 63 22
FU 79 64 0
FU 79 66 30
FU 79 67 0
FU 79 69 0
FU 79 70 0
FU 79 71 0
FU 79 72 0
FU 79 73 0
FU 79 74 0
FU 79 77 0
FU 79 81 0
FU 79 84 12
FU 79 86 51
FU 79 87 0
FU 81 1 23
FU 81 2 4
FU 81 5 23
FU 81 7 0
FU 81 8 0
FU 81 9 0
FU 81 10 23
FU 81 11 0
FU 81 12 31
FU 81 14 3
FU 81 15 0
FU 81 16 0
FU 81 17 3
FU 81 18 10
FU 81 19 0
FU 81 20 0
FU 81 21 1
FU 81 23 24
FU 81 24 0
FU 81 25 0
FU 81 26 0
FU 81 27 0
FU 81 30 18
FU 81 31 9
FU 81 33 0
FU 81 34 22
FU 81 35 0
FU 81 37 0
FU 81 38 0
FU 81 39 0
FU 81 40 0
FU 81 41 3
FU 81 42 23
FU 81 43 0
FU 81 44 0
FU 81 48 0
FU 81 50 0
FU 81 52 10
FU 81 54 4
FU 81 55 34
FU 81 56 10
FU 81 57 0
FU 81 60 71
FU 81 61 0
FU 81 62 12
FU 81 63 20
FU 81 64 0
FU 81 66 7
FU 81 67 0
FU 81 69 0
FU 81 70 0
FU 81 71 0
FU 81 72 1
FU 81 74 0
FU 81 77 0
FU 81 79 0
FU 81 86 34
FU 81 87 0
FU 84 10 47
FU 84 40 0
FU 85 14 12
FU 85 41 26
FU 86 9 0
FU 86 12 25
FU 86 61 0
FU 86 79 0
FU 87 1 27
FU 87 8 0
FU 87 10 5
FU 87 12 18
FU 87 14 2
FU 87 15 0
FU 87 17 1
FU 87 18 0
FU 87 21 1
FU 87 23 23
FU 87 24 80
FU 87 26 0
FU 87 30 23
FU 87 31 1
FU 87 37 0
FU 87 38 72
FU 87 40 0
FU 87 41 3
FU 87 43 0
FU 87 50 0
FU 87 52 11
FU 87 54 2
FU 87 60 36
FU 87 63 53
FU 87 64 0
FU 87 74 0
FU 87 79 0
FU 87 81 0
FU 88 35 0
