Nodes: 81
Arcs: 3592
MVE: 12
MAE: 1051
SAE: 126159
Terminals_rem: 0
Nodes_rem: 15
Arcs_rem: 1883
First LB: 22
LB: 22
Iter. LB: 0
First UB: 29
UB: 28
Iter. UB: 233
gap: 21.4286
BM. Time: 0
Runtime: 400
FL 0 65 87
FL 0 53 29
FL 0 60 0
FL 0 63 85
FL 0 22 27
FL 0 16 0
FL 0 50 2
FL 0 10 93
FL 0 43 353
FL 0 5 375
FL 0 79 84
FL 0 1 407
FL 0 19 30
FL 0 40 77
FL 0 61 324
FL 0 39 22
FL 0 24 353
FL 0 14 4
FL 0 71 101
FL 0 36 328
FL 0 51 340
FL 0 13 111
FL 0 11 392
FL 0 57 0
FL 0 54 94
FL 0 20 33
FL 0 49 324
FL 0 25 346
FL 0 68 3
FL 0 62 1
FL 0 74 44
FL 0 58 70
FL 0 4 355
FL 0 3 386
FL 0 6 11
FL 0 41 0
FL 0 72 31
FL 0 7 409
FL 0 33 43
FL 0 2 71
FL 0 8 998
FL 0 9 998
FL 0 12 4
FL 0 17 998
FL 0 18 40
FL 0 21 99
FL 0 23 998
FL 0 26 17
FL 0 27 47
FL 0 28 998
FL 0 29 998
FL 0 30 3
FL 0 31 19
FL 0 32 998
FL 0 34 76
FL 0 35 43
FL 0 37 39
FL 0 38 159
FL 0 42 5
FL 0 44 998
FL 0 45 998
FL 0 46 62
FL 0 47 79
FL 0 48 43
FL 0 52 11
FL 0 55 80
FL 0 56 998
FL 0 59 998
FL 0 64 15
FL 0 66 998
FL 0 67 451
FL 0 69 998
FL 0 70 15
FL 0 73 409
FL 0 75 998
FL 0 76 998
FL 0 77 58
FL 0 78 1
FL 0 80 95
FL 1 3 42
FL 1 4 23
FL 1 5 26
FL 1 6 0
FL 1 7 23
FL 1 11 30
FL 1 12 1
FL 1 13 10
FL 1 16 0
FL 1 18 26
FL 1 19 0
FL 1 20 1
FL 1 21 9
FL 1 22 0
FL 1 24 65
FL 1 25 56
FL 1 26 24
FL 1 30 0
FL 1 31 26
FL 1 33 0
FL 1 34 38
FL 1 35 4
FL 1 36 30
FL 1 38 11
FL 1 39 0
FL 1 40 12
FL 1 41 0
FL 1 42 1
FL 1 43 27
FL 1 46 18
FL 1 47 81
FL 1 49 31
FL 1 51 15
FL 1 52 0
FL 1 53 0
FL 1 54 17
FL 1 55 44
FL 1 61 66
FL 1 63 32
FL 1 67 27
FL 1 68 0
FL 1 71 20
FL 1 72 0
FL 1 73 50
FL 1 74 0
FL 1 77 51
FL 1 79 15
FL 2 52 14
FL 3 1 21
FL 3 4 52
FL 3 5 27
FL 3 6 0
FL 3 7 27
FL 3 11 17
FL 3 12 2
FL 3 13 23
FL 3 16 0
FL 3 18 40
FL 3 19 0
FL 3 20 1
FL 3 21 34
FL 3 22 1
FL 3 24 38
FL 3 25 14
FL 3 26 27
FL 3 30 1
FL 3 31 49
FL 3 33 0
FL 3 34 9
FL 3 35 4
FL 3 36 28
FL 3 38 29
FL 3 39 0
FL 3 40 52
FL 3 41 0
FL 3 42 1
FL 3 43 14
FL 3 46 67
FL 3 47 41
FL 3 49 39
FL 3 51 29
FL 3 52 2
FL 3 53 0
FL 3 54 11
FL 3 55 50
FL 3 61 40
FL 3 63 18
FL 3 67 10
FL 3 68 0
FL 3 71 34
FL 3 72 0
FL 3 73 35
FL 3 74 0
FL 3 77 23
FL 3 79 29
FL 4 1 32
FL 4 3 15
FL 4 5 16
FL 4 6 0
FL 4 7 27
FL 4 11 18
FL 4 12 2
FL 4 13 15
FL 4 18 48
FL 4 22 0
FL 4 24 26
FL 4 26 21
FL 4 30 2
FL 4 31 25
FL 4 33 0
FL 4 34 21
FL 4 35 8
FL 4 36 58
FL 4 38 26
FL 4 39 0
FL 4 40 12
FL 4 42 1
FL 4 43 22
FL 4 46 88
FL 4 49 30
FL 4 51 8
FL 4 52 24
FL 4 53 0
FL 4 54 13
FL 4 61 26
FL 4 63 20
FL 4 67 29
FL 4 68 0
FL 4 71 30
FL 4 74 0
FL 4 77 11
FL 4 79 24
FL 5 1 15
FL 5 3 12
FL 5 4 50
FL 5 6 0
FL 5 7 18
FL 5 10 38
FL 5 11 19
FL 5 12 1
FL 5 13 8
FL 5 14 0
FL 5 16 0
FL 5 18 59
FL 5 19 0
FL 5 20 1
FL 5 21 32
FL 5 22 0
FL 5 24 38
FL 5 25 21
FL 5 26 22
FL 5 27 10
FL 5 30 0
FL 5 31 11
FL 5 33 0
FL 5 34 8
FL 5 35 7
FL 5 36 21
FL 5 37 53
FL 5 38 19
FL 5 39 0
FL 5 40 33
FL 5 41 0
FL 5 42 2
FL 5 43 19
FL 5 46 15
FL 5 47 67
FL 5 49 37
FL 5 51 19
FL 5 52 0
FL 5 53 0
FL 5 54 9
FL 5 55 10
FL 5 57 0
FL 5 61 20
FL 5 63 35
FL 5 64 6
FL 5 65 51
FL 5 67 25
FL 5 68 0
FL 5 70 3
FL 5 71 26
FL 5 72 0
FL 5 74 0
FL 6 1 5
FL 6 2 43
FL 6 3 19
FL 6 4 10
FL 6 5 6
FL 6 7 8
FL 6 10 13
FL 6 11 24
FL 6 12 3
FL 6 13 8
FL 6 14 0
FL 6 15 0
FL 6 18 15
FL 6 19 2
FL 6 20 2
FL 6 21 21
FL 6 22 2
FL 6 24 16
FL 6 25 14
FL 6 26 54
FL 6 27 9
FL 6 30 2
FL 6 31 31
FL 6 33 1
FL 6 34 30
FL 6 35 59
FL 6 36 12
FL 6 37 20
FL 6 38 12
FL 6 39 0
FL 6 40 13
FL 6 41 0
FL 6 42 1
FL 6 43 9
FL 6 46 15
FL 6 48 25
FL 6 49 15
FL 6 50 196
FL 6 51 4
FL 6 52 8
FL 6 53 1
FL 6 54 8
FL 6 55 40
FL 6 57 0
FL 6 61 15
FL 6 63 10
FL 6 64 11
FL 6 65 9
FL 6 67 20
FL 6 68 0
FL 6 70 24
FL 6 71 11
FL 6 72 2
FL 6 73 18
FL 6 74 2
FL 6 77 31
FL 6 79 5
FL 7 1 22
FL 7 3 21
FL 7 4 15
FL 7 5 24
FL 7 6 0
FL 7 11 12
FL 7 12 2
FL 7 13 19
FL 7 16 0
FL 7 18 30
FL 7 19 2
FL 7 20 1
FL 7 21 59
FL 7 22 2
FL 7 24 46
FL 7 25 38
FL 7 26 51
FL 7 30 1
FL 7 31 4
FL 7 33 0
FL 7 34 23
FL 7 35 13
FL 7 36 38
FL 7 38 16
FL 7 39 0
FL 7 40 17
FL 7 41 0
FL 7 42 1
FL 7 43 53
FL 7 46 61
FL 7 47 42
FL 7 49 41
FL 7 51 15
FL 7 52 23
FL 7 53 0
FL 7 54 18
FL 7 55 30
FL 7 61 45
FL 7 63 9
FL 7 67 16
FL 7 68 0
FL 7 71 60
FL 7 72 0
FL 7 73 104
FL 7 74 0
FL 7 77 48
FL 7 79 17
FL 10 2 52
FL 10 5 14
FL 10 6 2
FL 10 11 31
FL 10 12 0
FL 10 13 22
FL 10 14 0
FL 10 15 0
FL 10 18 57
FL 10 22 0
FL 10 26 10
FL 10 27 11
FL 10 30 0
FL 10 31 28
FL 10 33 0
FL 10 37 46
FL 10 40 17
FL 10 41 0
FL 10 43 10
FL 10 48 20
FL 10 50 0
FL 10 51 19
FL 10 52 23
FL 10 53 0
FL 10 54 26
FL 10 57 0
FL 10 58 17
FL 10 60 0
FL 10 61 24
FL 10 63 10
FL 10 64 4
FL 10 65 18
FL 10 67 33
FL 10 68 0
FL 10 70 1
FL 10 74 0
FL 10 77 28
FL 10 79 22
FL 11 1 32
FL 11 2 65
FL 11 3 38
FL 11 4 22
FL 11 5 32
FL 11 6 0
FL 11 7 12
FL 11 10 17
FL 11 12 1
FL 11 13 19
FL 11 14 0
FL 11 16 0
FL 11 19 0
FL 11 20 1
FL 11 21 50
FL 11 25 48
FL 11 26 19
FL 11 27 17
FL 11 30 1
FL 11 34 46
FL 11 37 48
FL 11 40 24
FL 11 41 0
FL 11 42 1
FL 11 47 114
FL 11 51 19
FL 11 52 2
FL 11 54 17
FL 11 55 59
FL 11 61 26
FL 11 63 23
FL 11 65 58
FL 11 67 10
FL 11 68 0
FL 11 70 2
FL 11 71 26
FL 11 72 0
FL 11 73 13
FL 11 74 0
FL 11 77 17
FL 11 79 20
FL 12 34 9
FL 12 35 27
FL 12 38 24
FL 12 42 999
FL 12 72 0
FL 13 1 13
FL 13 2 23
FL 13 3 14
FL 13 4 31
FL 13 5 21
FL 13 6 0
FL 13 7 12
FL 13 10 46
FL 13 11 23
FL 13 12 0
FL 13 14 0
FL 13 15 0
FL 13 16 0
FL 13 18 26
FL 13 19 0
FL 13 20 0
FL 13 21 16
FL 13 22 0
FL 13 25 40
FL 13 26 33
FL 13 27 14
FL 13 30 0
FL 13 31 23
FL 13 33 0
FL 13 34 17
FL 13 36 41
FL 13 37 68
FL 13 39 0
FL 13 40 25
FL 13 41 0
FL 13 42 1
FL 13 43 35
FL 13 46 15
FL 13 48 24
FL 13 49 54
FL 13 50 0
FL 13 51 48
FL 13 52 0
FL 13 53 0
FL 13 54 33
FL 13 57 0
FL 13 58 25
FL 13 60 0
FL 13 61 32
FL 13 62 0
FL 13 63 8
FL 13 64 25
FL 13 65 30
FL 13 67 17
FL 13 68 0
FL 13 70 3
FL 13 71 25
FL 13 72 0
FL 13 74 0
FL 13 77 42
FL 14 2 75
FL 14 5 37
FL 14 6 0
FL 14 10 16
FL 14 11 30
FL 14 12 3
FL 14 13 35
FL 14 15 0
FL 14 16 0
FL 14 19 0
FL 14 20 2
FL 14 21 18
FL 14 25 56
FL 14 26 21
FL 14 27 25
FL 14 30 1
FL 14 31 52
FL 14 34 59
FL 14 37 28
FL 14 40 25
FL 14 41 0
FL 14 48 27
FL 14 50 0
FL 14 51 53
FL 14 52 19
FL 14 54 22
FL 14 55 100
FL 14 57 0
FL 14 58 67
FL 14 60 0
FL 14 62 0
FL 14 63 24
FL 14 64 10
FL 14 65 48
FL 14 68 0
FL 14 70 20
FL 14 71 24
FL 14 72 515
FL 14 74 723
FL 14 77 21
FL 14 79 19
FL 15 2 111
FL 15 6 68
FL 15 10 327
FL 15 12 844
FL 15 13 327
FL 15 14 496
FL 15 16 998
FL 15 26 60
FL 15 27 495
FL 15 30 425
FL 15 31 66
FL 15 37 49
FL 15 40 345
FL 15 41 998
FL 15 48 467
FL 15 50 477
FL 15 52 88
FL 15 54 356
FL 15 57 998
FL 15 58 275
FL 15 60 998
FL 15 62 527
FL 15 63 373
FL 15 64 727
FL 15 65 288
FL 15 68 450
FL 15 70 255
FL 15 71 343
FL 15 77 98
FL 15 78 998
FL 15 79 348
FL 15 80 499
FL 15 0 1000
FL 16 1 14
FL 16 2 66
FL 16 3 25
FL 16 5 18
FL 16 7 33
FL 16 11 45
FL 16 12 0
FL 16 13 12
FL 16 14 0
FL 16 15 0
FL 16 19 0
FL 16 20 0
FL 16 21 22
FL 16 25 24
FL 16 26 21
FL 16 27 19
FL 16 30 0
FL 16 34 27
FL 16 37 27
FL 16 40 14
FL 16 41 0
FL 16 42 1
FL 16 47 41
FL 16 48 34
FL 16 50 0
FL 16 52 1
FL 16 54 18
FL 16 55 15
FL 16 58 57
FL 16 60 0
FL 16 62 0
FL 16 63 9
FL 16 64 8
FL 16 65 16
FL 16 67 21
FL 16 68 0
FL 16 70 2
FL 16 71 23
FL 16 72 0
FL 16 73 27
FL 16 74 0
FL 16 77 40
FL 16 78 0
FL 16 80 93
FL 18 57 0
FL 19 1 3
FL 19 3 7
FL 19 5 6
FL 19 6 0
FL 19 7 4
FL 19 11 4
FL 19 12 1
FL 19 13 5
FL 19 14 0
FL 19 16 0
FL 19 20 0
FL 19 21 21
FL 19 25 7
FL 19 26 9
FL 19 27 24
FL 19 30 0
FL 19 34 27
FL 19 37 36
FL 19 40 7
FL 19 41 0
FL 19 42 1
FL 19 47 88
FL 19 52 0
FL 19 54 3
FL 19 55 61
FL 19 63 3
FL 19 67 20
FL 19 68 0
FL 19 70 1
FL 19 71 9
FL 19 72 0
FL 19 73 61
FL 19 74 0
FL 19 77 31
FL 19 78 1
FL 20 1 5
FL 20 3 6
FL 20 5 5
FL 20 6 0
FL 20 7 6
FL 20 11 3
FL 20 12 1
FL 20 13 2
FL 20 14 0
FL 20 16 0
FL 20 19 0
FL 20 21 29
FL 20 25 9
FL 20 26 9
FL 20 27 20
FL 20 30 2
FL 20 34 13
FL 20 37 52
FL 20 40 5
FL 20 41 0
FL 20 42 2
FL 20 47 72
FL 20 52 2
FL 20 54 6
FL 20 55 22
FL 20 63 3
FL 20 64 5
FL 20 67 12
FL 20 68 0
FL 20 70 51
FL 20 71 5
FL 20 72 0
FL 20 73 40
FL 20 74 0
FL 20 77 48
FL 21 27 28
FL 21 64 76
FL 21 70 58
FL 22 1 5
FL 22 3 4
FL 22 4 10
FL 22 5 4
FL 22 6 0
FL 22 7 4
FL 22 10 5
FL 22 12 1
FL 22 13 5
FL 22 18 28
FL 22 24 5
FL 22 26 35
FL 22 30 0
FL 22 31 30
FL 22 33 0
FL 22 35 3
FL 22 36 2
FL 22 38 17
FL 22 39 0
FL 22 40 3
FL 22 41 0
FL 22 43 7
FL 22 46 37
FL 22 49 6
FL 22 51 5
FL 22 52 0
FL 22 53 0
FL 22 54 4
FL 22 57 0
FL 22 61 2
FL 22 63 3
FL 22 67 10
FL 22 68 0
FL 22 74 0
FL 22 77 33
FL 22 79 6
FL 24 1 30
FL 24 3 18
FL 24 4 27
FL 24 5 21
FL 24 6 0
FL 24 7 32
FL 24 12 1
FL 24 18 18
FL 24 22 0
FL 24 26 30
FL 24 30 3
FL 24 31 16
FL 24 33 0
FL 24 35 3
FL 24 36 29
FL 24 38 27
FL 24 39 0
FL 24 41 0
FL 24 43 62
FL 24 46 46
FL 24 49 58
FL 24 51 31
FL 24 52 1
FL 24 53 0
FL 24 54 5
FL 24 61 60
FL 24 67 17
FL 24 74 0
FL 24 79 20
FL 25 1 45
FL 25 3 28
FL 25 5 13
FL 25 6 0
FL 25 7 12
FL 25 11 16
FL 25 12 1
FL 25 13 7
FL 25 14 0
FL 25 16 0
FL 25 19 0
FL 25 20 1
FL 25 21 37
FL 25 26 14
FL 25 27 12
FL 25 30 2
FL 25 34 23
FL 25 37 25
FL 25 40 25
FL 25 41 0
FL 25 42 1
FL 25 47 81
FL 25 52 2
FL 25 54 11
FL 25 55 52
FL 25 63 11
FL 25 64 4
FL 25 65 28
FL 25 67 7
FL 25 68 0
FL 25 70 17
FL 25 71 18
FL 25 72 0
FL 25 73 30
FL 25 74 0
FL 25 77 11
FL 25 79 47
FL 26 47 87
FL 26 50 0
FL 27 20 0
FL 27 21 34
FL 27 34 293
FL 27 72 506
FL 30 24 62
FL 30 35 45
FL 30 38 272
FL 30 39 998
FL 30 50 99
FL 31 35 2
FL 31 38 8
FL 31 39 0
FL 33 1 6
FL 33 3 4
FL 33 4 7
FL 33 5 11
FL 33 6 0
FL 33 7 6
FL 33 10 4
FL 33 12 1
FL 33 13 3
FL 33 18 46
FL 33 22 2
FL 33 24 6
FL 33 26 36
FL 33 30 1
FL 33 31 50
FL 33 35 12
FL 33 36 4
FL 33 38 23
FL 33 39 0
FL 33 40 8
FL 33 41 0
FL 33 42 4
FL 33 43 4
FL 33 46 42
FL 33 49 4
FL 33 51 16
FL 33 52 23
FL 33 53 0
FL 33 54 4
FL 33 61 5
FL 33 63 4
FL 33 67 12
FL 33 68 0
FL 33 74 1
FL 33 77 23
FL 33 79 18
FL 34 12 2
FL 34 14 214
FL 34 27 38
FL 35 6 101
FL 35 12 158
FL 35 30 77
FL 35 31 33
FL 35 52 12
FL 36 1 13
FL 36 3 32
FL 36 4 27
FL 36 5 19
FL 36 6 0
FL 36 7 12
FL 36 12 1
FL 36 13 37
FL 36 18 43
FL 36 22 0
FL 36 24 31
FL 36 26 9
FL 36 30 3
FL 36 31 18
FL 36 33 0
FL 36 35 5
FL 36 38 18
FL 36 39 0
FL 36 40 9
FL 36 41 0
FL 36 42 1
FL 36 43 15
FL 36 46 61
FL 36 49 62
FL 36 51 16
FL 36 52 1
FL 36 53 0
FL 36 54 14
FL 36 61 28
FL 36 63 23
FL 36 67 26
FL 36 68 0
FL 36 74 0
FL 36 77 14
FL 36 79 64
FL 37 19 0
FL 37 20 0
FL 38 3 23
FL 38 6 1
FL 38 12 4
FL 38 30 164
FL 38 31 30
FL 38 52 18
FL 38 68 244
FL 39 1 2
FL 39 3 7
FL 39 4 8
FL 39 5 6
FL 39 6 0
FL 39 7 4
FL 39 13 3
FL 39 18 32
FL 39 22 0
FL 39 24 5
FL 39 26 19
FL 39 30 2
FL 39 31 66
FL 39 33 0
FL 39 35 6
FL 39 36 3
FL 39 38 11
FL 39 41 0
FL 39 43 4
FL 39 46 20
FL 39 49 3
FL 39 51 5
FL 39 52 0
FL 39 53 0
FL 39 54 3
FL 39 61 3
FL 39 67 16
FL 39 74 0
FL 39 79 4
FL 40 1 15
FL 40 2 30
FL 40 3 15
FL 40 4 14
FL 40 5 35
FL 40 6 0
FL 40 7 37
FL 40 10 21
FL 40 11 38
FL 40 12 0
FL 40 13 27
FL 40 14 0
FL 40 15 0
FL 40 16 0
FL 40 18 24
FL 40 19 0
FL 40 20 0
FL 40 21 15
FL 40 22 0
FL 40 25 47
FL 40 26 23
FL 40 27 19
FL 40 30 0
FL 40 31 18
FL 40 33 0
FL 40 34 31
FL 40 36 36
FL 40 37 65
FL 40 41 0
FL 40 42 1
FL 40 43 48
FL 40 48 27
FL 40 50 0
FL 40 51 19
FL 40 52 0
FL 40 53 0
FL 40 54 14
FL 40 55 45
FL 40 57 0
FL 40 58 52
FL 40 60 0
FL 40 61 49
FL 40 63 30
FL 40 64 9
FL 40 65 46
FL 40 67 8
FL 40 68 0
FL 40 70 3
FL 40 71 18
FL 40 72 0
FL 40 74 0
FL 40 77 22
FL 40 79 23
FL 41 1 28
FL 41 2 37
FL 41 3 32
FL 41 5 20
FL 41 6 0
FL 41 7 6
FL 41 10 15
FL 41 11 10
FL 41 12 0
FL 41 13 22
FL 41 14 0
FL 41 15 0
FL 41 16 0
FL 41 18 40
FL 41 19 0
FL 41 20 0
FL 41 21 13
FL 41 22 0
FL 41 24 24
FL 41 25 24
FL 41 26 24
FL 41 27 14
FL 41 30 0
FL 41 31 44
FL 41 33 0
FL 41 34 34
FL 41 36 22
FL 41 37 37
FL 41 39 0
FL 41 40 22
FL 41 42 1
FL 41 43 32
FL 41 46 82
FL 41 48 58
FL 41 49 72
FL 41 50 0
FL 41 51 47
FL 41 52 0
FL 41 53 0
FL 41 54 7
FL 41 57 0
FL 41 58 65
FL 41 60 0
FL 41 61 20
FL 41 62 0
FL 41 63 16
FL 41 64 9
FL 41 65 52
FL 41 68 0
FL 41 70 0
FL 41 71 32
FL 41 72 0
FL 41 74 0
FL 41 77 42
FL 41 79 12
FL 42 12 1
FL 42 33 998
FL 42 53 998
FL 43 1 10
FL 43 3 15
FL 43 4 32
FL 43 5 42
FL 43 6 0
FL 43 7 20
FL 43 10 13
FL 43 12 1
FL 43 13 17
FL 43 18 33
FL 43 22 0
FL 43 24 60
FL 43 26 37
FL 43 30 0
FL 43 31 50
FL 43 33 0
FL 43 35 6
FL 43 36 20
FL 43 38 15
FL 43 39 0
FL 43 40 27
FL 43 41 0
FL 43 46 92
FL 43 49 25
FL 43 51 68
FL 43 52 0
FL 43 53 0
FL 43 54 23
FL 43 61 30
FL 43 63 13
FL 43 67 9
FL 43 68 0
FL 43 74 0
FL 43 77 23
FL 43 79 32
FL 46 52 18
FL 47 26 8
FL 48 6 428
FL 48 52 59
FL 49 1 27
FL 49 3 29
FL 49 4 35
FL 49 5 10
FL 49 6 0
FL 49 7 18
FL 49 13 18
FL 49 18 24
FL 49 22 0
FL 49 24 44
FL 49 26 21
FL 49 30 2
FL 49 33 0
FL 49 35 7
FL 49 36 61
FL 49 38 20
FL 49 39 0
FL 49 41 0
FL 49 42 1
FL 49 43 43
FL 49 51 24
FL 49 52 17
FL 49 53 0
FL 49 54 23
FL 49 67 8
FL 49 74 0
FL 49 77 19
FL 49 79 19
FL 50 2 56
FL 50 6 490
FL 50 10 18
FL 50 12 0
FL 50 13 24
FL 50 14 0
FL 50 15 0
FL 50 16 0
FL 50 26 16
FL 50 27 7
FL 50 30 340
FL 50 31 28
FL 50 37 30
FL 50 40 22
FL 50 41 1
FL 50 48 26
FL 50 52 42
FL 50 54 22
FL 50 57 1
FL 50 58 54
FL 50 60 1
FL 50 62 1
FL 50 63 20
FL 50 64 18
FL 50 65 18
FL 50 68 310
FL 50 70 4
FL 51 1 26
FL 51 3 16
FL 51 4 29
FL 51 5 27
FL 51 6 1
FL 51 7 25
FL 51 10 19
FL 51 11 11
FL 51 12 2
FL 51 13 14
FL 51 14 0
FL 51 18 47
FL 51 22 0
FL 51 24 20
FL 51 26 12
FL 51 27 15
FL 51 30 2
FL 51 31 43
FL 51 33 0
FL 51 35 5
FL 51 36 9
FL 51 37 18
FL 51 38 14
FL 51 39 0
FL 51 40 21
FL 51 41 0
FL 51 42 1
FL 51 43 32
FL 51 46 23
FL 51 49 62
FL 51 52 3
FL 51 53 0
FL 51 54 27
FL 51 57 0
FL 51 61 17
FL 51 63 11
FL 51 64 8
FL 51 65 53
FL 51 67 9
FL 51 68 1
FL 51 70 2
FL 51 74 1
FL 51 77 26
FL 51 79 18
FL 52 2 57
FL 52 35 94
FL 52 38 17
FL 52 39 1
FL 52 46 44
FL 52 48 77
FL 52 49 11
FL 52 50 71
FL 53 1 4
FL 53 3 8
FL 53 4 5
FL 53 5 4
FL 53 6 1
FL 53 7 3
FL 53 10 5
FL 53 12 2
FL 53 13 5
FL 53 18 40
FL 53 22 1
FL 53 24 16
FL 53 26 21
FL 53 30 1
FL 53 31 45
FL 53 33 1
FL 53 35 11
FL 53 36 9
FL 53 38 6
FL 53 39 1
FL 53 40 9
FL 53 41 1
FL 53 42 2
FL 53 43 4
FL 53 46 54
FL 53 49 10
FL 53 51 7
FL 53 52 1
FL 53 54 7
FL 53 61 4
FL 53 63 6
FL 53 67 11
FL 53 68 1
FL 53 74 1
FL 53 77 18
FL 53 79 4
FL 54 1 14
FL 54 3 13
FL 54 4 37
FL 54 5 32
FL 54 6 0
FL 54 7 18
FL 54 10 29
FL 54 11 48
FL 54 12 0
FL 54 13 17
FL 54 14 0
FL 54 15 0
FL 54 16 0
FL 54 18 46
FL 54 19 0
FL 54 20 0
FL 54 21 50
FL 54 22 0
FL 54 24 21
FL 54 25 27
FL 54 26 40
FL 54 27 24
FL 54 30 0
FL 54 31 28
FL 54 33 0
FL 54 34 19
FL 54 35 3
FL 54 36 44
FL 54 37 59
FL 54 38 9
FL 54 39 0
FL 54 40 36
FL 54 41 0
FL 54 42 1
FL 54 43 22
FL 54 46 45
FL 54 49 10
FL 54 50 0
FL 54 51 37
FL 54 52 0
FL 54 53 0
FL 54 55 25
FL 54 57 0
FL 54 61 23
FL 54 63 36
FL 54 64 17
FL 54 65 31
FL 54 67 10
FL 54 68 0
FL 54 70 5
FL 54 71 27
FL 54 72 0
FL 54 74 0
FL 54 77 32
FL 54 79 22
FL 55 64 15
FL 55 70 18
FL 57 2 30
FL 57 5 26
FL 57 6 0
FL 57 10 26
FL 57 12 0
FL 57 13 42
FL 57 14 0
FL 57 15 0
FL 57 18 27
FL 57 22 998
FL 57 26 14
FL 57 27 27
FL 57 30 0
FL 57 31 44
FL 57 37 50
FL 57 40 17
FL 57 41 0
FL 57 48 36
FL 57 50 0
FL 57 51 20
FL 57 52 0
FL 57 54 16
FL 57 58 51
FL 57 60 0
FL 57 63 12
FL 57 64 5
FL 57 65 21
FL 57 68 0
FL 57 70 2
FL 58 2 17
FL 58 10 17
FL 58 12 0
FL 58 13 10
FL 58 14 0
FL 58 15 0
FL 58 16 0
FL 58 27 12
FL 58 37 46
FL 58 40 8
FL 58 41 0
FL 58 48 20
FL 58 50 0
FL 58 52 0
FL 58 57 0
FL 58 60 0
FL 58 62 0
FL 58 63 17
FL 58 64 5
FL 58 65 19
FL 58 68 0
FL 58 70 0
FL 58 71 30
FL 58 78 0
FL 58 80 228
FL 60 2 69
FL 60 10 26
FL 60 12 0
FL 60 13 20
FL 60 14 0
FL 60 15 0
FL 60 16 0
FL 60 27 12
FL 60 37 56
FL 60 40 15
FL 60 41 0
FL 60 48 26
FL 60 50 0
FL 60 52 0
FL 60 57 0
FL 60 58 60
FL 60 62 0
FL 60 63 17
FL 60 64 8
FL 60 65 25
FL 60 68 0
FL 60 70 0
FL 61 1 12
FL 61 3 13
FL 61 4 28
FL 61 5 34
FL 61 6 0
FL 61 7 13
FL 61 10 30
FL 61 11 15
FL 61 12 1
FL 61 13 9
FL 61 18 16
FL 61 22 0
FL 61 24 33
FL 61 26 34
FL 61 30 0
FL 61 33 0
FL 61 35 3
FL 61 36 54
FL 61 38 13
FL 61 39 0
FL 61 40 22
FL 61 41 0
FL 61 42 1
FL 61 43 27
FL 61 51 24
FL 61 52 0
FL 61 53 0
FL 61 54 9
FL 61 63 22
FL 61 67 28
FL 61 68 0
FL 61 74 0
FL 61 77 7
FL 61 79 35
FL 62 2 60
FL 62 12 1
FL 62 13 18
FL 62 14 0
FL 62 15 0
FL 62 16 0
FL 62 27 43
FL 62 37 30
FL 62 41 0
FL 62 48 33
FL 62 50 0
FL 62 55 47
FL 62 58 48
FL 62 60 0
FL 62 63 15
FL 62 64 6
FL 62 65 20
FL 62 70 4
FL 62 71 17
FL 62 78 0
FL 62 80 91
FL 63 1 50
FL 63 2 22
FL 63 3 44
FL 63 4 18
FL 63 5 20
FL 63 6 0
FL 63 7 32
FL 63 10 29
FL 63 11 32
FL 63 12 1
FL 63 13 13
FL 63 14 0
FL 63 15 0
FL 63 16 0
FL 63 18 20
FL 63 19 0
FL 63 20 0
FL 63 21 39
FL 63 22 0
FL 63 25 17
FL 63 26 15
FL 63 27 6
FL 63 30 0
FL 63 31 21
FL 63 33 0
FL 63 34 37
FL 63 36 27
FL 63 37 23
FL 63 40 17
FL 63 41 0
FL 63 42 1
FL 63 43 45
FL 63 48 16
FL 63 50 0
FL 63 51 45
FL 63 52 11
FL 63 53 0
FL 63 54 28
FL 63 55 31
FL 63 57 0
FL 63 58 24
FL 63 60 0
FL 63 61 20
FL 63 62 0
FL 63 64 7
FL 63 65 28
FL 63 67 34
FL 63 68 0
FL 63 70 0
FL 63 71 16
FL 63 72 0
FL 63 74 0
FL 63 77 44
FL 63 79 9
FL 64 20 721
FL 64 21 107
FL 64 55 42
FL 65 2 25
FL 65 5 10
FL 65 6 0
FL 65 10 67
FL 65 11 15
FL 65 12 1
FL 65 13 23
FL 65 14 0
FL 65 15 0
FL 65 16 0
FL 65 25 32
FL 65 26 12
FL 65 27 17
FL 65 30 0
FL 65 31 30
FL 65 37 46
FL 65 40 15
FL 65 41 0
FL 65 48 30
FL 65 50 0
FL 65 51 25
FL 65 52 0
FL 65 54 34
FL 65 57 0
FL 65 58 68
FL 65 60 0
FL 65 62 0
FL 65 63 9
FL 65 64 6
FL 65 68 0
FL 65 70 1
FL 65 71 39
FL 65 77 35
FL 65 79 36
FL 67 1 43
FL 67 3 54
FL 67 4 49
FL 67 5 47
FL 67 7 55
FL 67 10 57
FL 67 11 60
FL 67 13 62
FL 67 18 52
FL 67 19 2
FL 67 21 51
FL 67 22 1
FL 67 24 37
FL 67 25 30
FL 67 26 50
FL 67 30 2
FL 67 31 33
FL 67 33 4
FL 67 34 51
FL 67 35 24
FL 67 36 51
FL 67 39 2
FL 67 40 23
FL 67 42 1
FL 67 43 54
FL 67 46 36
FL 67 49 45
FL 67 52 24
FL 67 53 3
FL 67 54 29
FL 67 61 53
FL 67 63 42
FL 67 68 0
FL 67 72 2
FL 67 73 48
FL 67 74 4
FL 67 79 31
FL 68 1 29
FL 68 2 33
FL 68 3 42
FL 68 4 9
FL 68 5 14
FL 68 6 0
FL 68 7 38
FL 68 10 53
FL 68 11 15
FL 68 12 1
FL 68 13 7
FL 68 14 0
FL 68 15 0
FL 68 16 0
FL 68 18 58
FL 68 19 0
FL 68 20 0
FL 68 21 13
FL 68 22 0
FL 68 25 37
FL 68 26 30
FL 68 27 19
FL 68 30 0
FL 68 31 20
FL 68 33 0
FL 68 34 42
FL 68 36 45
FL 68 37 55
FL 68 38 180
FL 68 40 24
FL 68 41 0
FL 68 42 1
FL 68 43 42
FL 68 47 27
FL 68 50 159
FL 68 51 43
FL 68 52 0
FL 68 53 0
FL 68 54 21
FL 68 55 68
FL 68 57 2
FL 68 58 43
FL 68 60 0
FL 68 61 28
FL 68 63 7
FL 68 64 4
FL 68 65 29
FL 68 67 29
FL 68 70 0
FL 68 71 38
FL 68 72 0
FL 68 74 0
FL 68 77 24
FL 68 79 26
FL 70 19 0
FL 70 20 292
FL 70 21 79
FL 70 55 11
FL 70 74 291
FL 71 1 16
FL 71 2 91
FL 71 3 32
FL 71 4 39
FL 71 5 23
FL 71 6 0
FL 71 7 15
FL 71 11 29
FL 71 12 1
FL 71 13 14
FL 71 14 0
FL 71 15 0
FL 71 16 0
FL 71 19 0
FL 71 20 1
FL 71 21 55
FL 71 25 29
FL 71 26 49
FL 71 27 26
FL 71 30 0
FL 71 34 28
FL 71 37 26
FL 71 40 15
FL 71 41 0
FL 71 42 1
FL 71 47 54
FL 71 48 18
FL 71 52 0
FL 71 54 53
FL 71 55 30
FL 71 58 55
FL 71 62 0
FL 71 63 15
FL 71 64 6
FL 71 65 20
FL 71 67 12
FL 71 68 0
FL 71 70 1
FL 71 72 0
FL 71 73 47
FL 71 74 0
FL 71 77 14
FL 71 78 0
FL 72 1 4
FL 72 3 5
FL 72 5 4
FL 72 6 0
FL 72 7 9
FL 72 11 3
FL 72 12 2
FL 72 13 4
FL 72 14 208
FL 72 16 0
FL 72 19 0
FL 72 20 1
FL 72 21 41
FL 72 25 2
FL 72 26 42
FL 72 27 22
FL 72 30 1
FL 72 34 11
FL 72 40 7
FL 72 41 0
FL 72 42 1
FL 72 47 27
FL 72 52 2
FL 72 54 5
FL 72 55 41
FL 72 63 10
FL 72 67 19
FL 72 68 0
FL 72 71 9
FL 72 73 77
FL 72 74 0
FL 72 77 13
FL 73 1 38
FL 73 7 71
FL 73 11 41
FL 73 16 0
FL 73 19 1
FL 73 20 4
FL 73 21 70
FL 73 25 57
FL 73 34 28
FL 73 42 3
FL 73 47 81
FL 73 52 10
FL 73 55 74
FL 73 67 55
FL 73 71 35
FL 73 72 3
FL 73 77 42
FL 74 1 4
FL 74 3 4
FL 74 4 3
FL 74 5 10
FL 74 6 0
FL 74 7 5
FL 74 10 8
FL 74 11 3
FL 74 12 2
FL 74 13 6
FL 74 14 81
FL 74 16 0
FL 74 18 29
FL 74 19 0
FL 74 20 1
FL 74 21 13
FL 74 22 0
FL 74 24 12
FL 74 25 5
FL 74 26 24
FL 74 30 1
FL 74 31 16
FL 74 33 0
FL 74 34 27
FL 74 35 6
FL 74 36 8
FL 74 38 23
FL 74 39 0
FL 74 40 9
FL 74 41 0
FL 74 42 3
FL 74 43 9
FL 74 46 17
FL 74 47 49
FL 74 49 7
FL 74 51 5
FL 74 52 16
FL 74 53 0
FL 74 54 6
FL 74 55 63
FL 74 61 9
FL 74 63 11
FL 74 67 15
FL 74 68 0
FL 74 70 90
FL 74 71 7
FL 74 72 0
FL 74 77 24
FL 74 79 6
FL 77 4 27
FL 77 15 0
FL 77 46 43
FL 77 49 34
FL 77 73 54
FL 78 19 998
FL 79 1 26
FL 79 3 13
FL 79 4 52
FL 79 6 0
FL 79 7 8
FL 79 10 22
FL 79 11 25
FL 79 12 1
FL 79 14 0
FL 79 15 0
FL 79 18 79
FL 79 22 0
FL 79 24 52
FL 79 25 44
FL 79 26 10
FL 79 30 0
FL 79 31 26
FL 79 33 0
FL 79 35 12
FL 79 36 26
FL 79 38 12
FL 79 39 0
FL 79 40 10
FL 79 41 0
FL 79 43 25
FL 79 46 57
FL 79 49 44
FL 79 51 10
FL 79 52 0
FL 79 53 0
FL 79 54 13
FL 79 61 34
FL 79 63 26
FL 79 64 5
FL 79 65 22
FL 79 67 8
FL 79 68 0
FL 79 70 1
FL 79 74 0
FL 79 77 15
FL 80 62 493
FU 0 65 73
FU 0 53 11
FU 0 60 2
FU 0 63 77
FU 0 22 15
FU 0 16 2
FU 0 50 9
FU 0 10 83
FU 0 43 349
FU 0 5 380
FU 0 79 85
FU 0 1 413
FU 0 19 10
FU 0 40 78
FU 0 61 336
FU 0 39 10
FU 0 24 375
FU 0 14 13
FU 0 71 95
FU 0 36 345
FU 0 51 348
FU 0 13 93
FU 0 11 404
FU 0 57 2
FU 0 54 92
FU 0 20 31
FU 0 49 344
FU 0 25 350
FU 0 68 12
FU 0 62 3
FU 0 74 38
FU 0 58 72
FU 0 4 351
FU 0 3 396
FU 0 6 9
FU 0 41 2
FU 0 72 20
FU 0 7 413
FU 0 33 8
FU 0 2 92
FU 0 8 1000
FU 0 9 1000
FU 0 12 5
FU 0 17 1000
FU 0 18 47
FU 0 21 108
FU 0 23 1000
FU 0 26 15
FU 0 27 45
FU 0 28 1000
FU 0 29 1000
FU 0 30 9
FU 0 31 24
FU 0 32 1000
FU 0 34 77
FU 0 35 40
FU 0 37 44
FU 0 38 136
FU 0 42 2
FU 0 44 1000
FU 0 45 1000
FU 0 46 61
FU 0 47 84
FU 0 48 41
FU 0 52 27
FU 0 55 87
FU 0 56 1000
FU 0 59 1000
FU 0 64 16
FU 0 66 1000
FU 0 67 457
FU 0 69 1000
FU 0 70 59
FU 0 73 414
FU 0 75 1000
FU 0 76 1000
FU 0 77 56
FU 0 78 3
FU 0 80 87
FU 1 3 35
FU 1 4 18
FU 1 5 21
FU 1 6 0
FU 1 7 22
FU 1 11 29
FU 1 12 1
FU 1 13 23
FU 1 16 0
FU 1 18 20
FU 1 19 0
FU 1 20 0
FU 1 21 6
FU 1 22 0
FU 1 24 56
FU 1 25 62
FU 1 26 21
FU 1 30 0
FU 1 31 21
FU 1 33 0
FU 1 34 42
FU 1 35 13
FU 1 36 36
FU 1 38 5
FU 1 39 0
FU 1 40 13
FU 1 41 0
FU 1 42 0
FU 1 43 20
FU 1 46 16
FU 1 47 76
FU 1 49 34
FU 1 51 15
FU 1 52 0
FU 1 53 0
FU 1 54 16
FU 1 55 42
FU 1 61 55
FU 1 63 26
FU 1 67 20
FU 1 68 0
FU 1 71 17
FU 1 72 0
FU 1 73 72
FU 1 74 0
FU 1 77 45
FU 1 79 19
FU 2 52 22
FU 3 1 21
FU 3 4 44
FU 3 5 17
FU 3 6 0
FU 3 7 24
FU 3 11 21
FU 3 12 0
FU 3 13 25
FU 3 16 0
FU 3 18 42
FU 3 19 0
FU 3 20 0
FU 3 21 30
FU 3 22 0
FU 3 24 40
FU 3 25 7
FU 3 26 27
FU 3 30 0
FU 3 31 45
FU 3 33 0
FU 3 34 10
FU 3 35 9
FU 3 36 28
FU 3 38 29
FU 3 39 0
FU 3 40 51
FU 3 41 0
FU 3 42 0
FU 3 43 15
FU 3 46 61
FU 3 47 45
FU 3 49 32
FU 3 51 32
FU 3 52 3
FU 3 53 0
FU 3 54 11
FU 3 55 49
FU 3 61 45
FU 3 63 24
FU 3 67 11
FU 3 68 0
FU 3 71 30
FU 3 72 0
FU 3 73 33
FU 3 74 0
FU 3 77 18
FU 3 79 31
FU 4 1 36
FU 4 3 15
FU 4 5 18
FU 4 6 0
FU 4 7 14
FU 4 11 37
FU 4 12 0
FU 4 13 9
FU 4 18 45
FU 4 22 0
FU 4 24 24
FU 4 26 19
FU 4 30 0
FU 4 31 27
FU 4 33 0
FU 4 34 22
FU 4 35 46
FU 4 36 48
FU 4 38 26
FU 4 39 0
FU 4 40 7
FU 4 42 0
FU 4 43 16
FU 4 46 95
FU 4 49 21
FU 4 51 15
FU 4 52 57
FU 4 53 0
FU 4 54 10
FU 4 61 25
FU 4 63 21
FU 4 67 30
FU 4 68 0
FU 4 71 21
FU 4 74 0
FU 4 77 11
FU 4 79 21
FU 5 1 12
FU 5 3 8
FU 5 4 48
FU 5 6 0
FU 5 7 7
FU 5 10 27
FU 5 11 10
FU 5 12 0
FU 5 13 7
FU 5 14 0
FU 5 16 0
FU 5 18 75
FU 5 19 0
FU 5 20 0
FU 5 21 30
FU 5 22 0
FU 5 24 29
FU 5 25 23
FU 5 26 22
FU 5 27 12
FU 5 30 0
FU 5 31 10
FU 5 33 0
FU 5 34 3
FU 5 35 43
FU 5 36 18
FU 5 37 57
FU 5 38 13
FU 5 39 0
FU 5 40 29
FU 5 41 0
FU 5 42 0
FU 5 43 17
FU 5 46 11
FU 5 47 61
FU 5 49 57
FU 5 51 22
FU 5 52 0
FU 5 53 0
FU 5 54 6
FU 5 55 9
FU 5 57 0
FU 5 61 14
FU 5 63 18
FU 5 64 17
FU 5 65 79
FU 5 67 19
FU 5 68 0
FU 5 70 1
FU 5 71 28
FU 5 72 0
FU 5 74 0
FU 6 1 1
FU 6 2 42
FU 6 3 16
FU 6 4 9
FU 6 5 7
FU 6 7 12
FU 6 10 10
FU 6 11 24
FU 6 12 0
FU 6 13 7
FU 6 14 0
FU 6 15 0
FU 6 18 11
FU 6 19 0
FU 6 20 1
FU 6 21 18
FU 6 22 0
FU 6 24 15
FU 6 25 11
FU 6 26 62
FU 6 27 12
FU 6 30 9
FU 6 31 41
FU 6 33 0
FU 6 34 33
FU 6 35 74
FU 6 36 9
FU 6 37 16
FU 6 38 19
FU 6 39 0
FU 6 40 18
FU 6 41 0
FU 6 42 0
FU 6 43 7
FU 6 46 15
FU 6 48 19
FU 6 49 15
FU 6 50 188
FU 6 51 3
FU 6 52 19
FU 6 53 0
FU 6 54 5
FU 6 55 33
FU 6 57 0
FU 6 61 13
FU 6 63 10
FU 6 64 9
FU 6 65 16
FU 6 67 25
FU 6 68 0
FU 6 70 80
FU 6 71 12
FU 6 72 1
FU 6 73 30
FU 6 74 0
FU 6 77 34
FU 6 79 12
FU 7 1 25
FU 7 3 24
FU 7 4 19
FU 7 5 30
FU 7 6 0
FU 7 11 7
FU 7 12 0
FU 7 13 21
FU 7 16 0
FU 7 18 27
FU 7 19 0
FU 7 20 0
FU 7 21 57
FU 7 22 0
FU 7 24 40
FU 7 25 27
FU 7 26 51
FU 7 30 0
FU 7 31 7
FU 7 33 0
FU 7 34 39
FU 7 35 91
FU 7 36 31
FU 7 38 31
FU 7 39 0
FU 7 40 18
FU 7 41 0
FU 7 42 0
FU 7 43 43
FU 7 46 56
FU 7 47 35
FU 7 49 38
FU 7 51 17
FU 7 52 100
FU 7 53 0
FU 7 54 15
FU 7 55 31
FU 7 61 46
FU 7 63 6
FU 7 67 16
FU 7 68 0
FU 7 71 42
FU 7 72 0
FU 7 73 100
FU 7 74 0
FU 7 77 56
FU 7 79 17
FU 10 2 46
FU 10 5 11
FU 10 6 4
FU 10 11 29
FU 10 12 0
FU 10 13 18
FU 10 14 0
FU 10 15 0
FU 10 18 51
FU 10 22 0
FU 10 26 8
FU 10 27 13
FU 10 30 0
FU 10 31 21
FU 10 33 0
FU 10 37 42
FU 10 40 27
FU 10 41 0
FU 10 43 10
FU 10 48 18
FU 10 50 0
FU 10 51 19
FU 10 52 53
FU 10 53 0
FU 10 54 18
FU 10 57 0
FU 10 58 17
FU 10 60 0
FU 10 61 20
FU 10 63 11
FU 10 64 3
FU 10 65 19
FU 10 67 27
FU 10 68 0
FU 10 70 6
FU 10 74 0
FU 10 77 30
FU 10 79 15
FU 11 1 34
FU 11 2 61
FU 11 3 38
FU 11 4 37
FU 11 5 27
FU 11 6 0
FU 11 7 17
FU 11 10 14
FU 11 12 0
FU 11 13 20
FU 11 14 0
FU 11 16 0
FU 11 19 0
FU 11 20 3
FU 11 21 50
FU 11 25 39
FU 11 26 21
FU 11 27 24
FU 11 30 1
FU 11 34 39
FU 11 37 45
FU 11 40 20
FU 11 41 0
FU 11 42 0
FU 11 47 114
FU 11 51 17
FU 11 52 0
FU 11 54 14
FU 11 55 53
FU 11 61 18
FU 11 63 21
FU 11 65 59
FU 11 67 10
FU 11 68 0
FU 11 70 7
FU 11 71 20
FU 11 72 0
FU 11 73 14
FU 11 74 0
FU 11 77 13
FU 11 79 14
FU 12 34 9
FU 12 35 23
FU 12 38 29
FU 12 42 998
FU 12 72 0
FU 13 1 14
FU 13 2 12
FU 13 3 10
FU 13 4 26
FU 13 5 25
FU 13 6 0
FU 13 7 16
FU 13 10 56
FU 13 11 20
FU 13 12 0
FU 13 14 0
FU 13 15 0
FU 13 16 0
FU 13 18 27
FU 13 19 0
FU 13 20 0
FU 13 21 11
FU 13 22 0
FU 13 25 49
FU 13 26 35
FU 13 27 17
FU 13 30 0
FU 13 31 30
FU 13 33 0
FU 13 34 12
FU 13 36 27
FU 13 37 60
FU 13 39 0
FU 13 40 25
FU 13 41 0
FU 13 42 0
FU 13 43 49
FU 13 46 10
FU 13 48 31
FU 13 49 43
FU 13 50 0
FU 13 51 29
FU 13 52 0
FU 13 53 0
FU 13 54 27
FU 13 57 0
FU 13 58 19
FU 13 60 0
FU 13 61 38
FU 13 62 0
FU 13 63 6
FU 13 64 29
FU 13 65 31
FU 13 67 13
FU 13 68 0
FU 13 70 1
FU 13 71 20
FU 13 72 0
FU 13 74 0
FU 13 77 38
FU 14 2 69
FU 14 5 30
FU 14 6 0
FU 14 10 11
FU 14 11 27
FU 14 12 0
FU 14 13 36
FU 14 15 0
FU 14 16 0
FU 14 19 0
FU 14 20 1
FU 14 21 15
FU 14 25 51
FU 14 26 25
FU 14 27 27
FU 14 30 4
FU 14 31 48
FU 14 34 57
FU 14 37 28
FU 14 40 27
FU 14 41 0
FU 14 48 31
FU 14 50 0
FU 14 51 49
FU 14 52 63
FU 14 54 19
FU 14 55 112
FU 14 57 0
FU 14 58 77
FU 14 60 0
FU 14 62 0
FU 14 63 23
FU 14 64 7
FU 14 65 37
FU 14 68 0
FU 14 70 74
FU 14 71 28
FU 14 72 480
FU 14 74 700
FU 14 77 12
FU 14 79 25
FU 15 2 117
FU 15 6 66
FU 15 10 338
FU 15 12 840
FU 15 13 316
FU 15 14 499
FU 15 16 998
FU 15 26 64
FU 15 27 494
FU 15 30 415
FU 15 31 61
FU 15 37 68
FU 15 40 344
FU 15 41 998
FU 15 48 478
FU 15 50 480
FU 15 52 77
FU 15 54 352
FU 15 57 997
FU 15 58 260
FU 15 60 998
FU 15 62 523
FU 15 63 377
FU 15 64 730
FU 15 65 291
FU 15 68 491
FU 15 70 248
FU 15 71 338
FU 15 77 111
FU 15 78 997
FU 15 79 343
FU 15 80 505
FU 15 0 1000
FU 16 1 25
FU 16 2 62
FU 16 3 26
FU 16 5 12
FU 16 7 32
FU 16 11 42
FU 16 12 0
FU 16 13 15
FU 16 14 0
FU 16 15 0
FU 16 19 0
FU 16 20 0
FU 16 21 15
FU 16 25 26
FU 16 26 15
FU 16 27 17
FU 16 30 0
FU 16 34 20
FU 16 37 25
FU 16 40 15
FU 16 41 0
FU 16 42 0
FU 16 47 38
FU 16 48 29
FU 16 50 0
FU 16 52 0
FU 16 54 19
FU 16 55 14
FU 16 58 48
FU 16 60 0
FU 16 62 0
FU 16 63 8
FU 16 64 14
FU 16 65 24
FU 16 67 21
FU 16 68 0
FU 16 70 33
FU 16 71 32
FU 16 72 0
FU 16 73 26
FU 16 74 0
FU 16 77 42
FU 16 78 0
FU 16 80 93
FU 18 57 0
FU 19 1 2
FU 19 3 5
FU 19 5 4
FU 19 6 0
FU 19 7 3
FU 19 11 7
FU 19 12 0
FU 19 13 5
FU 19 14 0
FU 19 16 0
FU 19 20 0
FU 19 21 19
FU 19 25 8
FU 19 26 8
FU 19 27 18
FU 19 30 0
FU 19 34 27
FU 19 37 26
FU 19 40 9
FU 19 41 0
FU 19 42 0
FU 19 47 86
FU 19 52 0
FU 19 54 3
FU 19 55 63
FU 19 63 5
FU 19 67 18
FU 19 68 0
FU 19 70 1
FU 19 71 9
FU 19 72 0
FU 19 73 58
FU 19 74 0
FU 19 77 27
FU 19 78 0
FU 20 1 3
FU 20 3 8
FU 20 5 7
FU 20 6 0
FU 20 7 3
FU 20 11 5
FU 20 12 0
FU 20 13 0
FU 20 14 0
FU 20 16 0
FU 20 19 0
FU 20 21 23
FU 20 25 16
FU 20 26 4
FU 20 27 11
FU 20 30 2
FU 20 34 10
FU 20 37 45
FU 20 40 2
FU 20 41 0
FU 20 42 0
FU 20 47 73
FU 20 52 4
FU 20 54 6
FU 20 55 20
FU 20 63 2
FU 20 64 5
FU 20 67 13
FU 20 68 0
FU 20 70 50
FU 20 71 1
FU 20 72 0
FU 20 73 36
FU 20 74 0
FU 20 77 49
FU 21 27 20
FU 21 64 66
FU 21 70 88
FU 22 1 6
FU 22 3 1
FU 22 4 10
FU 22 5 4
FU 22 6 0
FU 22 7 9
FU 22 10 14
FU 22 12 0
FU 22 13 0
FU 22 18 23
FU 22 24 4
FU 22 26 27
FU 22 30 0
FU 22 31 31
FU 22 33 0
FU 22 35 1
FU 22 36 1
FU 22 38 27
FU 22 39 0
FU 22 40 3
FU 22 41 0
FU 22 43 7
FU 22 46 37
FU 22 49 4
FU 22 51 13
FU 22 52 0
FU 22 53 0
FU 22 54 2
FU 22 57 0
FU 22 61 1
FU 22 63 7
FU 22 67 7
FU 22 68 0
FU 22 74 0
FU 22 77 30
FU 22 79 4
FU 24 1 27
FU 24 3 19
FU 24 4 20
FU 24 5 26
FU 24 6 0
FU 24 7 30
FU 24 12 2
FU 24 18 14
FU 24 22 0
FU 24 26 33
FU 24 30 3
FU 24 31 15
FU 24 33 0
FU 24 35 2
FU 24 36 43
FU 24 38 31
FU 24 39 0
FU 24 41 0
FU 24 43 62
FU 24 46 43
FU 24 49 53
FU 24 51 26
FU 24 52 0
FU 24 53 0
FU 24 54 3
FU 24 61 66
FU 24 67 19
FU 24 74 0
FU 24 79 16
FU 25 1 37
FU 25 3 20
FU 25 5 7
FU 25 6 0
FU 25 7 8
FU 25 11 14
FU 25 12 0
FU 25 13 8
FU 25 14 0
FU 25 16 0
FU 25 19 0
FU 25 20 0
FU 25 21 46
FU 25 26 11
FU 25 27 16
FU 25 30 1
FU 25 34 30
FU 25 37 21
FU 25 40 21
FU 25 41 0
FU 25 42 0
FU 25 47 74
FU 25 52 7
FU 25 54 22
FU 25 55 51
FU 25 63 12
FU 25 64 1
FU 25 65 31
FU 25 67 4
FU 25 68 0
FU 25 70 52
FU 25 71 15
FU 25 72 0
FU 25 73 29
FU 25 74 0
FU 25 77 9
FU 25 79 38
FU 26 47 95
FU 26 50 0
FU 27 20 0
FU 27 21 26
FU 27 34 276
FU 27 72 497
FU 30 24 52
FU 30 35 39
FU 30 38 260
FU 30 39 990
FU 30 50 95
FU 31 35 0
FU 31 38 30
FU 31 39 0
FU 33 1 5
FU 33 3 11
FU 33 4 9
FU 33 5 9
FU 33 6 0
FU 33 7 5
FU 33 10 2
FU 33 12 0
FU 33 13 8
FU 33 18 43
FU 33 22 0
FU 33 24 13
FU 33 26 35
FU 33 30 0
FU 33 31 49
FU 33 35 3
FU 33 36 8
FU 33 38 21
FU 33 39 0
FU 33 40 10
FU 33 41 0
FU 33 42 0
FU 33 43 4
FU 33 46 42
FU 33 49 3
FU 33 51 13
FU 33 52 97
FU 33 53 0
FU 33 54 7
FU 33 61 6
FU 33 63 2
FU 33 67 11
FU 33 68 0
FU 33 74 0
FU 33 77 26
FU 33 79 21
FU 34 12 1
FU 34 14 228
FU 34 27 37
FU 35 6 87
FU 35 12 150
FU 35 30 66
FU 35 31 41
FU 35 52 9
FU 36 1 7
FU 36 3 25
FU 36 4 20
FU 36 5 14
FU 36 6 0
FU 36 7 9
FU 36 12 0
FU 36 13 31
FU 36 18 38
FU 36 22 0
FU 36 24 26
FU 36 26 8
FU 36 30 7
FU 36 31 16
FU 36 33 0
FU 36 35 2
FU 36 38 25
FU 36 39 0
FU 36 40 6
FU 36 41 0
FU 36 42 0
FU 36 43 19
FU 36 46 54
FU 36 49 51
FU 36 51 12
FU 36 52 1
FU 36 53 0
FU 36 54 16
FU 36 61 26
FU 36 63 24
FU 36 67 26
FU 36 68 0
FU 36 74 0
FU 36 77 14
FU 36 79 67
FU 37 19 0
FU 37 20 0
FU 38 3 20
FU 38 6 0
FU 38 12 0
FU 38 30 140
FU 38 31 36
FU 38 52 30
FU 38 68 235
FU 39 1 1
FU 39 3 6
FU 39 4 8
FU 39 5 4
FU 39 6 0
FU 39 7 5
FU 39 13 2
FU 39 18 25
FU 39 22 0
FU 39 24 4
FU 39 26 20
FU 39 30 0
FU 39 31 67
FU 39 33 0
FU 39 35 26
FU 39 36 1
FU 39 38 9
FU 39 41 0
FU 39 43 6
FU 39 46 17
FU 39 49 6
FU 39 51 7
FU 39 52 0
FU 39 53 0
FU 39 54 1
FU 39 61 2
FU 39 67 21
FU 39 74 0
FU 39 79 2
FU 40 1 19
FU 40 2 26
FU 40 3 11
FU 40 4 15
FU 40 5 32
FU 40 6 0
FU 40 7 33
FU 40 10 39
FU 40 11 39
FU 40 12 0
FU 40 13 18
FU 40 14 0
FU 40 15 0
FU 40 16 0
FU 40 18 24
FU 40 19 0
FU 40 20 0
FU 40 21 11
FU 40 22 0
FU 40 25 39
FU 40 26 23
FU 40 27 20
FU 40 30 0
FU 40 31 28
FU 40 33 0
FU 40 34 28
FU 40 36 21
FU 40 37 62
FU 40 41 0
FU 40 42 0
FU 40 43 44
FU 40 48 23
FU 40 50 0
FU 40 51 11
FU 40 52 0
FU 40 53 0
FU 40 54 10
FU 40 55 47
FU 40 57 0
FU 40 58 51
FU 40 60 0
FU 40 61 45
FU 40 63 31
FU 40 64 5
FU 40 65 46
FU 40 67 8
FU 40 68 0
FU 40 70 7
FU 40 71 27
FU 40 72 0
FU 40 74 0
FU 40 77 19
FU 40 79 28
FU 41 1 21
FU 41 2 39
FU 41 3 29
FU 41 5 15
FU 41 6 0
FU 41 7 13
FU 41 10 14
FU 41 11 12
FU 41 12 0
FU 41 13 21
FU 41 14 0
FU 41 15 0
FU 41 16 0
FU 41 18 39
FU 41 19 0
FU 41 20 0
FU 41 21 14
FU 41 22 0
FU 41 24 31
FU 41 25 25
FU 41 26 31
FU 41 27 10
FU 41 30 0
FU 41 31 40
FU 41 33 0
FU 41 34 21
FU 41 36 23
FU 41 37 29
FU 41 39 0
FU 41 40 18
FU 41 42 0
FU 41 43 37
FU 41 46 76
FU 41 48 43
FU 41 49 68
FU 41 50 0
FU 41 51 43
FU 41 52 0
FU 41 53 0
FU 41 54 10
FU 41 57 0
FU 41 58 54
FU 41 60 0
FU 41 61 31
FU 41 62 0
FU 41 63 20
FU 41 64 4
FU 41 65 46
FU 41 68 0
FU 41 70 0
FU 41 71 28
FU 41 72 0
FU 41 74 0
FU 41 77 39
FU 41 79 9
FU 42 12 0
FU 42 33 992
FU 42 53 989
FU 43 1 10
FU 43 3 27
FU 43 4 26
FU 43 5 35
FU 43 6 0
FU 43 7 16
FU 43 10 15
FU 43 12 0
FU 43 13 16
FU 43 18 30
FU 43 22 0
FU 43 24 52
FU 43 26 33
FU 43 30 0
FU 43 31 55
FU 43 33 0
FU 43 35 46
FU 43 36 31
FU 43 38 41
FU 43 39 0
FU 43 40 25
FU 43 41 0
FU 43 46 96
FU 43 49 16
FU 43 51 59
FU 43 52 0
FU 43 53 0
FU 43 54 32
FU 43 61 25
FU 43 63 7
FU 43 67 8
FU 43 68 0
FU 43 74 0
FU 43 77 23
FU 43 79 26
FU 46 52 75
FU 47 26 5
FU 48 6 429
FU 48 52 48
FU 49 1 35
FU 49 3 28
FU 49 4 43
FU 49 5 26
FU 49 6 0
FU 49 7 10
FU 49 13 11
FU 49 18 25
FU 49 22 0
FU 49 24 37
FU 49 26 19
FU 49 30 2
FU 49 33 0
FU 49 35 16
FU 49 36 55
FU 49 38 16
FU 49 39 0
FU 49 41 0
FU 49 42 0
FU 49 43 37
FU 49 51 33
FU 49 52 80
FU 49 53 0
FU 49 54 25
FU 49 67 8
FU 49 74 0
FU 49 77 15
FU 49 79 13
FU 50 2 55
FU 50 6 405
FU 50 10 16
FU 50 12 0
FU 50 13 33
FU 50 14 0
FU 50 15 0
FU 50 16 0
FU 50 26 14
FU 50 27 6
FU 50 30 325
FU 50 31 22
FU 50 37 31
FU 50 40 14
FU 50 41 0
FU 50 48 10
FU 50 52 28
FU 50 54 19
FU 50 57 0
FU 50 58 62
FU 50 60 0
FU 50 62 0
FU 50 63 12
FU 50 64 10
FU 50 65 17
FU 50 68 262
FU 50 70 5
FU 51 1 34
FU 51 3 13
FU 51 4 24
FU 51 5 16
FU 51 6 0
FU 51 7 18
FU 51 10 12
FU 51 11 6
FU 51 12 0
FU 51 13 13
FU 51 14 0
FU 51 18 43
FU 51 22 0
FU 51 24 27
FU 51 26 8
FU 51 27 5
FU 51 30 16
FU 51 31 39
FU 51 33 0
FU 51 35 4
FU 51 36 25
FU 51 37 14
FU 51 38 12
FU 51 39 0
FU 51 40 29
FU 51 41 0
FU 51 42 0
FU 51 43 33
FU 51 46 18
FU 51 49 51
FU 51 52 4
FU 51 53 0
FU 51 54 16
FU 51 57 0
FU 51 61 20
FU 51 63 11
FU 51 64 8
FU 51 65 48
FU 51 67 12
FU 51 68 0
FU 51 70 0
FU 51 74 0
FU 51 77 22
FU 51 79 29
FU 52 2 54
FU 52 35 80
FU 52 38 17
FU 52 39 0
FU 52 46 47
FU 52 48 72
FU 52 49 10
FU 52 50 61
FU 53 1 1
FU 53 3 11
FU 53 4 2
FU 53 5 5
FU 53 6 0
FU 53 7 2
FU 53 10 3
FU 53 12 0
FU 53 13 4
FU 53 18 32
FU 53 22 0
FU 53 24 14
FU 53 26 23
FU 53 30 0
FU 53 31 40
FU 53 33 0
FU 53 35 87
FU 53 36 6
FU 53 38 10
FU 53 39 0
FU 53 40 8
FU 53 41 0
FU 53 42 0
FU 53 43 4
FU 53 46 58
FU 53 49 10
FU 53 51 3
FU 53 52 0
FU 53 54 7
FU 53 61 6
FU 53 63 6
FU 53 67 7
FU 53 68 0
FU 53 74 0
FU 53 77 12
FU 53 79 5
FU 54 1 12
FU 54 3 7
FU 54 4 42
FU 54 5 29
FU 54 6 0
FU 54 7 25
FU 54 10 28
FU 54 11 44
FU 54 12 0
FU 54 13 21
FU 54 14 0
FU 54 15 0
FU 54 16 0
FU 54 18 40
FU 54 19 0
FU 54 20 0
FU 54 21 45
FU 54 22 0
FU 54 24 21
FU 54 25 28
FU 54 26 40
FU 54 27 25
FU 54 30 0
FU 54 31 20
FU 54 33 0
FU 54 34 14
FU 54 35 10
FU 54 36 33
FU 54 37 51
FU 54 38 10
FU 54 39 0
FU 54 40 31
FU 54 41 0
FU 54 42 0
FU 54 43 37
FU 54 46 37
FU 54 49 13
FU 54 50 0
FU 54 51 43
FU 54 52 0
FU 54 53 0
FU 54 55 22
FU 54 57 0
FU 54 61 29
FU 54 63 29
FU 54 64 12
FU 54 65 27
FU 54 67 17
FU 54 68 0
FU 54 70 54
FU 54 71 25
FU 54 72 0
FU 54 74 0
FU 54 77 26
FU 54 79 16
FU 55 64 20
FU 55 70 89
FU 57 2 19
FU 57 5 27
FU 57 6 0
FU 57 10 29
FU 57 12 0
FU 57 13 44
FU 57 14 0
FU 57 15 0
FU 57 18 23
FU 57 22 985
FU 57 26 13
FU 57 27 26
FU 57 30 0
FU 57 31 43
FU 57 37 53
FU 57 40 22
FU 57 41 0
FU 57 48 53
FU 57 50 0
FU 57 51 21
FU 57 52 0
FU 57 54 20
FU 57 58 78
FU 57 60 0
FU 57 63 17
FU 57 64 3
FU 57 65 23
FU 57 68 0
FU 57 70 0
FU 58 2 14
FU 58 10 10
FU 58 12 0
FU 58 13 6
FU 58 14 0
FU 58 15 0
FU 58 16 0
FU 58 27 7
FU 58 37 59
FU 58 40 6
FU 58 41 0
FU 58 48 18
FU 58 50 0
FU 58 52 0
FU 58 57 0
FU 58 60 0
FU 58 62 0
FU 58 63 11
FU 58 64 2
FU 58 65 15
FU 58 68 0
FU 58 70 0
FU 58 71 51
FU 58 78 0
FU 58 80 240
FU 60 2 64
FU 60 10 26
FU 60 12 0
FU 60 13 20
FU 60 14 0
FU 60 15 0
FU 60 16 0
FU 60 27 10
FU 60 37 60
FU 60 40 14
FU 60 41 0
FU 60 48 30
FU 60 50 0
FU 60 52 0
FU 60 57 0
FU 60 58 60
FU 60 62 0
FU 60 63 20
FU 60 64 4
FU 60 65 11
FU 60 68 0
FU 60 70 0
FU 61 1 12
FU 61 3 10
FU 61 4 26
FU 61 5 34
FU 61 6 0
FU 61 7 33
FU 61 10 22
FU 61 11 11
FU 61 12 0
FU 61 13 4
FU 61 18 13
FU 61 22 0
FU 61 24 20
FU 61 26 32
FU 61 30 0
FU 61 33 0
FU 61 35 19
FU 61 36 43
FU 61 38 16
FU 61 39 0
FU 61 40 10
FU 61 41 0
FU 61 42 0
FU 61 43 19
FU 61 51 11
FU 61 52 0
FU 61 53 0
FU 61 54 15
FU 61 63 22
FU 61 67 28
FU 61 68 0
FU 61 74 0
FU 61 77 9
FU 61 79 35
FU 62 2 55
FU 62 12 0
FU 62 13 16
FU 62 14 0
FU 62 15 0
FU 62 16 0
FU 62 27 38
FU 62 37 28
FU 62 41 0
FU 62 48 30
FU 62 50 0
FU 62 55 40
FU 62 58 31
FU 62 60 0
FU 62 63 15
FU 62 64 10
FU 62 65 20
FU 62 70 2
FU 62 71 11
FU 62 78 0
FU 62 80 75
FU 63 1 50
FU 63 2 17
FU 63 3 38
FU 63 4 13
FU 63 5 18
FU 63 6 0
FU 63 7 30
FU 63 10 31
FU 63 11 23
FU 63 12 1
FU 63 13 12
FU 63 14 0
FU 63 15 0
FU 63 16 0
FU 63 18 23
FU 63 19 0
FU 63 20 0
FU 63 21 46
FU 63 22 0
FU 63 25 19
FU 63 26 16
FU 63 27 7
FU 63 30 0
FU 63 31 15
FU 63 33 0
FU 63 34 44
FU 63 36 45
FU 63 37 18
FU 63 40 16
FU 63 41 0
FU 63 42 0
FU 63 43 46
FU 63 48 17
FU 63 50 0
FU 63 51 53
FU 63 52 66
FU 63 53 0
FU 63 54 36
FU 63 55 28
FU 63 57 0
FU 63 58 31
FU 63 60 0
FU 63 61 18
FU 63 62 0
FU 63 64 3
FU 63 65 27
FU 63 67 23
FU 63 68 0
FU 63 70 0
FU 63 71 13
FU 63 72 0
FU 63 74 0
FU 63 77 44
FU 63 79 13
FU 64 20 695
FU 64 21 107
FU 64 55 41
FU 65 2 24
FU 65 5 16
FU 65 6 0
FU 65 10 59
FU 65 11 20
FU 65 12 0
FU 65 13 27
FU 65 14 0
FU 65 15 0
FU 65 16 0
FU 65 25 40
FU 65 26 7
FU 65 27 26
FU 65 30 0
FU 65 31 29
FU 65 37 37
FU 65 40 9
FU 65 41 0
FU 65 48 30
FU 65 50 0
FU 65 51 28
FU 65 52 0
FU 65 54 41
FU 65 57 0
FU 65 58 56
FU 65 60 0
FU 65 62 0
FU 65 63 8
FU 65 64 4
FU 65 68 0
FU 65 70 0
FU 65 71 38
FU 65 77 34
FU 65 79 30
FU 67 1 31
FU 67 3 41
FU 67 4 44
FU 67 5 44
FU 67 7 48
FU 67 10 50
FU 67 11 56
FU 67 13 56
FU 67 18 51
FU 67 19 0
FU 67 21 56
FU 67 22 0
FU 67 24 38
FU 67 25 31
FU 67 26 56
FU 67 30 0
FU 67 31 31
FU 67 33 0
FU 67 34 53
FU 67 35 39
FU 67 36 53
FU 67 39 0
FU 67 40 20
FU 67 42 0
FU 67 43 47
FU 67 46 39
FU 67 49 37
FU 67 52 46
FU 67 53 0
FU 67 54 20
FU 67 61 59
FU 67 63 38
FU 67 68 0
FU 67 72 0
FU 67 73 36
FU 67 74 2
FU 67 79 26
FU 68 1 27
FU 68 2 43
FU 68 3 46
FU 68 4 22
FU 68 5 14
FU 68 6 0
FU 68 7 41
FU 68 10 70
FU 68 11 10
FU 68 12 0
FU 68 13 8
FU 68 14 0
FU 68 15 0
FU 68 16 0
FU 68 18 63
FU 68 19 0
FU 68 20 0
FU 68 21 13
FU 68 22 0
FU 68 25 28
FU 68 26 33
FU 68 27 20
FU 68 30 0
FU 68 31 12
FU 68 33 0
FU 68 34 36
FU 68 36 40
FU 68 37 53
FU 68 38 147
FU 68 40 21
FU 68 41 0
FU 68 42 0
FU 68 43 45
FU 68 47 23
FU 68 50 167
FU 68 51 46
FU 68 52 0
FU 68 53 0
FU 68 54 25
FU 68 55 58
FU 68 57 1
FU 68 58 38
FU 68 60 0
FU 68 61 24
FU 68 63 6
FU 68 64 11
FU 68 65 25
FU 68 67 26
FU 68 70 0
FU 68 71 35
FU 68 72 0
FU 68 74 0
FU 68 77 28
FU 68 79 30
FU 70 19 0
FU 70 20 266
FU 70 21 71
FU 70 55 5
FU 70 74 260
FU 71 1 15
FU 71 2 89
FU 71 3 31
FU 71 4 34
FU 71 5 21
FU 71 6 0
FU 71 7 17
FU 71 11 27
FU 71 12 0
FU 71 13 6
FU 71 14 0
FU 71 15 0
FU 71 16 0
FU 71 19 0
FU 71 20 0
FU 71 21 52
FU 71 25 23
FU 71 26 48
FU 71 27 27
FU 71 30 0
FU 71 34 37
FU 71 37 28
FU 71 40 17
FU 71 41 0
FU 71 42 0
FU 71 47 55
FU 71 48 27
FU 71 52 0
FU 71 54 44
FU 71 55 30
FU 71 58 46
FU 71 62 0
FU 71 63 18
FU 71 64 5
FU 71 65 17
FU 71 67 12
FU 71 68 0
FU 71 70 4
FU 71 72 0
FU 71 73 42
FU 71 74 0
FU 71 77 12
FU 71 78 0
FU 72 1 1
FU 72 3 9
FU 72 5 3
FU 72 6 0
FU 72 7 7
FU 72 11 3
FU 72 12 0
FU 72 13 7
FU 72 14 188
FU 72 16 0
FU 72 19 0
FU 72 20 0
FU 72 21 34
FU 72 25 5
FU 72 26 40
FU 72 27 10
FU 72 30 0
FU 72 34 5
FU 72 40 3
FU 72 41 0
FU 72 42 0
FU 72 47 20
FU 72 52 3
FU 72 54 3
FU 72 55 34
FU 72 63 15
FU 72 67 20
FU 72 68 0
FU 72 71 7
FU 72 73 66
FU 72 74 0
FU 72 77 13
FU 73 1 41
FU 73 7 61
FU 73 11 45
FU 73 16 0
FU 73 19 0
FU 73 20 3
FU 73 21 80
FU 73 25 45
FU 73 34 37
FU 73 42 0
FU 73 47 79
FU 73 52 18
FU 73 55 72
FU 73 67 43
FU 73 71 55
FU 73 72 2
FU 73 77 46
FU 74 1 2
FU 74 3 6
FU 74 4 2
FU 74 5 12
FU 74 6 0
FU 74 7 8
FU 74 10 8
FU 74 11 2
FU 74 12 0
FU 74 13 13
FU 74 14 72
FU 74 16 0
FU 74 18 32
FU 74 19 0
FU 74 20 0
FU 74 21 17
FU 74 22 0
FU 74 24 18
FU 74 25 2
FU 74 26 20
FU 74 30 0
FU 74 31 12
FU 74 33 0
FU 74 34 19
FU 74 35 46
FU 74 36 12
FU 74 38 29
FU 74 39 0
FU 74 40 6
FU 74 41 0
FU 74 42 0
FU 74 43 6
FU 74 46 11
FU 74 47 42
FU 74 49 4
FU 74 51 4
FU 74 52 63
FU 74 53 0
FU 74 54 0
FU 74 55 59
FU 74 61 7
FU 74 63 9
FU 74 67 12
FU 74 68 0
FU 74 70 139
FU 74 71 2
FU 74 72 0
FU 74 77 24
FU 74 79 10
FU 77 4 38
FU 77 15 0
FU 77 46 40
FU 77 49 24
FU 77 73 44
FU 78 19 990
FU 79 1 20
FU 79 3 10
FU 79 4 50
FU 79 6 0
FU 79 7 9
FU 79 10 13
FU 79 11 26
FU 79 12 0
FU 79 14 0
FU 79 15 0
FU 79 18 74
FU 79 22 0
FU 79 24 64
FU 79 25 46
FU 79 26 8
FU 79 30 0
FU 79 31 24
FU 79 33 0
FU 79 35 241
FU 79 36 18
FU 79 38 11
FU 79 39 0
FU 79 40 8
FU 79 41 0
FU 79 43 21
FU 79 46 60
FU 79 49 66
FU 79 51 8
FU 79 52 0
FU 79 53 0
FU 79 54 13
FU 79 61 25
FU 79 63 25
FU 79 64 2
FU 79 65 18
FU 79 67 8
FU 79 68 0
FU 79 70 0
FU 79 74 0
FU 79 77 13
FU 80 62 474
