Nodes: 41
Arcs: 538
MVE: 2
MAE: 40
SAE: 9892
Terminals_rem: 3
Nodes_rem: 6
Arcs_rem: 135
First LB: 1
LB: 1
Iter. LB: 0
First UB: 13
UB: 7
Iter. UB: 105
gap: 85.7143
BM. Time: 0
Runtime: 52
FL 0 34 2
FL 0 7 9
FL 0 37 1
FL 0 13 0
FL 0 33 9
FL 0 15 0
FL 0 3 0
FL 0 27 6
FL 0 24 3
FL 0 10 8
FL 0 31 0
FL 0 40 998
FL 0 36 7
FL 0 1 998
FL 0 6 9
FL 0 32 1
FL 0 38 998
FL 0 2 8
FL 0 30 7
FL 0 11 0
FL 0 22 287
FL 0 5 4
FL 0 8 174
FL 0 9 240
FL 0 12 2
FL 0 14 998
FL 0 16 40
FL 0 17 998
FL 0 18 24
FL 0 19 13
FL 0 20 10
FL 0 21 998
FL 0 23 257
FL 0 25 30
FL 0 26 54
FL 0 28 77
FL 0 29 1
FL 0 35 199
FL 0 39 256
FL 2 5 0
FL 2 6 0
FL 2 7 0
FL 2 9 18
FL 2 18 2
FL 2 19 0
FL 2 20 0
FL 2 22 3
FL 2 23 95
FL 2 24 0
FL 2 30 0
FL 2 39 54
FL 3 4 0
FL 3 5 472
FL 3 11 216
FL 3 13 998
FL 3 15 57
FL 3 16 45
FL 3 25 331
FL 3 26 83
FL 3 28 31
FL 3 31 58
FL 4 3 998
FL 4 11 294
FL 4 15 252
FL 4 16 363
FL 4 25 255
FL 4 26 398
FL 4 28 401
FL 4 29 999
FL 4 31 193
FL 4 0 1000
FL 5 2 508
FL 5 3 0
FL 5 8 480
FL 5 9 75
FL 5 10 998
FL 5 13 0
FL 5 15 53
FL 5 16 2
FL 5 18 6
FL 5 22 131
FL 5 26 36
FL 5 28 44
FL 5 31 38
FL 5 33 64
FL 5 36 378
FL 6 2 0
FL 6 7 0
FL 6 9 19
FL 6 18 2
FL 6 19 0
FL 6 20 0
FL 6 22 3
FL 6 23 84
FL 6 30 0
FL 6 34 0
FL 6 37 0
FL 6 39 39
FL 7 2 0
FL 7 6 0
FL 7 8 40
FL 7 9 48
FL 7 10 0
FL 7 18 2
FL 7 19 0
FL 7 22 5
FL 7 23 49
FL 7 24 0
FL 7 30 0
FL 7 34 0
FL 7 36 0
FL 7 37 0
FL 7 39 68
FL 8 5 0
FL 8 7 0
FL 8 9 35
FL 8 10 0
FL 8 13 0
FL 8 22 79
FL 8 30 468
FL 8 32 0
FL 8 37 0
FL 9 2 0
FL 9 5 3
FL 9 6 0
FL 9 7 0
FL 9 8 26
FL 9 10 0
FL 9 13 0
FL 9 15 0
FL 9 18 5
FL 9 19 1
FL 9 20 1
FL 9 22 89
FL 9 23 72
FL 9 27 0
FL 9 30 0
FL 9 32 0
FL 9 33 0
FL 9 34 1
FL 9 35 70
FL 9 37 0
FL 9 39 72
FL 10 5 0
FL 10 7 0
FL 10 8 23
FL 10 9 30
FL 10 12 0
FL 10 13 0
FL 10 20 0
FL 10 22 4
FL 10 24 0
FL 10 30 0
FL 10 32 0
FL 10 36 0
FL 10 37 0
FL 11 3 0
FL 11 4 0
FL 11 15 0
FL 11 16 22
FL 11 26 41
FL 11 28 30
FL 11 31 99
FL 12 13 0
FL 12 32 998
FL 13 3 0
FL 13 5 4
FL 13 8 55
FL 13 9 65
FL 13 10 0
FL 13 12 998
FL 13 15 32
FL 13 22 2
FL 13 24 998
FL 13 26 31
FL 13 31 63
FL 13 33 200
FL 13 36 1
FL 15 3 0
FL 15 4 0
FL 15 5 0
FL 15 9 9
FL 15 11 0
FL 15 13 0
FL 15 16 5
FL 15 18 0
FL 15 22 110
FL 15 25 42
FL 15 26 28
FL 15 27 88
FL 15 28 29
FL 15 29 0
FL 15 31 0
FL 15 33 0
FL 15 35 63
FL 15 36 0
FL 16 3 0
FL 16 4 0
FL 16 5 416
FL 16 15 45
FL 16 18 0
FL 16 25 63
FL 16 26 70
FL 16 27 99
FL 16 28 14
FL 16 29 0
FL 16 31 131
FL 16 33 64
FL 16 35 88
FL 18 2 509
FL 18 5 2
FL 18 6 998
FL 18 7 998
FL 18 9 32
FL 18 15 47
FL 18 16 13
FL 18 19 998
FL 18 20 998
FL 18 23 55
FL 18 25 35
FL 18 26 30
FL 18 27 65
FL 18 29 0
FL 18 30 545
FL 18 33 44
FL 18 35 91
FL 18 39 61
FL 19 2 0
FL 19 6 0
FL 19 7 0
FL 19 9 21
FL 19 18 2
FL 19 20 2
FL 19 23 43
FL 19 30 0
FL 19 34 998
FL 19 39 29
FL 20 2 0
FL 20 6 0
FL 20 10 0
FL 20 18 2
FL 20 19 1
FL 20 22 1
FL 20 23 95
FL 20 24 0
FL 20 30 0
FL 20 37 998
FL 20 39 29
FL 22 2 0
FL 22 5 1
FL 22 6 0
FL 22 7 0
FL 22 8 83
FL 22 9 49
FL 22 10 0
FL 22 13 0
FL 22 15 0
FL 22 18 4
FL 22 19 1
FL 22 20 1
FL 22 23 59
FL 22 24 0
FL 22 28 30
FL 22 30 0
FL 22 36 0
FL 22 39 90
FL 23 2 0
FL 23 6 0
FL 23 7 1
FL 23 18 2
FL 23 19 3
FL 23 20 1
FL 23 22 130
FL 23 30 0
FL 23 34 1
FL 23 39 93
FL 24 2 0
FL 24 7 1
FL 24 8 27
FL 24 9 45
FL 24 10 1
FL 24 12 1
FL 24 13 1
FL 24 20 1
FL 24 22 3
FL 24 30 1
FL 24 32 1
FL 24 34 1
FL 24 36 1
FL 24 37 1
FL 24 39 77
FL 25 3 2
FL 25 4 1
FL 25 15 95
FL 25 16 5
FL 25 18 1
FL 25 26 53
FL 25 27 76
FL 25 28 20
FL 25 29 1
FL 25 31 326
FL 25 33 93
FL 25 35 118
FL 26 3 1
FL 26 4 1
FL 26 5 100
FL 26 11 169
FL 26 15 53
FL 26 16 20
FL 26 18 9
FL 26 25 27
FL 26 27 122
FL 26 28 68
FL 26 29 0
FL 26 31 33
FL 26 33 93
FL 27 9 28
FL 27 15 63
FL 27 16 21
FL 27 18 1
FL 27 25 21
FL 27 26 41
FL 27 28 26
FL 27 29 1
FL 27 33 83
FL 27 35 53
FL 28 3 1
FL 28 4 1
FL 28 5 1
FL 28 11 141
FL 28 15 58
FL 28 16 11
FL 28 25 35
FL 28 26 12
FL 28 27 79
FL 28 29 0
FL 28 31 56
FL 28 33 60
FL 28 36 405
FL 29 4 0
FL 29 15 79
FL 29 16 325
FL 29 18 999
FL 29 25 45
FL 29 26 48
FL 29 27 232
FL 29 28 137
FL 29 33 187
FL 29 35 237
FL 30 2 0
FL 30 6 0
FL 30 7 0
FL 30 8 8
FL 30 9 15
FL 30 10 0
FL 30 18 2
FL 30 19 1
FL 30 20 1
FL 30 22 3
FL 30 23 63
FL 30 24 0
FL 30 34 0
FL 30 37 0
FL 30 39 62
FL 31 3 0
FL 31 4 0
FL 31 5 1
FL 31 11 185
FL 31 13 1
FL 31 15 49
FL 31 16 16
FL 31 25 34
FL 31 26 23
FL 31 28 20
FL 31 36 233
FL 32 8 12
FL 32 9 32
FL 32 10 0
FL 32 12 0
FL 32 24 0
FL 32 37 0
FL 33 5 0
FL 33 9 28
FL 33 13 0
FL 33 15 57
FL 33 16 9
FL 33 18 2
FL 33 25 47
FL 33 26 27
FL 33 27 96
FL 33 28 28
FL 33 29 0
FL 33 35 71
FL 34 6 0
FL 34 7 0
FL 34 9 33
FL 34 19 0
FL 34 23 56
FL 34 24 0
FL 34 30 0
FL 34 37 0
FL 34 39 66
FL 35 9 43
FL 35 15 52
FL 35 16 18
FL 35 18 11
FL 35 25 13
FL 35 27 137
FL 35 29 0
FL 35 33 103
FL 36 5 0
FL 36 7 0
FL 36 8 36
FL 36 9 13
FL 36 10 0
FL 36 12 0
FL 36 13 0
FL 36 15 0
FL 36 22 4
FL 36 24 0
FL 36 28 25
FL 36 31 0
FL 37 6 0
FL 37 7 0
FL 37 8 13
FL 37 9 46
FL 37 10 0
FL 37 20 0
FL 37 24 0
FL 37 30 0
FL 37 32 0
FL 37 34 0
FL 39 2 0
FL 39 6 0
FL 39 7 1
FL 39 9 58
FL 39 18 18
FL 39 19 1
FL 39 20 4
FL 39 22 138
FL 39 23 62
FL 39 24 0
FL 39 30 0
FU 0 34 2
FU 0 7 7
FU 0 37 2
FU 0 13 2
FU 0 33 16
FU 0 15 2
FU 0 3 2
FU 0 27 5
FU 0 24 2
FU 0 10 5
FU 0 31 2
FU 0 40 1000
FU 0 36 6
FU 0 1 1000
FU 0 6 5
FU 0 32 3
FU 0 38 1000
FU 0 2 7
FU 0 30 7
FU 0 11 2
FU 0 22 296
FU 0 5 5
FU 0 8 163
FU 0 9 238
FU 0 12 3
FU 0 14 1000
FU 0 16 36
FU 0 17 1000
FU 0 18 3
FU 0 19 5
FU 0 20 3
FU 0 21 1000
FU 0 23 266
FU 0 25 30
FU 0 26 64
FU 0 28 89
FU 0 29 2
FU 0 35 191
FU 0 39 266
FU 2 5 3
FU 2 6 0
FU 2 7 0
FU 2 9 22
FU 2 18 0
FU 2 19 0
FU 2 20 0
FU 2 22 3
FU 2 23 88
FU 2 24 0
FU 2 30 0
FU 2 39 51
FU 3 4 0
FU 3 5 458
FU 3 11 211
FU 3 13 997
FU 3 15 65
FU 3 16 59
FU 3 25 323
FU 3 26 70
FU 3 28 30
FU 3 31 61
FU 4 3 998
FU 4 11 316
FU 4 15 261
FU 4 16 296
FU 4 25 205
FU 4 26 402
FU 4 28 392
FU 4 29 998
FU 4 31 183
FU 4 0 1000
FU 5 2 495
FU 5 3 0
FU 5 8 460
FU 5 9 67
FU 5 10 995
FU 5 13 0
FU 5 15 60
FU 5 16 2
FU 5 18 0
FU 5 22 123
FU 5 26 33
FU 5 28 40
FU 5 31 46
FU 5 33 73
FU 5 36 369
FU 6 2 0
FU 6 7 0
FU 6 9 22
FU 6 18 0
FU 6 19 0
FU 6 20 0
FU 6 22 4
FU 6 23 75
FU 6 30 0
FU 6 34 0
FU 6 37 0
FU 6 39 48
FU 7 2 0
FU 7 6 0
FU 7 8 38
FU 7 9 45
FU 7 10 0
FU 7 18 0
FU 7 19 0
FU 7 22 9
FU 7 23 54
FU 7 24 0
FU 7 30 0
FU 7 34 0
FU 7 36 0
FU 7 37 0
FU 7 39 60
FU 8 5 7
FU 8 7 0
FU 8 9 41
FU 8 10 0
FU 8 13 0
FU 8 22 87
FU 8 30 462
FU 8 32 0
FU 8 37 0
FU 9 2 0
FU 9 5 1
FU 9 6 0
FU 9 7 0
FU 9 8 32
FU 9 10 0
FU 9 13 0
FU 9 15 0
FU 9 18 0
FU 9 19 0
FU 9 20 0
FU 9 22 96
FU 9 23 83
FU 9 27 0
FU 9 30 0
FU 9 32 0
FU 9 33 0
FU 9 34 0
FU 9 35 70
FU 9 37 0
FU 9 39 73
FU 10 5 0
FU 10 7 0
FU 10 8 18
FU 10 9 33
FU 10 12 0
FU 10 13 0
FU 10 20 0
FU 10 22 4
FU 10 24 0
FU 10 30 0
FU 10 32 0
FU 10 36 0
FU 10 37 0
FU 11 3 0
FU 11 4 0
FU 11 15 0
FU 11 16 79
FU 11 26 35
FU 11 28 26
FU 11 31 105
FU 12 13 0
FU 12 32 997
FU 13 3 0
FU 13 5 0
FU 13 8 52
FU 13 9 56
FU 13 10 0
FU 13 12 997
FU 13 15 44
FU 13 22 1
FU 13 24 998
FU 13 26 33
FU 13 31 63
FU 13 33 186
FU 13 36 1
FU 15 3 0
FU 15 4 0
FU 15 5 0
FU 15 9 10
FU 15 11 0
FU 15 13 0
FU 15 16 7
FU 15 18 0
FU 15 22 104
FU 15 25 52
FU 15 26 48
FU 15 27 82
FU 15 28 35
FU 15 29 0
FU 15 31 0
FU 15 33 0
FU 15 35 68
FU 15 36 0
FU 16 3 0
FU 16 4 0
FU 16 5 332
FU 16 15 43
FU 16 18 0
FU 16 25 59
FU 16 26 65
FU 16 27 89
FU 16 28 19
FU 16 29 0
FU 16 31 135
FU 16 33 69
FU 16 35 92
FU 18 2 498
FU 18 5 0
FU 18 6 995
FU 18 7 993
FU 18 9 42
FU 18 15 33
FU 18 16 20
FU 18 19 994
FU 18 20 996
FU 18 23 54
FU 18 25 53
FU 18 26 42
FU 18 27 75
FU 18 29 0
FU 18 30 531
FU 18 33 50
FU 18 35 106
FU 18 39 73
FU 19 2 0
FU 19 6 0
FU 19 7 0
FU 19 9 25
FU 19 18 0
FU 19 20 0
FU 19 23 46
FU 19 30 0
FU 19 34 998
FU 19 39 28
FU 20 2 0
FU 20 6 0
FU 20 10 0
FU 20 18 0
FU 20 19 0
FU 20 22 1
FU 20 23 90
FU 20 24 0
FU 20 30 0
FU 20 37 998
FU 20 39 45
FU 22 2 0
FU 22 5 1
FU 22 6 0
FU 22 7 0
FU 22 8 76
FU 22 9 48
FU 22 10 0
FU 22 13 0
FU 22 15 0
FU 22 18 0
FU 22 19 0
FU 22 20 0
FU 22 23 64
FU 22 24 0
FU 22 28 34
FU 22 30 0
FU 22 36 0
FU 22 39 88
FU 23 2 0
FU 23 6 0
FU 23 7 0
FU 23 18 0
FU 23 19 0
FU 23 20 0
FU 23 22 132
FU 23 30 0
FU 23 34 0
FU 23 39 91
FU 24 2 0
FU 24 7 0
FU 24 8 28
FU 24 9 52
FU 24 10 0
FU 24 12 0
FU 24 13 0
FU 24 20 0
FU 24 22 4
FU 24 30 0
FU 24 32 0
FU 24 34 0
FU 24 36 0
FU 24 37 0
FU 24 39 67
FU 25 3 0
FU 25 4 0
FU 25 15 100
FU 25 16 6
FU 25 18 0
FU 25 26 43
FU 25 27 76
FU 25 28 19
FU 25 29 0
FU 25 31 308
FU 25 33 92
FU 25 35 115
FU 26 3 0
FU 26 4 0
FU 26 5 193
FU 26 11 160
FU 26 15 51
FU 26 16 35
FU 26 18 0
FU 26 25 28
FU 26 27 118
FU 26 28 70
FU 26 29 0
FU 26 31 47
FU 26 33 96
FU 27 9 22
FU 27 15 69
FU 27 16 26
FU 27 18 0
FU 27 25 32
FU 27 26 38
FU 27 28 24
FU 27 29 0
FU 27 33 72
FU 27 35 67
FU 28 3 0
FU 28 4 0
FU 28 5 0
FU 28 11 128
FU 28 15 43
FU 28 16 40
FU 28 25 57
FU 28 26 14
FU 28 27 76
FU 28 29 0
FU 28 31 50
FU 28 33 60
FU 28 36 404
FU 29 4 0
FU 29 15 78
FU 29 16 293
FU 29 18 997
FU 29 25 45
FU 29 26 39
FU 29 27 245
FU 29 28 118
FU 29 33 182
FU 29 35 222
FU 30 2 0
FU 30 6 0
FU 30 7 0
FU 30 8 27
FU 30 9 16
FU 30 10 0
FU 30 18 0
FU 30 19 0
FU 30 20 0
FU 30 22 6
FU 30 23 59
FU 30 24 0
FU 30 34 0
FU 30 37 0
FU 30 39 55
FU 31 3 0
FU 31 4 0
FU 31 5 0
FU 31 11 183
FU 31 13 1
FU 31 15 47
FU 31 16 26
FU 31 25 42
FU 31 26 37
FU 31 28 22
FU 31 36 220
FU 32 8 27
FU 32 9 38
FU 32 10 0
FU 32 12 0
FU 32 24 0
FU 32 37 0
FU 33 5 0
FU 33 9 28
FU 33 13 0
FU 33 15 46
FU 33 16 29
FU 33 18 0
FU 33 25 49
FU 33 26 37
FU 33 27 89
FU 33 28 50
FU 33 29 0
FU 33 35 69
FU 34 6 0
FU 34 7 0
FU 34 9 31
FU 34 19 0
FU 34 23 56
FU 34 24 0
FU 34 30 0
FU 34 37 0
FU 34 39 55
FU 35 9 53
FU 35 15 58
FU 35 16 46
FU 35 18 0
FU 35 25 25
FU 35 27 145
FU 35 29 0
FU 35 33 104
FU 36 5 0
FU 36 7 0
FU 36 8 43
FU 36 9 22
FU 36 10 0
FU 36 12 0
FU 36 13 0
FU 36 15 0
FU 36 22 4
FU 36 24 0
FU 36 28 32
FU 36 31 0
FU 37 6 0
FU 37 7 0
FU 37 8 36
FU 37 9 43
FU 37 10 0
FU 37 20 0
FU 37 24 0
FU 37 30 0
FU 37 32 0
FU 37 34 0
FU 39 2 0
FU 39 6 0
FU 39 7 0
FU 39 9 46
FU 39 18 0
FU 39 19 1
FU 39 20 1
FU 39 22 126
FU 39 23 65
FU 39 24 0
FU 39 30 0
