Nodes: 101
Arcs: 2816
MVE: 0
MAE: 950
SAE: 108877
Terminals_rem: 1
Nodes_rem: 10
Arcs_rem: 1086
First LB: 0
LB: 0
Iter. LB: 0
First UB: 24
UB: 10
Iter. UB: 536
gap: 100
BM. Time: 0
Runtime: 537
FL 0 5 13
FL 0 46 6
FL 0 96 0
FL 0 52 0
FL 0 45 11
FL 0 40 1
FL 0 39 16
FL 0 29 16
FL 0 15 1
FL 0 59 11
FL 0 62 16
FL 0 95 999
FL 0 72 13
FL 0 18 13
FL 0 80 0
FL 0 87 14
FL 0 56 16
FL 0 75 4
FL 0 91 14
FL 0 23 18
FL 0 9 17
FL 0 71 0
FL 0 84 4
FL 0 98 10
FL 0 79 18
FL 0 57 16
FL 0 41 10
FL 0 64 21
FL 0 47 3
FL 0 81 7
FL 0 13 3
FL 0 49 22
FL 0 14 1
FL 0 50 15
FL 0 34 14
FL 0 73 8
FL 0 74 11
FL 0 97 3
FL 0 30 20
FL 0 25 22
FL 0 20 13
FL 0 22 0
FL 0 58 15
FL 0 1 32
FL 0 2 85
FL 0 3 999
FL 0 4 185
FL 0 6 39
FL 0 7 70
FL 0 8 58
FL 0 10 109
FL 0 11 11
FL 0 12 98
FL 0 16 72
FL 0 17 152
FL 0 19 125
FL 0 21 128
FL 0 24 250
FL 0 26 265
FL 0 27 254
FL 0 28 58
FL 0 31 131
FL 0 32 297
FL 0 33 0
FL 0 35 998
FL 0 37 56
FL 0 38 191
FL 0 42 297
FL 0 43 998
FL 0 44 290
FL 0 48 244
FL 0 51 63
FL 0 53 105
FL 0 54 998
FL 0 55 258
FL 0 60 998
FL 0 61 199
FL 0 63 29
FL 0 65 56
FL 0 66 28
FL 0 67 67
FL 0 68 306
FL 0 69 998
FL 0 70 234
FL 0 76 998
FL 0 77 15
FL 0 78 3
FL 0 82 999
FL 0 83 82
FL 0 85 80
FL 0 86 175
FL 0 88 175
FL 0 89 998
FL 0 90 59
FL 0 92 307
FL 0 93 207
FL 0 94 96
FL 0 99 164
FL 0 100 297
FL 1 6 3
FL 1 11 0
FL 1 15 100
FL 1 18 390
FL 1 32 56
FL 1 33 0
FL 1 37 25
FL 1 45 872
FL 1 50 999
FL 1 51 29
FL 1 52 117
FL 1 58 812
FL 1 62 386
FL 1 73 1
FL 1 78 4
FL 1 86 46
FL 1 93 150
FL 1 94 37
FL 2 13 0
FL 2 18 0
FL 2 47 0
FL 2 68 44
FL 2 81 0
FL 4 6 4
FL 4 24 70
FL 4 26 61
FL 4 28 45
FL 4 29 0
FL 4 30 0
FL 4 61 22
FL 4 77 16
FL 4 92 19
FL 5 1 0
FL 5 6 1
FL 5 8 1
FL 5 10 18
FL 5 11 1
FL 5 12 15
FL 5 13 0
FL 5 14 0
FL 5 17 60
FL 5 23 0
FL 5 26 34
FL 5 30 0
FL 5 31 32
FL 5 34 0
FL 5 37 12
FL 5 40 0
FL 5 49 0
FL 5 52 0
FL 5 56 0
FL 5 57 0
FL 5 58 0
FL 5 59 0
FL 5 61 13
FL 5 62 0
FL 5 64 0
FL 5 67 29
FL 5 77 1
FL 5 78 1
FL 5 79 0
FL 5 83 40
FL 5 85 20
FL 5 86 30
FL 5 91 0
FL 5 92 12
FL 5 93 59
FL 5 94 80
FL 5 98 0
FL 5 99 46
FL 6 1 0
FL 6 4 32
FL 6 5 440
FL 6 8 6
FL 6 10 31
FL 6 11 1
FL 6 12 25
FL 6 13 83
FL 6 14 58
FL 6 17 41
FL 6 23 194
FL 6 24 66
FL 6 26 24
FL 6 29 237
FL 6 30 237
FL 6 34 135
FL 6 37 12
FL 6 44 166
FL 6 52 66
FL 6 59 387
FL 6 61 18
FL 6 62 245
FL 6 64 406
FL 6 67 35
FL 6 70 66
FL 6 71 129
FL 6 77 18
FL 6 78 1
FL 6 79 184
FL 6 83 37
FL 6 85 24
FL 6 86 32
FL 6 91 833
FL 6 92 273
FL 6 93 63
FL 6 98 408
FL 6 99 66
FL 6 100 73
FL 7 2 17
FL 7 9 28
FL 7 14 19
FL 7 16 25
FL 7 25 24
FL 7 28 38
FL 7 32 26
FL 7 38 53
FL 7 41 112
FL 7 42 27
FL 7 45 134
FL 7 50 0
FL 7 53 8
FL 7 55 77
FL 7 63 31
FL 7 65 32
FL 7 68 34
FL 7 72 36
FL 7 73 1
FL 7 74 94
FL 7 75 29
FL 7 81 93
FL 7 84 123
FL 7 87 106
FL 7 88 43
FL 7 90 20
FL 7 94 33
FL 7 96 0
FL 8 5 29
FL 8 6 5
FL 8 12 13
FL 8 13 23
FL 8 14 24
FL 8 23 52
FL 8 24 63
FL 8 26 27
FL 8 29 46
FL 8 30 19
FL 8 34 49
FL 8 37 17
FL 8 44 85
FL 8 52 36
FL 8 59 74
FL 8 62 46
FL 8 67 24
FL 8 70 134
FL 8 78 1
FL 8 83 72
FL 8 85 42
FL 8 86 12
FL 8 92 54
FL 8 98 173
FL 8 99 33
FL 9 1 1
FL 9 2 40
FL 9 7 3
FL 9 14 0
FL 9 16 30
FL 9 20 0
FL 9 25 0
FL 9 32 43
FL 9 33 0
FL 9 38 43
FL 9 41 0
FL 9 42 28
FL 9 45 0
FL 9 50 0
FL 9 53 3
FL 9 55 81
FL 9 63 9
FL 9 65 31
FL 9 68 27
FL 9 72 0
FL 9 73 0
FL 9 74 0
FL 9 75 0
FL 9 81 0
FL 9 84 0
FL 9 87 0
FL 9 88 45
FL 9 90 25
FL 9 96 0
FL 10 25 0
FL 10 28 57
FL 10 29 0
FL 10 30 0
FL 10 58 0
FL 10 77 0
FL 10 86 18
FL 10 91 0
FL 10 92 14
FL 10 98 0
FL 11 5 170
FL 11 6 46
FL 11 10 60
FL 11 12 38
FL 11 13 124
FL 11 14 166
FL 11 15 62
FL 11 22 49
FL 11 28 62
FL 11 33 2
FL 11 36 0
FL 11 40 110
FL 11 44 112
FL 11 51 78
FL 11 52 102
FL 11 55 125
FL 11 67 43
FL 11 73 175
FL 11 77 73
FL 11 83 25
FL 11 85 66
FL 11 86 178
FL 12 30 0
FL 12 51 17
FL 12 92 7
FL 12 93 91
FL 13 1 0
FL 13 2 32
FL 13 5 0
FL 13 6 1
FL 13 8 2
FL 13 10 40
FL 13 11 3
FL 13 12 24
FL 13 14 0
FL 13 15 0
FL 13 17 26
FL 13 22 0
FL 13 23 0
FL 13 24 23
FL 13 26 36
FL 13 28 24
FL 13 29 0
FL 13 30 0
FL 13 34 0
FL 13 37 17
FL 13 40 0
FL 13 44 86
FL 13 49 0
FL 13 51 62
FL 13 52 0
FL 13 57 0
FL 13 59 0
FL 13 61 28
FL 13 64 0
FL 13 67 64
FL 13 70 54
FL 13 71 0
FL 13 77 0
FL 13 78 1
FL 13 79 0
FL 13 83 17
FL 13 85 29
FL 13 86 18
FL 13 92 17
FL 13 97 0
FL 14 1 0
FL 14 2 32
FL 14 5 0
FL 14 6 3
FL 14 7 9
FL 14 8 7
FL 14 9 0
FL 14 10 67
FL 14 11 0
FL 14 12 22
FL 14 13 0
FL 14 15 0
FL 14 16 22
FL 14 17 46
FL 14 23 0
FL 14 25 0
FL 14 28 12
FL 14 31 68
FL 14 37 25
FL 14 40 0
FL 14 42 28
FL 14 49 0
FL 14 50 1
FL 14 56 1
FL 14 57 0
FL 14 59 2
FL 14 61 37
FL 14 63 28
FL 14 64 0
FL 14 65 111
FL 14 67 57
FL 14 71 0
FL 14 72 0
FL 14 73 0
FL 14 77 11
FL 14 83 56
FL 14 85 34
FL 14 87 1
FL 14 90 19
FL 14 91 0
FL 14 94 40
FL 14 98 0
FL 15 1 9
FL 15 2 34
FL 15 4 133
FL 15 10 53
FL 15 11 29
FL 15 12 53
FL 15 13 347
FL 15 14 314
FL 15 17 150
FL 15 19 88
FL 15 22 121
FL 15 23 2
FL 15 24 187
FL 15 25 402
FL 15 26 161
FL 15 28 86
FL 15 29 325
FL 15 30 355
FL 15 31 64
FL 15 34 319
FL 15 36 0
FL 15 37 40
FL 15 39 343
FL 15 40 384
FL 15 46 291
FL 15 49 513
FL 15 51 172
FL 15 52 216
FL 15 57 471
FL 15 58 2
FL 15 61 318
FL 15 66 298
FL 15 67 68
FL 15 70 161
FL 15 71 98
FL 15 77 33
FL 15 78 2
FL 15 79 512
FL 15 83 38
FL 15 85 129
FL 15 86 299
FL 15 97 1
FL 15 98 4
FL 15 100 343
FL 16 7 1
FL 16 9 184
FL 16 14 150
FL 16 19 25
FL 16 25 184
FL 16 27 130
FL 16 28 89
FL 16 33 0
FL 16 36 0
FL 16 50 2
FL 16 51 55
FL 16 55 51
FL 16 65 23
FL 16 66 44
FL 16 71 41
FL 16 73 362
FL 16 90 66
FL 16 96 2
FL 16 97 46
FL 17 5 0
FL 17 6 3
FL 17 10 21
FL 17 13 0
FL 17 18 0
FL 17 40 0
FL 17 58 3
FL 17 59 1
FL 17 62 0
FL 17 77 5
FL 17 83 45
FL 17 92 25
FL 17 94 54
FL 17 98 1
FL 18 1 1
FL 18 2 49
FL 18 17 22
FL 18 25 0
FL 18 32 19
FL 18 38 76
FL 18 42 29
FL 18 45 0
FL 18 50 0
FL 18 53 3
FL 18 56 0
FL 18 58 0
FL 18 67 49
FL 18 68 47
FL 18 72 0
FL 18 73 0
FL 18 81 0
FL 18 84 0
FL 18 85 42
FL 18 87 0
FL 18 91 0
FL 18 94 33
FL 18 98 0
FL 19 21 47
FL 19 22 227
FL 19 63 9
FL 19 78 2
FL 20 1 1
FL 20 2 25
FL 20 7 12
FL 20 9 0
FL 20 25 0
FL 20 32 41
FL 20 33 0
FL 20 38 43
FL 20 41 0
FL 20 42 31
FL 20 50 0
FL 20 53 1
FL 20 63 22
FL 20 65 28
FL 20 72 0
FL 20 73 0
FL 20 87 0
FL 20 88 29
FL 20 90 18
FL 20 96 0
FL 21 19 157
FL 21 33 0
FL 21 36 0
FL 21 38 36
FL 21 48 180
FL 21 55 55
FL 21 75 160
FL 21 80 229
FL 21 90 12
FL 21 96 0
FL 22 11 0
FL 22 13 0
FL 22 15 0
FL 22 19 44
FL 22 23 0
FL 22 24 17
FL 22 26 16
FL 22 28 17
FL 22 29 0
FL 22 30 0
FL 22 34 0
FL 22 36 0
FL 22 39 0
FL 22 44 30
FL 22 46 0
FL 22 51 47
FL 22 52 0
FL 22 70 33
FL 22 71 0
FL 22 78 0
FL 22 86 17
FL 22 97 0
FL 22 100 26
FL 23 5 0
FL 23 6 1
FL 23 8 2
FL 23 10 23
FL 23 11 0
FL 23 12 27
FL 23 13 0
FL 23 14 0
FL 23 15 0
FL 23 17 18
FL 23 22 0
FL 23 26 33
FL 23 28 35
FL 23 29 0
FL 23 30 0
FL 23 31 28
FL 23 34 0
FL 23 37 9
FL 23 40 0
FL 23 49 0
FL 23 51 38
FL 23 52 0
FL 23 57 0
FL 23 59 0
FL 23 61 16
FL 23 64 0
FL 23 71 0
FL 23 73 86
FL 23 77 72
FL 23 78 1
FL 23 79 0
FL 23 83 22
FL 23 85 15
FL 23 86 13
FL 23 92 17
FL 24 4 51
FL 24 6 4
FL 24 8 6
FL 24 13 0
FL 24 15 0
FL 24 22 0
FL 24 29 21
FL 24 30 0
FL 24 31 85
FL 24 34 0
FL 24 37 24
FL 24 39 3
FL 24 52 155
FL 24 59 2
FL 24 62 1
FL 24 92 30
FL 24 99 108
FL 24 100 40
FL 25 1 1
FL 25 2 51
FL 25 7 8
FL 25 9 0
FL 25 10 26
FL 25 12 43
FL 25 14 0
FL 25 15 0
FL 25 16 9
FL 25 18 0
FL 25 20 3
FL 25 32 34
FL 25 38 38
FL 25 41 0
FL 25 42 31
FL 25 45 0
FL 25 47 0
FL 25 50 0
FL 25 53 6
FL 25 56 2
FL 25 57 0
FL 25 58 0
FL 25 63 34
FL 25 68 47
FL 25 72 0
FL 25 73 0
FL 25 74 1
FL 25 79 0
FL 25 81 0
FL 25 84 0
FL 25 87 0
FL 25 88 55
FL 25 90 21
FL 25 91 0
FL 25 94 49
FL 25 98 0
FL 26 4 29
FL 26 6 5
FL 26 8 6
FL 26 12 25
FL 26 13 0
FL 26 15 0
FL 26 23 1
FL 26 30 0
FL 26 31 82
FL 26 34 0
FL 26 37 35
FL 26 39 3
FL 26 40 0
FL 26 52 0
FL 26 59 1
FL 26 62 3
FL 26 64 0
FL 26 92 40
FL 26 99 71
FL 26 100 50
FL 27 16 23
FL 27 66 15
FL 28 4 87
FL 28 10 46
FL 28 58 0
FL 28 61 35
FL 28 79 0
FL 28 91 0
FL 28 98 0
FL 29 4 67
FL 29 6 1
FL 29 8 2
FL 29 10 22
FL 29 11 0
FL 29 12 23
FL 29 13 0
FL 29 15 0
FL 29 22 0
FL 29 23 0
FL 29 24 21
FL 29 30 0
FL 29 31 80
FL 29 34 0
FL 29 37 24
FL 29 39 0
FL 29 49 0
FL 29 52 0
FL 29 59 0
FL 29 62 0
FL 29 70 89
FL 29 83 30
FL 29 92 22
FL 29 99 72
FL 29 100 56
FL 30 4 68
FL 30 5 0
FL 30 6 1
FL 30 8 7
FL 30 10 23
FL 30 11 0
FL 30 12 39
FL 30 13 0
FL 30 15 0
FL 30 22 0
FL 30 23 0
FL 30 24 41
FL 30 26 32
FL 30 29 0
FL 30 31 68
FL 30 34 0
FL 30 37 19
FL 30 39 0
FL 30 40 0
FL 30 44 77
FL 30 49 2
FL 30 52 0
FL 30 59 0
FL 30 61 13
FL 30 62 0
FL 30 64 0
FL 30 70 68
FL 30 83 52
FL 30 92 14
FL 30 99 93
FL 31 24 55
FL 32 2 36
FL 32 18 1
FL 32 41 0
FL 32 42 47
FL 32 45 1
FL 32 50 1
FL 32 53 6
FL 32 58 4
FL 32 67 28
FL 32 68 91
FL 32 72 0
FL 32 85 34
FL 32 91 3
FL 32 94 138
FL 32 98 2
FL 33 1 998
FL 33 11 16
FL 33 16 43
FL 33 19 37
FL 33 21 57
FL 33 27 148
FL 33 36 0
FL 33 38 49
FL 33 48 230
FL 33 55 94
FL 33 63 32
FL 33 65 59
FL 33 66 61
FL 33 75 257
FL 33 78 484
FL 33 80 188
FL 33 90 19
FL 33 96 0
FL 33 97 73
FL 34 1 3
FL 34 5 0
FL 34 6 2
FL 34 8 7
FL 34 10 60
FL 34 11 0
FL 34 12 24
FL 34 13 0
FL 34 15 0
FL 34 22 0
FL 34 23 0
FL 34 24 18
FL 34 26 43
FL 34 28 20
FL 34 29 0
FL 34 30 0
FL 34 37 25
FL 34 39 0
FL 34 40 0
FL 34 49 1
FL 34 57 0
FL 34 59 0
FL 34 61 28
FL 34 64 0
FL 34 71 0
FL 34 73 0
FL 34 78 2
FL 34 83 53
FL 34 85 33
FL 34 92 18
FL 34 97 0
FL 36 11 186
FL 36 15 517
FL 36 16 491
FL 36 21 411
FL 36 22 328
FL 36 33 999
FL 36 37 465
FL 36 63 491
FL 36 65 293
FL 36 66 379
FL 36 71 512
FL 36 78 519
FL 36 80 337
FL 36 90 476
FL 36 96 998
FL 36 97 405
FL 36 0 1000
FL 37 6 0
FL 37 24 47
FL 37 26 22
FL 37 59 406
FL 37 62 341
FL 37 77 20
FL 37 83 42
FL 37 92 16
FL 38 2 10
FL 38 21 51
FL 38 25 1
FL 38 33 0
FL 38 42 23
FL 38 45 3
FL 38 50 2
FL 38 65 52
FL 39 4 69
FL 39 15 0
FL 39 19 45
FL 39 22 0
FL 39 24 37
FL 39 26 42
FL 39 28 19
FL 39 29 0
FL 39 30 0
FL 39 34 0
FL 39 40 0
FL 39 44 58
FL 39 46 0
FL 39 51 53
FL 39 52 0
FL 39 55 46
FL 39 66 23
FL 39 70 46
FL 39 96 0
FL 39 97 0
FL 39 99 65
FL 39 100 41
FL 40 5 0
FL 40 6 1
FL 40 8 2
FL 40 10 39
FL 40 11 0
FL 40 12 18
FL 40 13 47
FL 40 14 0
FL 40 15 13
FL 40 17 31
FL 40 23 0
FL 40 26 18
FL 40 28 26
FL 40 30 0
FL 40 34 0
FL 40 37 30
FL 40 39 41
FL 40 49 0
FL 40 51 56
FL 40 52 17
FL 40 56 0
FL 40 57 0
FL 40 59 0
FL 40 61 23
FL 40 64 0
FL 40 71 28
FL 40 77 79
FL 40 78 1
FL 40 79 0
FL 40 83 44
FL 40 85 30
FL 40 86 10
FL 40 91 0
FL 40 92 16
FL 40 98 369
FL 41 1 1
FL 41 2 28
FL 41 7 16
FL 41 9 0
FL 41 20 3
FL 41 25 0
FL 41 32 25
FL 41 38 23
FL 41 42 26
FL 41 45 0
FL 41 47 0
FL 41 50 0
FL 41 53 3
FL 41 63 22
FL 41 68 48
FL 41 72 0
FL 41 74 0
FL 41 75 0
FL 41 81 0
FL 41 84 0
FL 41 87 0
FL 41 88 82
FL 42 18 1
FL 42 32 38
FL 42 38 94
FL 42 50 1
FL 42 53 11
FL 42 63 23
FL 42 68 48
FL 42 72 2
FL 42 73 0
FL 42 81 2
FL 42 84 0
FL 42 90 13
FL 44 4 60
FL 44 6 4
FL 44 8 7
FL 44 11 5
FL 44 13 141
FL 44 22 0
FL 44 30 15
FL 44 39 0
FL 44 99 51
FL 44 100 40
FL 45 1 1
FL 45 2 25
FL 45 7 2
FL 45 9 0
FL 45 10 40
FL 45 12 23
FL 45 18 0
FL 45 25 0
FL 45 32 21
FL 45 38 26
FL 45 41 0
FL 45 42 26
FL 45 56 0
FL 45 61 11
FL 45 63 34
FL 45 64 0
FL 45 67 87
FL 45 73 0
FL 45 81 0
FL 45 85 54
FL 45 87 0
FL 45 91 0
FL 45 94 137
FL 46 15 0
FL 46 22 0
FL 46 28 22
FL 46 39 0
FL 46 66 30
FL 46 70 45
FL 46 71 0
FL 46 80 0
FL 46 96 0
FL 46 97 0
FL 47 2 22
FL 47 25 0
FL 47 38 22
FL 47 41 0
FL 47 42 23
FL 47 50 0
FL 47 53 8
FL 47 68 29
FL 47 72 0
FL 47 81 0
FL 47 84 0
FL 47 87 0
FL 47 88 24
FL 48 21 85
FL 48 33 0
FL 48 96 0
FL 49 1 1
FL 49 5 0
FL 49 6 2
FL 49 8 4
FL 49 10 21
FL 49 11 0
FL 49 12 37
FL 49 13 0
FL 49 14 0
FL 49 15 0
FL 49 17 40
FL 49 23 0
FL 49 24 20
FL 49 26 39
FL 49 29 0
FL 49 30 0
FL 49 31 85
FL 49 34 0
FL 49 37 35
FL 49 40 0
FL 49 52 0
FL 49 56 0
FL 49 57 0
FL 49 59 0
FL 49 61 23
FL 49 62 0
FL 49 64 0
FL 49 67 58
FL 49 71 0
FL 49 77 23
FL 49 79 0
FL 49 83 40
FL 49 85 19
FL 49 86 16
FL 49 92 11
FL 49 93 136
FL 49 99 131
FL 50 1 2
FL 50 2 27
FL 50 7 4
FL 50 9 202
FL 50 14 72
FL 50 16 21
FL 50 18 428
FL 50 20 2
FL 50 25 87
FL 50 32 33
FL 50 38 57
FL 50 41 390
FL 50 42 31
FL 50 47 999
FL 50 53 8
FL 50 63 15
FL 50 68 77
FL 50 72 249
FL 50 73 0
FL 50 74 275
FL 50 75 136
FL 50 81 774
FL 50 84 792
FL 50 87 479
FL 50 88 70
FL 50 90 18
FL 51 1 1
FL 51 12 82
FL 51 40 0
FL 51 66 12
FL 51 73 0
FL 51 78 1
FL 51 85 31
FL 52 1 1
FL 52 5 0
FL 52 6 1
FL 52 8 2
FL 52 10 14
FL 52 11 0
FL 52 12 19
FL 52 13 0
FL 52 15 0
FL 52 22 0
FL 52 23 0
FL 52 24 15
FL 52 26 28
FL 52 28 23
FL 52 29 0
FL 52 30 0
FL 52 37 18
FL 52 39 0
FL 52 40 0
FL 52 49 0
FL 52 57 0
FL 52 59 0
FL 52 61 42
FL 52 64 0
FL 52 71 0
FL 52 78 2
FL 52 83 49
FL 52 85 14
FL 52 97 0
FL 53 2 43
FL 53 7 25
FL 53 9 116
FL 53 18 117
FL 53 25 111
FL 53 32 43
FL 53 41 75
FL 53 42 79
FL 53 47 0
FL 53 50 4
FL 53 68 43
FL 53 72 119
FL 53 81 140
FL 53 84 92
FL 53 87 2
FL 53 88 35
FL 53 90 25
FL 55 7 5
FL 55 11 9
FL 55 16 44
FL 55 21 61
FL 55 33 0
FL 55 39 24
FL 55 63 34
FL 55 65 80
FL 55 66 20
FL 55 80 27
FL 55 90 24
FL 55 96 1
FL 55 97 21
FL 56 1 2
FL 56 2 48
FL 56 5 1
FL 56 6 2
FL 56 8 3
FL 56 10 21
FL 56 12 38
FL 56 14 1
FL 56 17 31
FL 56 18 1
FL 56 25 1
FL 56 28 48
FL 56 40 1
FL 56 45 1
FL 56 49 1
FL 56 57 1
FL 56 58 1
FL 56 61 16
FL 56 64 1
FL 56 67 31
FL 56 73 1
FL 56 77 12
FL 56 79 0
FL 56 85 38
FL 56 91 0
FL 56 94 47
FL 56 98 0
FL 57 1 1
FL 57 2 34
FL 57 5 0
FL 57 6 3
FL 57 8 2
FL 57 10 29
FL 57 11 2
FL 57 12 16
FL 57 13 1
FL 57 14 1
FL 57 15 1
FL 57 17 29
FL 57 23 1
FL 57 25 1
FL 57 28 41
FL 57 31 36
FL 57 34 1
FL 57 37 31
FL 57 40 1
FL 57 49 1
FL 57 52 1
FL 57 56 1
FL 57 58 1
FL 57 59 1
FL 57 61 20
FL 57 64 1
FL 57 67 31
FL 57 71 1
FL 57 77 20
FL 57 79 1
FL 57 83 50
FL 57 85 22
FL 57 86 16
FL 57 91 1
FL 57 94 101
FL 57 98 1
FL 58 1 2
FL 58 2 39
FL 58 5 1
FL 58 10 48
FL 58 12 33
FL 58 15 1
FL 58 17 47
FL 58 18 1
FL 58 25 1
FL 58 28 45
FL 58 32 38
FL 58 56 5
FL 58 57 4
FL 58 61 15
FL 58 64 1
FL 58 67 25
FL 58 77 22
FL 58 85 34
FL 58 91 1
FL 58 94 32
FL 58 98 1
FL 59 2 13
FL 59 5 1
FL 59 6 2
FL 59 8 3
FL 59 10 22
FL 59 12 50
FL 59 13 1
FL 59 14 1
FL 59 17 46
FL 59 23 1
FL 59 24 18
FL 59 26 14
FL 59 29 1
FL 59 30 1
FL 59 31 50
FL 59 34 1
FL 59 37 13
FL 59 40 1
FL 59 49 1
FL 59 52 1
FL 59 57 0
FL 59 61 15
FL 59 62 0
FL 59 64 0
FL 59 77 1
FL 59 79 0
FL 59 83 26
FL 59 92 30
FL 59 93 161
FL 59 99 26
FL 61 4 50
FL 61 28 43
FL 61 30 286
FL 61 34 0
FL 61 52 0
FL 61 92 22
FL 62 1 2
FL 62 4 38
FL 62 5 0
FL 62 6 1
FL 62 8 3
FL 62 17 37
FL 62 24 40
FL 62 26 23
FL 62 29 0
FL 62 30 0
FL 62 31 53
FL 62 37 12
FL 62 49 0
FL 62 59 0
FL 62 61 19
FL 62 64 0
FL 62 77 1
FL 62 83 47
FL 62 85 24
FL 62 92 15
FL 62 93 87
FL 62 99 117
FL 63 2 27
FL 63 7 1
FL 63 9 130
FL 63 14 68
FL 63 19 82
FL 63 25 177
FL 63 33 0
FL 63 36 0
FL 63 38 41
FL 63 41 445
FL 63 42 27
FL 63 50 1
FL 63 51 36
FL 63 53 2
FL 63 55 25
FL 63 65 8
FL 63 72 380
FL 63 73 1
FL 63 74 217
FL 63 75 145
FL 63 87 434
FL 63 88 46
FL 63 90 7
FL 63 96 1
FL 63 97 53
FL 64 2 28
FL 64 5 0
FL 64 6 1
FL 64 8 4
FL 64 10 22
FL 64 12 19
FL 64 13 0
FL 64 14 0
FL 64 17 62
FL 64 23 0
FL 64 26 58
FL 64 30 0
FL 64 31 24
FL 64 34 0
FL 64 37 35
FL 64 40 0
FL 64 45 0
FL 64 49 0
FL 64 52 0
FL 64 56 0
FL 64 57 0
FL 64 58 0
FL 64 59 0
FL 64 61 25
FL 64 62 0
FL 64 67 85
FL 64 77 18
FL 64 79 0
FL 64 83 63
FL 64 85 57
FL 64 86 15
FL 64 91 0
FL 64 92 31
FL 64 93 84
FL 64 98 0
FL 65 9 150
FL 65 33 0
FL 65 36 0
FL 65 38 46
FL 65 51 38
FL 65 55 24
FL 65 63 20
FL 65 73 0
FL 65 90 16
FL 65 96 0
FL 65 97 64
FL 66 15 221
FL 66 16 39
FL 66 19 20
FL 66 27 132
FL 66 28 59
FL 66 33 0
FL 66 36 0
FL 66 39 174
FL 66 46 114
FL 66 51 51
FL 66 55 42
FL 66 65 41
FL 66 71 57
FL 66 78 0
FL 66 80 138
FL 66 90 28
FL 66 96 0
FL 66 97 55
FL 67 8 3
FL 67 18 0
FL 67 32 39
FL 68 2 41
FL 68 18 4
FL 68 32 48
FL 68 41 2
FL 68 42 87
FL 68 47 1
FL 68 50 6
FL 68 53 24
FL 68 81 0
FL 68 87 6
FL 70 8 9
FL 70 15 0
FL 70 29 144
FL 70 30 110
FL 70 46 0
FL 70 100 55
FL 71 1 0
FL 71 2 15
FL 71 6 1
FL 71 10 80
FL 71 11 0
FL 71 12 30
FL 71 13 74
FL 71 14 110
FL 71 15 20
FL 71 16 15
FL 71 17 21
FL 71 19 61
FL 71 22 173
FL 71 23 273
FL 71 28 19
FL 71 34 171
FL 71 36 0
FL 71 37 30
FL 71 40 147
FL 71 46 201
FL 71 49 505
FL 71 51 49
FL 71 52 122
FL 71 57 426
FL 71 66 26
FL 71 78 0
FL 71 83 21
FL 71 86 74
FL 71 97 43
FL 72 2 34
FL 72 7 1
FL 72 9 0
FL 72 14 0
FL 72 18 0
FL 72 20 0
FL 72 25 0
FL 72 32 15
FL 72 38 38
FL 72 41 0
FL 72 42 15
FL 72 47 0
FL 72 50 0
FL 72 53 3
FL 72 63 23
FL 72 68 51
FL 72 73 0
FL 72 74 0
FL 72 81 0
FL 72 84 0
FL 72 87 0
FL 72 88 26
FL 72 90 10
FL 73 1 1
FL 73 2 16
FL 73 7 2
FL 73 9 0
FL 73 11 4
FL 73 14 0
FL 73 16 48
FL 73 18 0
FL 73 20 0
FL 73 23 365
FL 73 25 0
FL 73 32 33
FL 73 34 228
FL 73 38 37
FL 73 42 38
FL 73 45 0
FL 73 50 0
FL 73 51 43
FL 73 56 999
FL 73 63 37
FL 73 65 45
FL 73 72 0
FL 73 74 0
FL 73 78 1
FL 73 85 59
FL 73 87 0
FL 73 88 91
FL 73 90 14
FL 73 94 73
FL 74 1 1
FL 74 2 32
FL 74 7 13
FL 74 9 0
FL 74 25 0
FL 74 32 25
FL 74 33 0
FL 74 38 92
FL 74 41 0
FL 74 42 43
FL 74 50 0
FL 74 53 13
FL 74 63 12
FL 74 65 44
FL 74 72 0
FL 74 73 0
FL 74 87 0
FL 74 88 39
FL 74 90 20
FL 74 96 0
FL 75 7 1
FL 75 9 0
FL 75 21 50
FL 75 33 0
FL 75 38 25
FL 75 41 0
FL 75 50 0
FL 75 63 8
FL 75 80 0
FL 75 88 30
FL 75 90 24
FL 75 96 0
FL 77 4 56
FL 77 11 1
FL 77 17 44
FL 77 23 128
FL 77 37 18
FL 77 40 18
FL 77 58 39
FL 77 59 153
FL 77 62 0
FL 77 83 39
FL 77 91 0
FL 77 98 62
FL 78 1 0
FL 78 5 387
FL 78 6 842
FL 78 8 176
FL 78 10 25
FL 78 11 0
FL 78 12 64
FL 78 13 93
FL 78 15 15
FL 78 19 101
FL 78 22 125
FL 78 28 19
FL 78 33 0
FL 78 34 117
FL 78 36 0
FL 78 37 19
FL 78 40 131
FL 78 51 13
FL 78 52 192
FL 78 66 18
FL 78 71 92
FL 78 73 403
FL 78 85 30
FL 78 86 49
FL 78 90 31
FL 78 97 99
FL 79 1 1
FL 79 2 32
FL 79 5 0
FL 79 6 1
FL 79 8 1
FL 79 10 31
FL 79 11 1
FL 79 12 31
FL 79 13 0
FL 79 15 0
FL 79 17 44
FL 79 23 0
FL 79 25 0
FL 79 28 89
FL 79 31 52
FL 79 37 24
FL 79 40 0
FL 79 49 0
FL 79 56 0
FL 79 57 0
FL 79 59 0
FL 79 61 19
FL 79 64 0
FL 79 67 99
FL 79 77 16
FL 79 83 32
FL 79 85 86
FL 79 91 0
FL 79 92 23
FL 79 98 0
FL 80 19 41
FL 80 21 26
FL 80 27 53
FL 80 33 0
FL 80 36 0
FL 80 46 256
FL 80 48 160
FL 80 55 38
FL 80 63 19
FL 80 66 7
FL 80 75 0
FL 80 96 0
FL 81 2 33
FL 81 7 14
FL 81 9 0
FL 81 18 0
FL 81 25 0
FL 81 41 0
FL 81 42 34
FL 81 45 0
FL 81 47 0
FL 81 50 0
FL 81 53 6
FL 81 68 95
FL 81 72 0
FL 81 84 0
FL 81 87 0
FL 81 88 73
FL 83 62 0
FL 84 2 34
FL 84 7 2
FL 84 9 0
FL 84 18 0
FL 84 25 0
FL 84 32 16
FL 84 41 0
FL 84 42 30
FL 84 47 0
FL 84 50 0
FL 84 53 4
FL 84 72 0
FL 84 81 0
FL 84 87 0
FL 84 88 72
FL 85 32 41
FL 85 51 75
FL 86 6 8
FL 86 8 18
FL 86 11 1
FL 86 12 35
FL 86 13 0
FL 86 40 0
FL 86 64 520
FL 86 83 61
FL 87 1 2
FL 87 2 33
FL 87 7 2
FL 87 9 0
FL 87 14 0
FL 87 16 84
FL 87 18 0
FL 87 20 0
FL 87 25 0
FL 87 32 27
FL 87 38 33
FL 87 41 0
FL 87 42 55
FL 87 45 0
FL 87 47 0
FL 87 50 0
FL 87 53 5
FL 87 63 16
FL 87 65 47
FL 87 68 46
FL 87 72 0
FL 87 73 0
FL 87 74 0
FL 87 81 0
FL 87 84 0
FL 87 88 74
FL 87 90 26
FL 88 75 1
FL 88 90 36
FL 90 2 54
FL 90 7 1
FL 90 9 118
FL 90 14 33
FL 90 16 34
FL 90 19 39
FL 90 21 41
FL 90 32 25
FL 90 33 0
FL 90 36 0
FL 90 42 21
FL 90 50 0
FL 90 53 154
FL 90 55 48
FL 90 63 20
FL 90 65 37
FL 90 66 19
FL 90 72 241
FL 90 73 1
FL 90 74 192
FL 90 75 137
FL 90 78 0
FL 90 88 40
FL 90 96 0
FL 90 97 96
FL 91 2 12
FL 91 5 0
FL 91 6 1
FL 91 8 3
FL 91 10 20
FL 91 12 23
FL 91 14 0
FL 91 17 39
FL 91 18 0
FL 91 25 0
FL 91 28 27
FL 91 32 31
FL 91 40 0
FL 91 45 0
FL 91 56 0
FL 91 57 0
FL 91 58 0
FL 91 61 22
FL 91 64 0
FL 91 67 92
FL 91 77 15
FL 91 79 0
FL 91 85 16
FL 91 94 54
FL 91 98 0
FL 92 4 62
FL 92 10 32
FL 92 12 45
FL 92 13 0
FL 92 17 40
FL 92 23 5
FL 92 34 6
FL 92 40 0
FL 92 59 3
FL 92 61 53
FL 92 79 286
FL 93 12 27
FL 94 5 0
FL 96 7 136
FL 96 9 101
FL 96 16 22
FL 96 19 122
FL 96 20 998
FL 96 21 71
FL 96 27 76
FL 96 33 0
FL 96 36 0
FL 96 39 227
FL 96 46 165
FL 96 48 216
FL 96 55 38
FL 96 63 16
FL 96 65 12
FL 96 66 23
FL 96 74 246
FL 96 75 164
FL 96 80 103
FL 96 90 24
FL 96 97 70
FL 97 11 0
FL 97 13 88
FL 97 15 0
FL 97 16 33
FL 97 19 56
FL 97 22 0
FL 97 27 238
FL 97 28 36
FL 97 33 0
FL 97 34 0
FL 97 36 0
FL 97 39 213
FL 97 46 0
FL 97 51 93
FL 97 52 0
FL 97 55 36
FL 97 63 24
FL 97 65 52
FL 97 66 19
FL 97 71 45
FL 97 78 0
FL 97 90 17
FL 97 96 0
FL 98 5 0
FL 98 6 4
FL 98 8 3
FL 98 10 25
FL 98 12 38
FL 98 14 6
FL 98 15 0
FL 98 17 32
FL 98 18 90
FL 98 25 41
FL 98 28 29
FL 98 31 106
FL 98 32 20
FL 98 40 218
FL 98 56 0
FL 98 57 128
FL 98 58 160
FL 98 61 18
FL 98 64 96
FL 98 67 90
FL 98 77 29
FL 98 79 37
FL 98 85 27
FL 98 91 173
FL 98 94 49
FL 99 5 1
FL 99 39 3
FL 100 4 58
FL 100 6 8
FL 100 15 0
FL 100 24 54
FL 100 26 60
FL 100 29 245
FL 100 39 5
FL 100 44 115
FL 100 70 97
FU 0 5 9
FU 0 46 4
FU 0 96 2
FU 0 52 2
FU 0 45 9
FU 0 40 19
FU 0 39 13
FU 0 29 10
FU 0 15 2
FU 0 59 12
FU 0 62 14
FU 0 95 1000
FU 0 72 10
FU 0 18 8
FU 0 80 2
FU 0 87 9
FU 0 56 4
FU 0 75 3
FU 0 91 12
FU 0 23 11
FU 0 9 18
FU 0 71 2
FU 0 84 5
FU 0 98 12
FU 0 79 13
FU 0 57 14
FU 0 41 10
FU 0 64 13
FU 0 47 3
FU 0 81 7
FU 0 13 4
FU 0 49 15
FU 0 14 2
FU 0 50 3
FU 0 34 14
FU 0 73 4
FU 0 74 8
FU 0 97 3
FU 0 30 12
FU 0 25 20
FU 0 20 3
FU 0 22 2
FU 0 58 15
FU 0 1 2
FU 0 2 96
FU 0 3 1000
FU 0 4 184
FU 0 6 27
FU 0 7 66
FU 0 8 28
FU 0 10 105
FU 0 11 36
FU 0 12 91
FU 0 16 47
FU 0 17 157
FU 0 19 110
FU 0 21 102
FU 0 24 235
FU 0 26 264
FU 0 27 253
FU 0 28 59
FU 0 31 125
FU 0 32 297
FU 0 33 2
FU 0 35 1000
FU 0 37 60
FU 0 38 207
FU 0 42 306
FU 0 43 1000
FU 0 44 296
FU 0 48 244
FU 0 51 62
FU 0 53 105
FU 0 54 1000
FU 0 55 257
FU 0 60 1000
FU 0 61 195
FU 0 63 16
FU 0 65 58
FU 0 66 20
FU 0 67 70
FU 0 68 315
FU 0 69 1000
FU 0 70 237
FU 0 76 1000
FU 0 77 28
FU 0 78 4
FU 0 82 1000
FU 0 83 82
FU 0 85 73
FU 0 86 146
FU 0 88 179
FU 0 89 1000
FU 0 90 49
FU 0 92 299
FU 0 93 205
FU 0 94 94
FU 0 99 169
FU 0 100 280
FU 1 6 5
FU 1 11 0
FU 1 15 112
FU 1 18 379
FU 1 32 60
FU 1 33 0
FU 1 37 17
FU 1 45 865
FU 1 50 996
FU 1 51 25
FU 1 52 115
FU 1 58 797
FU 1 62 404
FU 1 73 2
FU 1 78 0
FU 1 86 54
FU 1 93 137
FU 1 94 32
FU 2 13 0
FU 2 18 0
FU 2 47 0
FU 2 68 51
FU 2 81 0
FU 4 6 2
FU 4 24 58
FU 4 26 46
FU 4 28 39
FU 4 29 0
FU 4 30 0
FU 4 61 21
FU 4 77 54
FU 4 92 20
FU 5 1 0
FU 5 6 1
FU 5 8 0
FU 5 10 17
FU 5 11 2
FU 5 12 19
FU 5 13 0
FU 5 14 0
FU 5 17 56
FU 5 23 0
FU 5 26 30
FU 5 30 0
FU 5 31 31
FU 5 34 0
FU 5 37 7
FU 5 40 0
FU 5 49 0
FU 5 52 0
FU 5 56 0
FU 5 57 0
FU 5 58 0
FU 5 59 0
FU 5 61 11
FU 5 62 0
FU 5 64 0
FU 5 67 30
FU 5 77 0
FU 5 78 1
FU 5 79 0
FU 5 83 38
FU 5 85 17
FU 5 86 54
FU 5 91 0
FU 5 92 16
FU 5 93 59
FU 5 94 75
FU 5 98 0
FU 5 99 40
FU 6 1 0
FU 6 4 34
FU 6 5 415
FU 6 8 10
FU 6 10 29
FU 6 11 1
FU 6 12 19
FU 6 13 80
FU 6 14 48
FU 6 17 41
FU 6 23 170
FU 6 24 60
FU 6 26 32
FU 6 29 236
FU 6 30 250
FU 6 34 139
FU 6 37 19
FU 6 44 137
FU 6 52 59
FU 6 59 372
FU 6 61 25
FU 6 62 225
FU 6 64 393
FU 6 67 33
FU 6 70 61
FU 6 71 124
FU 6 77 71
FU 6 78 0
FU 6 79 160
FU 6 83 33
FU 6 85 22
FU 6 86 31
FU 6 91 824
FU 6 92 220
FU 6 93 65
FU 6 98 404
FU 6 99 55
FU 6 100 56
FU 7 2 24
FU 7 9 32
FU 7 14 23
FU 7 16 20
FU 7 25 22
FU 7 28 45
FU 7 32 18
FU 7 38 48
FU 7 41 109
FU 7 42 24
FU 7 45 122
FU 7 50 0
FU 7 53 25
FU 7 55 71
FU 7 63 34
FU 7 65 33
FU 7 68 31
FU 7 72 35
FU 7 73 5
FU 7 74 97
FU 7 75 36
FU 7 81 101
FU 7 84 109
FU 7 87 90
FU 7 88 37
FU 7 90 23
FU 7 94 30
FU 7 96 0
FU 8 5 30
FU 8 6 3
FU 8 12 10
FU 8 13 16
FU 8 14 18
FU 8 23 44
FU 8 24 46
FU 8 26 25
FU 8 29 46
FU 8 30 22
FU 8 34 46
FU 8 37 12
FU 8 44 83
FU 8 52 38
FU 8 59 70
FU 8 62 42
FU 8 67 22
FU 8 70 122
FU 8 78 0
FU 8 83 68
FU 8 85 34
FU 8 86 29
FU 8 92 47
FU 8 98 167
FU 8 99 39
FU 9 1 0
FU 9 2 34
FU 9 7 4
FU 9 14 0
FU 9 16 29
FU 9 20 0
FU 9 25 0
FU 9 32 40
FU 9 33 0
FU 9 38 52
FU 9 41 0
FU 9 42 26
FU 9 45 0
FU 9 50 0
FU 9 53 7
FU 9 55 73
FU 9 63 5
FU 9 65 28
FU 9 68 36
FU 9 72 0
FU 9 73 0
FU 9 74 0
FU 9 75 0
FU 9 81 0
FU 9 84 0
FU 9 87 0
FU 9 88 35
FU 9 90 21
FU 9 96 0
FU 10 25 0
FU 10 28 43
FU 10 29 0
FU 10 30 0
FU 10 58 0
FU 10 77 0
FU 10 86 23
FU 10 91 0
FU 10 92 9
FU 10 98 0
FU 11 5 158
FU 11 6 22
FU 11 10 56
FU 11 12 33
FU 11 13 132
FU 11 14 161
FU 11 15 48
FU 11 22 49
FU 11 28 56
FU 11 33 1
FU 11 36 0
FU 11 40 100
FU 11 44 102
FU 11 51 75
FU 11 52 98
FU 11 55 117
FU 11 67 39
FU 11 73 149
FU 11 77 78
FU 11 83 23
FU 11 85 65
FU 11 86 169
FU 12 30 0
FU 12 51 12
FU 12 92 11
FU 12 93 84
FU 13 1 0
FU 13 2 26
FU 13 5 0
FU 13 6 0
FU 13 8 4
FU 13 10 32
FU 13 11 16
FU 13 12 21
FU 13 14 0
FU 13 15 0
FU 13 17 23
FU 13 22 0
FU 13 23 0
FU 13 24 21
FU 13 26 32
FU 13 28 15
FU 13 29 0
FU 13 30 0
FU 13 34 0
FU 13 37 13
FU 13 40 0
FU 13 44 78
FU 13 49 0
FU 13 51 50
FU 13 52 0
FU 13 57 0
FU 13 59 0
FU 13 61 18
FU 13 64 0
FU 13 67 67
FU 13 70 44
FU 13 71 0
FU 13 77 0
FU 13 78 0
FU 13 79 0
FU 13 83 16
FU 13 85 22
FU 13 86 20
FU 13 92 30
FU 13 97 0
FU 14 1 0
FU 14 2 29
FU 14 5 0
FU 14 6 6
FU 14 7 12
FU 14 8 442
FU 14 9 0
FU 14 10 59
FU 14 11 0
FU 14 12 15
FU 14 13 0
FU 14 15 0
FU 14 16 23
FU 14 17 48
FU 14 23 0
FU 14 25 0
FU 14 28 14
FU 14 31 59
FU 14 37 14
FU 14 40 0
FU 14 42 23
FU 14 49 0
FU 14 50 0
FU 14 56 0
FU 14 57 0
FU 14 59 8
FU 14 61 36
FU 14 63 32
FU 14 64 0
FU 14 65 99
FU 14 67 52
FU 14 71 0
FU 14 72 0
FU 14 73 0
FU 14 77 32
FU 14 83 55
FU 14 85 34
FU 14 87 0
FU 14 90 22
FU 14 91 0
FU 14 94 36
FU 14 98 0
FU 15 1 1
FU 15 2 26
FU 15 4 130
FU 15 10 52
FU 15 11 72
FU 15 12 59
FU 15 13 339
FU 15 14 299
FU 15 17 139
FU 15 19 81
FU 15 22 111
FU 15 23 1
FU 15 24 181
FU 15 25 400
FU 15 26 149
FU 15 28 87
FU 15 29 335
FU 15 30 337
FU 15 31 62
FU 15 34 336
FU 15 36 0
FU 15 37 35
FU 15 39 352
FU 15 40 345
FU 15 46 281
FU 15 49 494
FU 15 51 159
FU 15 52 228
FU 15 57 471
FU 15 58 1
FU 15 61 310
FU 15 66 219
FU 15 67 63
FU 15 70 152
FU 15 71 93
FU 15 77 46
FU 15 78 0
FU 15 79 516
FU 15 83 35
FU 15 85 127
FU 15 86 259
FU 15 97 0
FU 15 98 0
FU 15 100 318
FU 16 7 2
FU 16 9 176
FU 16 14 160
FU 16 19 20
FU 16 25 174
FU 16 27 131
FU 16 28 99
FU 16 33 0
FU 16 36 0
FU 16 50 1
FU 16 51 53
FU 16 55 58
FU 16 65 22
FU 16 66 42
FU 16 71 33
FU 16 73 373
FU 16 90 58
FU 16 96 1
FU 16 97 43
FU 17 5 0
FU 17 6 10
FU 17 10 21
FU 17 13 0
FU 17 18 0
FU 17 40 0
FU 17 58 3
FU 17 59 1
FU 17 62 0
FU 17 77 19
FU 17 83 37
FU 17 92 33
FU 17 94 49
FU 17 98 5
FU 18 1 0
FU 18 2 47
FU 18 17 19
FU 18 25 0
FU 18 32 13
FU 18 38 69
FU 18 42 22
FU 18 45 0
FU 18 50 0
FU 18 53 10
FU 18 56 0
FU 18 58 0
FU 18 67 40
FU 18 68 50
FU 18 72 0
FU 18 73 0
FU 18 81 0
FU 18 84 0
FU 18 85 36
FU 18 87 0
FU 18 91 0
FU 18 94 33
FU 18 98 0
FU 19 21 53
FU 19 22 215
FU 19 63 8
FU 19 78 3
FU 20 1 0
FU 20 2 21
FU 20 7 95
FU 20 9 0
FU 20 25 0
FU 20 32 37
FU 20 33 0
FU 20 38 40
FU 20 41 0
FU 20 42 44
FU 20 50 0
FU 20 53 9
FU 20 63 41
FU 20 65 25
FU 20 72 0
FU 20 73 0
FU 20 87 0
FU 20 88 33
FU 20 90 15
FU 20 96 0
FU 21 19 151
FU 21 33 0
FU 21 36 0
FU 21 38 32
FU 21 48 170
FU 21 55 51
FU 21 75 151
FU 21 80 209
FU 21 90 8
FU 21 96 0
FU 22 11 0
FU 22 13 0
FU 22 15 0
FU 22 19 44
FU 22 23 0
FU 22 24 17
FU 22 26 24
FU 22 28 9
FU 22 29 0
FU 22 30 0
FU 22 34 0
FU 22 36 0
FU 22 39 0
FU 22 44 49
FU 22 46 0
FU 22 51 44
FU 22 52 0
FU 22 70 49
FU 22 71 0
FU 22 78 0
FU 22 86 24
FU 22 97 0
FU 22 100 63
FU 23 5 0
FU 23 6 3
FU 23 8 2
FU 23 10 18
FU 23 11 0
FU 23 12 22
FU 23 13 0
FU 23 14 0
FU 23 15 0
FU 23 17 15
FU 23 22 0
FU 23 26 28
FU 23 28 30
FU 23 29 0
FU 23 30 0
FU 23 31 25
FU 23 34 0
FU 23 37 6
FU 23 40 0
FU 23 49 0
FU 23 51 34
FU 23 52 0
FU 23 57 0
FU 23 59 0
FU 23 61 16
FU 23 64 0
FU 23 71 0
FU 23 73 85
FU 23 77 52
FU 23 78 0
FU 23 79 0
FU 23 83 26
FU 23 85 13
FU 23 86 24
FU 23 92 20
FU 24 4 48
FU 24 6 3
FU 24 8 22
FU 24 13 0
FU 24 15 0
FU 24 22 0
FU 24 29 23
FU 24 30 0
FU 24 31 86
FU 24 34 0
FU 24 37 21
FU 24 39 1
FU 24 52 142
FU 24 59 1
FU 24 62 2
FU 24 92 35
FU 24 99 103
FU 24 100 28
FU 25 1 0
FU 25 2 43
FU 25 7 29
FU 25 9 0
FU 25 10 27
FU 25 12 38
FU 25 14 0
FU 25 15 0
FU 25 16 16
FU 25 18 0
FU 25 20 0
FU 25 32 28
FU 25 38 35
FU 25 41 0
FU 25 42 34
FU 25 45 0
FU 25 47 0
FU 25 50 0
FU 25 53 18
FU 25 56 0
FU 25 57 0
FU 25 58 0
FU 25 63 36
FU 25 68 34
FU 25 72 0
FU 25 73 0
FU 25 74 1
FU 25 79 0
FU 25 81 0
FU 25 84 0
FU 25 87 0
FU 25 88 52
FU 25 90 11
FU 25 91 0
FU 25 94 46
FU 25 98 0
FU 26 4 38
FU 26 6 14
FU 26 8 10
FU 26 12 21
FU 26 13 0
FU 26 15 0
FU 26 23 18
FU 26 30 0
FU 26 31 74
FU 26 34 0
FU 26 37 28
FU 26 39 3
FU 26 40 0
FU 26 52 0
FU 26 59 0
FU 26 62 4
FU 26 64 0
FU 26 92 25
FU 26 99 74
FU 26 100 61
FU 27 16 12
FU 27 66 23
FU 28 4 94
FU 28 10 57
FU 28 58 0
FU 28 61 35
FU 28 79 0
FU 28 91 0
FU 28 98 0
FU 29 4 50
FU 29 6 8
FU 29 8 3
FU 29 10 18
FU 29 11 0
FU 29 12 25
FU 29 13 0
FU 29 15 0
FU 29 22 0
FU 29 23 0
FU 29 24 24
FU 29 30 0
FU 29 31 79
FU 29 34 0
FU 29 37 22
FU 29 39 0
FU 29 49 0
FU 29 52 0
FU 29 59 0
FU 29 62 0
FU 29 70 83
FU 29 83 27
FU 29 92 15
FU 29 99 74
FU 29 100 56
FU 30 4 57
FU 30 5 0
FU 30 6 1
FU 30 8 28
FU 30 10 16
FU 30 11 0
FU 30 12 37
FU 30 13 0
FU 30 15 0
FU 30 22 0
FU 30 23 0
FU 30 24 36
FU 30 26 28
FU 30 29 0
FU 30 31 75
FU 30 34 0
FU 30 37 20
FU 30 39 0
FU 30 40 0
FU 30 44 79
FU 30 49 1
FU 30 52 0
FU 30 59 0
FU 30 61 19
FU 30 62 0
FU 30 64 0
FU 30 70 72
FU 30 83 51
FU 30 92 9
FU 30 99 84
FU 31 24 46
FU 32 2 34
FU 32 18 0
FU 32 41 0
FU 32 42 52
FU 32 45 1
FU 32 50 0
FU 32 53 13
FU 32 58 1
FU 32 67 27
FU 32 68 75
FU 32 72 0
FU 32 85 29
FU 32 91 2
FU 32 94 130
FU 32 98 1
FU 33 1 997
FU 33 11 19
FU 33 16 37
FU 33 19 41
FU 33 21 48
FU 33 27 136
FU 33 36 0
FU 33 38 41
FU 33 48 221
FU 33 55 90
FU 33 63 29
FU 33 65 58
FU 33 66 48
FU 33 75 257
FU 33 78 453
FU 33 80 178
FU 33 90 29
FU 33 96 0
FU 33 97 60
FU 34 1 0
FU 34 5 0
FU 34 6 6
FU 34 8 21
FU 34 10 57
FU 34 11 0
FU 34 12 17
FU 34 13 0
FU 34 15 0
FU 34 22 0
FU 34 23 0
FU 34 24 21
FU 34 26 33
FU 34 28 15
FU 34 29 0
FU 34 30 0
FU 34 37 30
FU 34 39 0
FU 34 40 0
FU 34 49 0
FU 34 57 0
FU 34 59 0
FU 34 61 13
FU 34 64 0
FU 34 71 0
FU 34 73 0
FU 34 78 0
FU 34 83 50
FU 34 85 27
FU 34 92 44
FU 34 97 0
FU 36 11 201
FU 36 15 535
FU 36 16 495
FU 36 21 412
FU 36 22 331
FU 36 33 997
FU 36 37 465
FU 36 63 495
FU 36 65 297
FU 36 66 347
FU 36 71 516
FU 36 78 539
FU 36 80 332
FU 36 90 482
FU 36 96 997
FU 36 97 413
FU 36 0 1000
FU 37 6 0
FU 37 24 38
FU 37 26 24
FU 37 59 396
FU 37 62 309
FU 37 77 57
FU 37 83 38
FU 37 92 19
FU 38 2 14
FU 38 21 60
FU 38 25 1
FU 38 33 0
FU 38 42 15
FU 38 45 3
FU 38 50 0
FU 38 65 44
FU 39 4 63
FU 39 15 0
FU 39 19 35
FU 39 22 0
FU 39 24 33
FU 39 26 38
FU 39 28 14
FU 39 29 0
FU 39 30 0
FU 39 34 0
FU 39 40 0
FU 39 44 52
FU 39 46 0
FU 39 51 53
FU 39 52 0
FU 39 55 37
FU 39 66 36
FU 39 70 51
FU 39 96 0
FU 39 97 0
FU 39 99 52
FU 39 100 36
FU 40 5 0
FU 40 6 1
FU 40 8 10
FU 40 10 37
FU 40 11 0
FU 40 12 16
FU 40 13 58
FU 40 14 0
FU 40 15 19
FU 40 17 28
FU 40 23 0
FU 40 26 22
FU 40 28 19
FU 40 30 0
FU 40 34 0
FU 40 37 22
FU 40 39 37
FU 40 49 0
FU 40 51 61
FU 40 52 25
FU 40 56 0
FU 40 57 0
FU 40 59 0
FU 40 61 24
FU 40 64 0
FU 40 71 27
FU 40 77 73
FU 40 78 0
FU 40 79 0
FU 40 83 40
FU 40 85 24
FU 40 86 13
FU 40 91 0
FU 40 92 14
FU 40 98 365
FU 41 1 0
FU 41 2 22
FU 41 7 90
FU 41 9 0
FU 41 20 0
FU 41 25 0
FU 41 32 23
FU 41 38 23
FU 41 42 17
FU 41 45 0
FU 41 47 0
FU 41 50 0
FU 41 53 7
FU 41 63 14
FU 41 68 43
FU 41 72 0
FU 41 74 0
FU 41 75 0
FU 41 81 0
FU 41 84 0
FU 41 87 0
FU 41 88 78
FU 42 18 0
FU 42 32 46
FU 42 38 80
FU 42 50 0
FU 42 53 40
FU 42 63 43
FU 42 68 42
FU 42 72 1
FU 42 73 0
FU 42 81 0
FU 42 84 0
FU 42 90 9
FU 44 4 43
FU 44 6 1
FU 44 8 11
FU 44 11 58
FU 44 13 137
FU 44 22 0
FU 44 30 17
FU 44 39 0
FU 44 99 46
FU 44 100 54
FU 45 1 0
FU 45 2 27
FU 45 7 4
FU 45 9 0
FU 45 10 45
FU 45 12 18
FU 45 18 0
FU 45 25 0
FU 45 32 33
FU 45 38 23
FU 45 41 0
FU 45 42 22
FU 45 56 0
FU 45 61 8
FU 45 63 31
FU 45 64 0
FU 45 67 81
FU 45 73 0
FU 45 81 0
FU 45 85 50
FU 45 87 0
FU 45 91 0
FU 45 94 131
FU 46 15 0
FU 46 22 0
FU 46 28 17
FU 46 39 0
FU 46 66 37
FU 46 70 34
FU 46 71 0
FU 46 80 0
FU 46 96 0
FU 46 97 0
FU 47 2 18
FU 47 25 0
FU 47 38 24
FU 47 41 0
FU 47 42 21
FU 47 50 0
FU 47 53 75
FU 47 68 35
FU 47 72 0
FU 47 81 0
FU 47 84 0
FU 47 87 0
FU 47 88 21
FU 48 21 85
FU 48 33 0
FU 48 96 0
FU 49 1 0
FU 49 5 0
FU 49 6 8
FU 49 8 15
FU 49 10 22
FU 49 11 0
FU 49 12 33
FU 49 13 0
FU 49 14 0
FU 49 15 0
FU 49 17 45
FU 49 23 0
FU 49 24 28
FU 49 26 49
FU 49 29 0
FU 49 30 0
FU 49 31 77
FU 49 34 0
FU 49 37 32
FU 49 40 0
FU 49 52 0
FU 49 56 0
FU 49 57 0
FU 49 59 0
FU 49 61 17
FU 49 62 0
FU 49 64 0
FU 49 67 61
FU 49 71 0
FU 49 77 66
FU 49 79 0
FU 49 83 35
FU 49 85 13
FU 49 86 15
FU 49 92 13
FU 49 93 133
FU 49 99 117
FU 50 1 0
FU 50 2 19
FU 50 7 7
FU 50 9 202
FU 50 14 88
FU 50 16 24
FU 50 18 420
FU 50 20 0
FU 50 25 74
FU 50 32 32
FU 50 38 49
FU 50 41 387
FU 50 42 26
FU 50 47 997
FU 50 53 55
FU 50 63 13
FU 50 68 76
FU 50 72 269
FU 50 73 0
FU 50 74 280
FU 50 75 124
FU 50 81 756
FU 50 84 788
FU 50 87 476
FU 50 88 66
FU 50 90 15
FU 51 1 0
FU 51 12 74
FU 51 40 0
FU 51 66 23
FU 51 73 0
FU 51 78 0
FU 51 85 29
FU 52 1 0
FU 52 5 0
FU 52 6 1
FU 52 8 37
FU 52 10 10
FU 52 11 0
FU 52 12 13
FU 52 13 0
FU 52 15 0
FU 52 22 0
FU 52 23 0
FU 52 24 26
FU 52 26 31
FU 52 28 25
FU 52 29 0
FU 52 30 0
FU 52 37 13
FU 52 39 0
FU 52 40 0
FU 52 49 0
FU 52 57 0
FU 52 59 0
FU 52 61 33
FU 52 64 0
FU 52 71 0
FU 52 78 0
FU 52 83 45
FU 52 85 19
FU 52 97 0
FU 53 2 51
FU 53 7 33
FU 53 9 100
FU 53 18 106
FU 53 25 110
FU 53 32 36
FU 53 41 70
FU 53 42 68
FU 53 47 0
FU 53 50 0
FU 53 68 31
FU 53 72 117
FU 53 81 136
FU 53 84 98
FU 53 87 1
FU 53 88 32
FU 53 90 15
FU 55 7 5
FU 55 11 31
FU 55 16 43
FU 55 21 54
FU 55 33 0
FU 55 39 18
FU 55 63 32
FU 55 65 79
FU 55 66 31
FU 55 80 35
FU 55 90 24
FU 55 96 0
FU 55 97 13
FU 56 1 0
FU 56 2 42
FU 56 5 0
FU 56 6 0
FU 56 8 2
FU 56 10 17
FU 56 12 42
FU 56 14 0
FU 56 17 22
FU 56 18 0
FU 56 25 0
FU 56 28 45
FU 56 40 0
FU 56 45 0
FU 56 49 0
FU 56 57 0
FU 56 58 0
FU 56 61 28
FU 56 64 0
FU 56 67 28
FU 56 73 0
FU 56 77 63
FU 56 79 0
FU 56 85 33
FU 56 91 0
FU 56 94 44
FU 56 98 0
FU 57 1 0
FU 57 2 27
FU 57 5 0
FU 57 6 4
FU 57 8 21
FU 57 10 36
FU 57 11 0
FU 57 12 9
FU 57 13 0
FU 57 14 0
FU 57 15 0
FU 57 17 32
FU 57 23 0
FU 57 25 0
FU 57 28 36
FU 57 31 37
FU 57 34 0
FU 57 37 26
FU 57 40 0
FU 57 49 0
FU 57 52 0
FU 57 56 0
FU 57 58 0
FU 57 59 0
FU 57 61 15
FU 57 64 0
FU 57 67 26
FU 57 71 0
FU 57 77 58
FU 57 79 0
FU 57 83 43
FU 57 85 18
FU 57 86 13
FU 57 91 0
FU 57 94 96
FU 57 98 0
FU 58 1 0
FU 58 2 35
FU 58 5 0
FU 58 10 51
FU 58 12 29
FU 58 15 0
FU 58 17 49
FU 58 18 0
FU 58 25 0
FU 58 28 35
FU 58 32 25
FU 58 56 0
FU 58 57 6
FU 58 61 10
FU 58 64 0
FU 58 67 17
FU 58 77 65
FU 58 85 27
FU 58 91 0
FU 58 94 29
FU 58 98 0
FU 59 2 13
FU 59 5 0
FU 59 6 1
FU 59 8 0
FU 59 10 13
FU 59 12 48
FU 59 13 0
FU 59 14 0
FU 59 17 40
FU 59 23 0
FU 59 24 18
FU 59 26 15
FU 59 29 0
FU 59 30 0
FU 59 31 41
FU 59 34 0
FU 59 37 9
FU 59 40 0
FU 59 49 0
FU 59 52 0
FU 59 57 0
FU 59 61 19
FU 59 62 0
FU 59 64 0
FU 59 77 2
FU 59 79 0
FU 59 83 21
FU 59 92 34
FU 59 93 156
FU 59 99 36
FU 61 4 66
FU 61 28 42
FU 61 30 263
FU 61 34 0
FU 61 52 0
FU 61 92 18
FU 62 1 0
FU 62 4 34
FU 62 5 0
FU 62 6 0
FU 62 8 7
FU 62 17 20
FU 62 24 69
FU 62 26 25
FU 62 29 0
FU 62 30 0
FU 62 31 51
FU 62 37 12
FU 62 49 0
FU 62 59 0
FU 62 61 23
FU 62 64 0
FU 62 77 13
FU 62 83 38
FU 62 85 26
FU 62 92 11
FU 62 93 81
FU 62 99 111
FU 63 2 31
FU 63 7 4
FU 63 9 139
FU 63 14 45
FU 63 19 78
FU 63 25 153
FU 63 33 0
FU 63 36 0
FU 63 38 34
FU 63 41 423
FU 63 42 24
FU 63 50 0
FU 63 51 35
FU 63 53 1
FU 63 55 27
FU 63 65 9
FU 63 72 351
FU 63 73 2
FU 63 74 222
FU 63 75 150
FU 63 87 418
FU 63 88 40
FU 63 90 5
FU 63 96 0
FU 63 97 64
FU 64 2 24
FU 64 5 0
FU 64 6 0
FU 64 8 99
FU 64 10 19
FU 64 12 10
FU 64 13 0
FU 64 14 0
FU 64 17 55
FU 64 23 0
FU 64 26 49
FU 64 30 0
FU 64 31 28
FU 64 34 0
FU 64 37 32
FU 64 40 0
FU 64 45 0
FU 64 49 0
FU 64 52 0
FU 64 56 0
FU 64 57 0
FU 64 58 0
FU 64 59 0
FU 64 61 25
FU 64 62 0
FU 64 67 79
FU 64 77 62
FU 64 79 0
FU 64 83 63
FU 64 85 53
FU 64 86 10
FU 64 91 0
FU 64 92 28
FU 64 93 80
FU 64 98 0
FU 65 9 121
FU 65 33 0
FU 65 36 0
FU 65 38 44
FU 65 51 40
FU 65 55 20
FU 65 63 19
FU 65 73 0
FU 65 90 13
FU 65 96 0
FU 65 97 64
FU 66 15 217
FU 66 16 37
FU 66 19 25
FU 66 27 124
FU 66 28 50
FU 66 33 0
FU 66 36 0
FU 66 39 150
FU 66 46 111
FU 66 51 45
FU 66 55 45
FU 66 65 44
FU 66 71 49
FU 66 78 0
FU 66 80 119
FU 66 90 24
FU 66 96 0
FU 66 97 56
FU 67 8 16
FU 67 18 0
FU 67 32 33
FU 68 2 35
FU 68 18 2
FU 68 32 46
FU 68 41 1
FU 68 42 78
FU 68 47 0
FU 68 50 0
FU 68 53 35
FU 68 81 0
FU 68 87 6
FU 70 8 6
FU 70 15 0
FU 70 29 169
FU 70 30 99
FU 70 46 0
FU 70 100 48
FU 71 1 0
FU 71 2 13
FU 71 6 1
FU 71 10 76
FU 71 11 0
FU 71 12 29
FU 71 13 88
FU 71 14 110
FU 71 15 41
FU 71 16 10
FU 71 17 20
FU 71 19 65
FU 71 22 167
FU 71 23 271
FU 71 28 13
FU 71 34 133
FU 71 36 0
FU 71 37 34
FU 71 40 161
FU 71 46 200
FU 71 49 490
FU 71 51 43
FU 71 52 108
FU 71 57 401
FU 71 66 33
FU 71 78 0
FU 71 83 19
FU 71 86 76
FU 71 97 58
FU 72 2 32
FU 72 7 4
FU 72 9 0
FU 72 14 0
FU 72 18 0
FU 72 20 0
FU 72 25 0
FU 72 32 9
FU 72 38 33
FU 72 41 0
FU 72 42 13
FU 72 47 0
FU 72 50 0
FU 72 53 18
FU 72 63 22
FU 72 68 51
FU 72 73 0
FU 72 74 0
FU 72 81 0
FU 72 84 0
FU 72 87 0
FU 72 88 25
FU 72 90 14
FU 73 1 0
FU 73 2 15
FU 73 7 15
FU 73 9 0
FU 73 11 561
FU 73 14 0
FU 73 16 47
FU 73 18 0
FU 73 20 0
FU 73 23 369
FU 73 25 0
FU 73 32 33
FU 73 34 228
FU 73 38 33
FU 73 42 33
FU 73 45 0
FU 73 50 0
FU 73 51 44
FU 73 56 996
FU 73 63 34
FU 73 65 45
FU 73 72 0
FU 73 74 0
FU 73 78 0
FU 73 85 59
FU 73 87 0
FU 73 88 90
FU 73 90 27
FU 73 94 76
FU 74 1 0
FU 74 2 28
FU 74 7 320
FU 74 9 0
FU 74 25 0
FU 74 32 23
FU 74 33 0
FU 74 38 84
FU 74 41 0
FU 74 42 33
FU 74 50 0
FU 74 53 289
FU 74 63 10
FU 74 65 31
FU 74 72 0
FU 74 73 0
FU 74 87 0
FU 74 88 38
FU 74 90 16
FU 74 96 0
FU 75 7 1
FU 75 9 0
FU 75 21 51
FU 75 33 0
FU 75 38 27
FU 75 41 0
FU 75 50 0
FU 75 63 4
FU 75 80 0
FU 75 88 27
FU 75 90 24
FU 75 96 0
FU 77 4 46
FU 77 11 2
FU 77 17 44
FU 77 23 107
FU 77 37 14
FU 77 40 27
FU 77 58 36
FU 77 59 139
FU 77 62 0
FU 77 83 28
FU 77 91 0
FU 77 98 46
FU 78 1 0
FU 78 5 387
FU 78 6 858
FU 78 8 182
FU 78 10 27
FU 78 11 0
FU 78 12 65
FU 78 13 72
FU 78 15 26
FU 78 19 100
FU 78 22 125
FU 78 28 16
FU 78 33 0
FU 78 34 99
FU 78 36 0
FU 78 37 14
FU 78 40 152
FU 78 51 14
FU 78 52 185
FU 78 66 33
FU 78 71 94
FU 78 73 377
FU 78 85 25
FU 78 86 40
FU 78 90 23
FU 78 97 72
FU 79 1 0
FU 79 2 28
FU 79 5 0
FU 79 6 0
FU 79 8 1
FU 79 10 20
FU 79 11 1
FU 79 12 29
FU 79 13 0
FU 79 15 0
FU 79 17 43
FU 79 23 0
FU 79 25 0
FU 79 28 88
FU 79 31 51
FU 79 37 23
FU 79 40 0
FU 79 49 0
FU 79 56 0
FU 79 57 0
FU 79 59 0
FU 79 61 20
FU 79 64 0
FU 79 67 88
FU 79 77 41
FU 79 83 28
FU 79 85 82
FU 79 91 0
FU 79 92 30
FU 79 98 0
FU 80 19 44
FU 80 21 31
FU 80 27 52
FU 80 33 0
FU 80 36 0
FU 80 46 245
FU 80 48 162
FU 80 55 42
FU 80 63 13
FU 80 66 26
FU 80 75 0
FU 80 96 0
FU 81 2 31
FU 81 7 163
FU 81 9 0
FU 81 18 0
FU 81 25 0
FU 81 41 0
FU 81 42 23
FU 81 45 0
FU 81 47 0
FU 81 50 0
FU 81 53 4
FU 81 68 85
FU 81 72 0
FU 81 84 0
FU 81 87 0
FU 81 88 64
FU 83 62 0
FU 84 2 30
FU 84 7 3
FU 84 9 0
FU 84 18 0
FU 84 25 0
FU 84 32 26
FU 84 41 0
FU 84 42 30
FU 84 47 0
FU 84 50 0
FU 84 53 99
FU 84 72 0
FU 84 81 0
FU 84 87 0
FU 84 88 65
FU 85 32 31
FU 85 51 64
FU 86 6 3
FU 86 8 10
FU 86 11 0
FU 86 12 29
FU 86 13 0
FU 86 40 0
FU 86 64 502
FU 86 83 61
FU 87 1 0
FU 87 2 28
FU 87 7 3
FU 87 9 0
FU 87 14 0
FU 87 16 86
FU 87 18 0
FU 87 20 0
FU 87 25 0
FU 87 32 25
FU 87 38 22
FU 87 41 0
FU 87 42 48
FU 87 45 0
FU 87 47 0
FU 87 50 0
FU 87 53 16
FU 87 63 16
FU 87 65 45
FU 87 68 45
FU 87 72 0
FU 87 73 0
FU 87 74 0
FU 87 81 0
FU 87 84 0
FU 87 88 77
FU 87 90 20
FU 88 75 1
FU 88 90 28
FU 90 2 47
FU 90 7 2
FU 90 9 128
FU 90 14 35
FU 90 16 27
FU 90 19 34
FU 90 21 36
FU 90 32 36
FU 90 33 0
FU 90 36 0
FU 90 42 18
FU 90 50 0
FU 90 53 174
FU 90 55 45
FU 90 63 18
FU 90 65 37
FU 90 66 19
FU 90 72 217
FU 90 73 3
FU 90 74 189
FU 90 75 126
FU 90 78 0
FU 90 88 41
FU 90 96 0
FU 90 97 87
FU 91 2 10
FU 91 5 0
FU 91 6 0
FU 91 8 4
FU 91 10 18
FU 91 12 22
FU 91 14 0
FU 91 17 39
FU 91 18 0
FU 91 25 0
FU 91 28 26
FU 91 32 32
FU 91 40 0
FU 91 45 0
FU 91 56 0
FU 91 57 0
FU 91 58 0
FU 91 61 19
FU 91 64 0
FU 91 67 90
FU 91 77 27
FU 91 79 0
FU 91 85 19
FU 91 94 51
FU 91 98 0
FU 92 4 52
FU 92 10 21
FU 92 12 47
FU 92 13 0
FU 92 17 31
FU 92 23 9
FU 92 34 5
FU 92 40 0
FU 92 59 1
FU 92 61 47
FU 92 79 272
FU 93 12 23
FU 94 5 0
FU 96 7 138
FU 96 9 84
FU 96 16 17
FU 96 19 118
FU 96 20 997
FU 96 21 68
FU 96 27 76
FU 96 33 0
FU 96 36 0
FU 96 39 220
FU 96 46 159
FU 96 48 203
FU 96 55 37
FU 96 63 15
FU 96 65 9
FU 96 66 29
FU 96 74 203
FU 96 75 152
FU 96 80 125
FU 96 90 16
FU 96 97 67
FU 97 11 0
FU 97 13 74
FU 97 15 0
FU 97 16 30
FU 97 19 54
FU 97 22 0
FU 97 27 228
FU 97 28 37
FU 97 33 0
FU 97 34 0
FU 97 36 0
FU 97 39 201
FU 97 46 0
FU 97 51 87
FU 97 52 0
FU 97 55 30
FU 97 63 20
FU 97 65 37
FU 97 66 34
FU 97 71 62
FU 97 78 0
FU 97 90 9
FU 97 96 0
FU 98 5 0
FU 98 6 6
FU 98 8 9
FU 98 10 24
FU 98 12 37
FU 98 14 11
FU 98 15 0
FU 98 17 34
FU 98 18 85
FU 98 25 46
FU 98 28 26
FU 98 31 99
FU 98 32 18
FU 98 40 196
FU 98 56 0
FU 98 57 108
FU 98 58 147
FU 98 61 13
FU 98 64 92
FU 98 67 87
FU 98 77 93
FU 98 79 39
FU 98 85 24
FU 98 91 162
FU 98 94 48
FU 99 5 1
FU 99 39 2
FU 100 4 61
FU 100 6 5
FU 100 15 0
FU 100 24 43
FU 100 26 56
FU 100 29 181
FU 100 39 3
FU 100 44 124
FU 100 70 95
