Nodes: 41
Arcs: 830
MVE: 1
MAE: 184
SAE: 17015
Terminals_rem: 0
Nodes_rem: 4
Arcs_rem: 230
First LB: 0
LB: 0
Iter. LB: 0
First UB: 14
UB: 6
Iter. UB: 16
gap: 100
BM. Time: 0
Runtime: 71
FL 0 29 0
FL 0 11 0
FL 0 6 1
FL 0 1 0
FL 0 34 0
FL 0 36 0
FL 0 10 0
FL 0 30 0
FL 0 19 0
FL 0 35 8
FL 0 31 0
FL 0 25 0
FL 0 15 9
FL 0 26 2
FL 0 13 2
FL 0 16 13
FL 0 38 6
FL 0 39 14
FL 0 4 0
FL 0 12 0
FL 0 32 0
FL 0 14 0
FL 0 7 2
FL 0 2 46
FL 0 3 0
FL 0 5 998
FL 0 9 85
FL 0 17 51
FL 0 18 61
FL 0 20 998
FL 0 21 97
FL 0 22 4
FL 0 23 998
FL 0 24 48
FL 0 27 84
FL 0 28 999
FL 0 33 44
FL 0 37 41
FL 0 40 12
FL 1 3 1
FL 1 4 512
FL 1 6 2
FL 1 7 7
FL 1 8 0
FL 1 9 70
FL 1 11 0
FL 1 12 219
FL 1 13 2
FL 1 17 18
FL 1 18 95
FL 1 19 369
FL 1 21 141
FL 1 22 4
FL 1 25 999
FL 1 26 2
FL 1 33 57
FL 1 34 358
FL 1 36 508
FL 1 40 15
FL 2 11 0
FL 2 13 2
FL 2 16 4
FL 2 27 158
FL 3 1 0
FL 3 7 168
FL 3 8 0
FL 3 12 314
FL 3 13 860
FL 3 17 30
FL 3 19 319
FL 3 21 68
FL 3 22 999
FL 3 26 377
FL 3 33 196
FL 3 34 339
FL 3 40 153
FL 4 1 0
FL 4 6 0
FL 4 8 0
FL 4 9 30
FL 4 10 0
FL 4 11 0
FL 4 12 0
FL 4 13 0
FL 4 17 17
FL 4 18 46
FL 4 22 1
FL 4 24 77
FL 4 26 0
FL 4 29 0
FL 4 30 0
FL 4 33 27
FL 4 34 0
FL 4 35 0
FL 4 36 0
FL 4 38 0
FL 4 39 0
FL 4 40 1
FL 6 1 0
FL 6 2 73
FL 6 4 0
FL 6 7 0
FL 6 8 0
FL 6 9 24
FL 6 10 0
FL 6 11 0
FL 6 12 0
FL 6 13 0
FL 6 14 0
FL 6 15 0
FL 6 17 34
FL 6 18 14
FL 6 19 0
FL 6 21 52
FL 6 22 1
FL 6 25 0
FL 6 26 0
FL 6 29 0
FL 6 30 0
FL 6 31 0
FL 6 32 0
FL 6 33 19
FL 6 34 0
FL 6 36 0
FL 6 37 65
FL 6 40 1
FL 7 1 0
FL 7 3 0
FL 7 6 0
FL 7 9 48
FL 7 11 0
FL 7 12 136
FL 7 13 0
FL 7 17 55
FL 7 19 0
FL 7 21 49
FL 7 22 1
FL 7 25 0
FL 7 26 309
FL 7 33 21
FL 7 34 0
FL 7 36 0
FL 7 40 5
FL 8 1 999
FL 8 2 135
FL 8 3 999
FL 8 4 509
FL 8 6 7
FL 8 9 206
FL 8 10 999
FL 8 11 999
FL 8 12 344
FL 8 13 8
FL 8 14 998
FL 8 17 66
FL 8 18 156
FL 8 22 13
FL 8 24 153
FL 8 26 330
FL 8 29 998
FL 8 30 510
FL 8 31 998
FL 8 32 998
FL 8 33 211
FL 8 37 85
FL 8 40 47
FL 8 0 1000
FL 9 1 0
FL 9 4 0
FL 9 8 0
FL 9 10 0
FL 9 11 0
FL 9 13 1
FL 9 17 21
FL 9 18 40
FL 9 21 45
FL 9 22 2
FL 9 24 76
FL 9 26 0
FL 9 29 0
FL 9 30 0
FL 9 33 52
FL 9 34 0
FL 9 35 2
FL 9 36 0
FL 9 39 1
FL 9 40 7
FL 10 2 73
FL 10 4 0
FL 10 6 0
FL 10 8 0
FL 10 9 30
FL 10 11 0
FL 10 12 0
FL 10 13 0
FL 10 14 0
FL 10 15 0
FL 10 17 45
FL 10 18 15
FL 10 22 2
FL 10 26 0
FL 10 27 145
FL 10 29 0
FL 10 30 0
FL 10 31 0
FL 10 32 0
FL 10 33 40
FL 10 37 87
FL 10 40 2
FL 11 1 0
FL 11 2 51
FL 11 3 0
FL 11 4 0
FL 11 6 0
FL 11 7 0
FL 11 8 0
FL 11 9 61
FL 11 10 0
FL 11 12 0
FL 11 13 0
FL 11 16 0
FL 11 17 64
FL 11 19 0
FL 11 21 105
FL 11 25 0
FL 11 26 0
FL 11 29 0
FL 11 32 0
FL 11 34 0
FL 11 37 80
FL 11 40 1
FL 12 1 1
FL 12 2 74
FL 12 3 1
FL 12 4 0
FL 12 6 0
FL 12 7 243
FL 12 8 0
FL 12 10 0
FL 12 11 0
FL 12 13 0
FL 12 14 0
FL 12 15 0
FL 12 16 0
FL 12 17 37
FL 12 18 59
FL 12 19 0
FL 12 22 2
FL 12 25 0
FL 12 26 0
FL 12 27 44
FL 12 29 0
FL 12 30 0
FL 12 31 0
FL 12 32 0
FL 12 33 24
FL 12 34 0
FL 12 37 65
FL 12 40 1
FL 13 1 0
FL 13 2 73
FL 13 3 0
FL 13 4 0
FL 13 6 0
FL 13 7 0
FL 13 8 0
FL 13 9 55
FL 13 10 0
FL 13 11 0
FL 13 12 0
FL 13 14 0
FL 13 15 0
FL 13 16 855
FL 13 17 16
FL 13 18 90
FL 13 19 0
FL 13 21 35
FL 13 22 1
FL 13 25 0
FL 13 26 0
FL 13 27 64
FL 13 29 0
FL 13 30 0
FL 13 31 0
FL 13 32 0
FL 13 33 28
FL 13 34 0
FL 13 36 0
FL 13 37 69
FL 13 39 510
FL 13 40 1
FL 14 2 51
FL 14 6 0
FL 14 8 0
FL 14 10 0
FL 14 12 0
FL 14 13 0
FL 14 15 0
FL 14 16 0
FL 14 17 33
FL 14 26 0
FL 14 27 92
FL 14 29 0
FL 14 30 0
FL 14 31 0
FL 14 32 0
FL 14 37 91
FL 14 40 1
FL 15 2 77
FL 15 6 999
FL 15 10 0
FL 15 12 0
FL 15 13 0
FL 15 14 0
FL 15 16 1
FL 15 27 51
FL 15 29 0
FL 15 31 0
FL 15 32 0
FL 15 37 50
FL 15 40 4
FL 16 2 53
FL 16 11 0
FL 16 12 0
FL 16 13 144
FL 16 14 0
FL 16 15 999
FL 16 19 332
FL 16 21 60
FL 16 25 0
FL 16 27 143
FL 16 29 0
FL 16 32 0
FL 16 34 325
FL 16 37 52
FL 16 40 3
FL 17 21 79
FL 18 1 0
FL 18 4 0
FL 18 9 31
FL 18 10 0
FL 18 12 0
FL 18 13 0
FL 18 17 46
FL 18 22 2
FL 18 24 103
FL 18 26 0
FL 18 29 0
FL 18 30 0
FL 18 33 17
FL 18 35 0
FL 18 36 0
FL 18 38 0
FL 18 39 0
FL 18 40 1
FL 19 1 0
FL 19 3 0
FL 19 6 0
FL 19 7 0
FL 19 11 0
FL 19 12 0
FL 19 13 0
FL 19 16 1
FL 19 17 32
FL 19 21 68
FL 19 25 0
FL 19 29 0
FL 19 34 0
FL 19 40 4
FL 21 3 0
FL 21 9 39
FL 21 13 0
FL 21 16 1
FL 21 17 23
FL 21 25 0
FL 21 34 0
FL 21 40 2
FL 22 1 0
FL 22 3 0
FL 22 4 0
FL 22 7 306
FL 22 9 16
FL 22 10 0
FL 22 12 0
FL 22 13 0
FL 22 17 30
FL 22 18 49
FL 22 24 134
FL 22 26 0
FL 22 29 0
FL 22 30 510
FL 22 33 33
FL 22 35 998
FL 22 36 510
FL 22 38 998
FL 22 39 508
FL 22 40 4
FL 24 4 0
FL 24 8 0
FL 24 9 25
FL 24 17 44
FL 24 18 31
FL 24 22 2
FL 24 26 1
FL 24 30 1
FL 24 33 13
FL 24 35 1
FL 24 36 1
FL 24 39 2
FL 25 1 1
FL 25 3 1
FL 25 6 1
FL 25 7 1
FL 25 11 1
FL 25 12 1
FL 25 13 1
FL 25 16 2
FL 25 17 38
FL 25 19 0
FL 25 21 71
FL 25 29 1
FL 25 34 1
FL 25 40 8
FL 26 1 1
FL 26 3 1
FL 26 4 1
FL 26 6 1
FL 26 7 134
FL 26 8 1
FL 26 9 42
FL 26 10 1
FL 26 11 1
FL 26 12 1
FL 26 13 1
FL 26 14 1
FL 26 17 15
FL 26 18 12
FL 26 22 3
FL 26 24 43
FL 26 29 1
FL 26 30 0
FL 26 31 0
FL 26 33 15
FL 26 35 1
FL 26 36 0
FL 26 37 75
FL 26 38 2
FL 26 39 1
FL 26 40 1
FL 27 2 26
FL 27 10 0
FL 27 13 2
FL 27 16 2
FL 27 40 5
FL 29 2 100
FL 29 4 0
FL 29 6 0
FL 29 8 0
FL 29 9 27
FL 29 10 0
FL 29 11 0
FL 29 12 0
FL 29 13 0
FL 29 14 0
FL 29 15 0
FL 29 16 0
FL 29 17 54
FL 29 18 65
FL 29 19 0
FL 29 21 87
FL 29 22 1
FL 29 25 0
FL 29 26 0
FL 29 27 58
FL 29 30 0
FL 29 31 0
FL 29 32 0
FL 29 33 29
FL 29 34 0
FL 29 37 110
FL 29 40 1
FL 30 2 33
FL 30 4 0
FL 30 6 0
FL 30 8 0
FL 30 9 20
FL 30 10 0
FL 30 12 0
FL 30 13 0
FL 30 14 0
FL 30 17 23
FL 30 18 23
FL 30 22 1
FL 30 24 89
FL 30 26 0
FL 30 29 0
FL 30 31 0
FL 30 33 25
FL 30 37 48
FL 30 40 1
FL 31 2 43
FL 31 6 0
FL 31 8 0
FL 31 10 0
FL 31 12 0
FL 31 13 0
FL 31 14 0
FL 31 15 0
FL 31 17 40
FL 31 26 0
FL 31 27 70
FL 31 29 0
FL 31 30 0
FL 31 32 0
FL 31 37 44
FL 31 40 1
FL 32 2 76
FL 32 6 0
FL 32 8 0
FL 32 10 0
FL 32 11 0
FL 32 12 0
FL 32 13 0
FL 32 14 0
FL 32 15 0
FL 32 16 0
FL 32 17 31
FL 32 27 98
FL 32 29 0
FL 32 31 0
FL 32 37 68
FL 32 40 1
FL 33 3 0
FL 33 4 0
FL 33 7 158
FL 33 9 45
FL 33 10 0
FL 33 13 0
FL 33 17 10
FL 33 18 92
FL 33 22 1
FL 33 24 53
FL 33 26 0
FL 33 30 0
FL 33 35 0
FL 33 36 0
FL 33 39 0
FL 33 40 1
FL 34 1 0
FL 34 3 0
FL 34 4 0
FL 34 6 0
FL 34 7 0
FL 34 9 31
FL 34 11 0
FL 34 12 0
FL 34 13 0
FL 34 16 2
FL 34 17 62
FL 34 19 0
FL 34 21 40
FL 34 25 0
FL 34 29 0
FL 34 40 5
FL 35 4 0
FL 35 9 28
FL 35 17 33
FL 35 18 52
FL 35 22 1
FL 35 24 70
FL 35 26 0
FL 35 33 58
FL 35 36 0
FL 35 38 1
FL 35 39 1
FL 36 1 0
FL 36 3 0
FL 36 4 0
FL 36 6 0
FL 36 7 0
FL 36 9 48
FL 36 13 2
FL 36 17 28
FL 36 18 29
FL 36 22 3
FL 36 24 75
FL 36 26 1
FL 36 33 39
FL 36 35 2
FL 36 38 2
FL 36 39 4
FL 37 26 0
FL 38 4 0
FL 38 9 12
FL 38 18 14
FL 38 22 1
FL 38 24 72
FL 38 26 0
FL 38 33 11
FL 38 35 0
FL 38 36 0
FL 38 39 1
FL 39 4 0
FL 39 9 37
FL 39 13 0
FL 39 17 28
FL 39 18 61
FL 39 22 1
FL 39 24 33
FL 39 26 1
FL 39 33 53
FL 39 35 2
FL 39 36 0
FL 39 38 1
FL 40 1 0
FL 40 2 48
FL 40 3 0
FL 40 4 0
FL 40 7 0
FL 40 8 0
FL 40 9 38
FL 40 10 0
FL 40 12 0
FL 40 13 0
FL 40 14 0
FL 40 15 0
FL 40 16 148
FL 40 17 40
FL 40 18 51
FL 40 19 0
FL 40 21 40
FL 40 22 1
FL 40 25 0
FL 40 26 0
FL 40 27 24
FL 40 29 0
FL 40 33 34
FL 40 34 0
FU 0 29 2
FU 0 11 2
FU 0 6 2
FU 0 1 2
FU 0 34 2
FU 0 36 2
FU 0 10 2
FU 0 30 2
FU 0 19 2
FU 0 35 3
FU 0 31 2
FU 0 25 2
FU 0 15 2
FU 0 26 2
FU 0 13 7
FU 0 16 11
FU 0 38 2
FU 0 39 11
FU 0 4 2
FU 0 12 2
FU 0 32 2
FU 0 14 2
FU 0 7 4
FU 0 2 45
FU 0 3 2
FU 0 5 1000
FU 0 9 84
FU 0 17 50
FU 0 18 57
FU 0 20 1000
FU 0 21 87
FU 0 22 2
FU 0 23 1000
FU 0 24 55
FU 0 27 110
FU 0 28 1000
FU 0 33 45
FU 0 37 38
FU 0 40 34
FU 1 3 0
FU 1 4 498
FU 1 6 0
FU 1 7 5
FU 1 8 0
FU 1 9 72
FU 1 11 0
FU 1 12 230
FU 1 13 1
FU 1 17 15
FU 1 18 89
FU 1 19 383
FU 1 21 146
FU 1 22 0
FU 1 25 998
FU 1 26 2
FU 1 33 49
FU 1 34 385
FU 1 36 501
FU 1 40 170
FU 2 11 0
FU 2 13 1
FU 2 16 0
FU 2 27 145
FU 3 1 0
FU 3 7 150
FU 3 8 0
FU 3 12 278
FU 3 13 875
FU 3 17 26
FU 3 19 294
FU 3 21 59
FU 3 22 998
FU 3 26 359
FU 3 33 180
FU 3 34 322
FU 3 40 177
FU 4 1 0
FU 4 6 0
FU 4 8 0
FU 4 9 22
FU 4 10 0
FU 4 11 0
FU 4 12 0
FU 4 13 0
FU 4 17 23
FU 4 18 38
FU 4 22 0
FU 4 24 75
FU 4 26 0
FU 4 29 0
FU 4 30 0
FU 4 33 20
FU 4 34 0
FU 4 35 0
FU 4 36 0
FU 4 38 0
FU 4 39 0
FU 4 40 1
FU 6 1 0
FU 6 2 74
FU 6 4 0
FU 6 7 0
FU 6 8 0
FU 6 9 19
FU 6 10 0
FU 6 11 0
FU 6 12 0
FU 6 13 0
FU 6 14 0
FU 6 15 0
FU 6 17 27
FU 6 18 10
FU 6 19 0
FU 6 21 46
FU 6 22 0
FU 6 25 0
FU 6 26 0
FU 6 29 0
FU 6 30 0
FU 6 31 0
FU 6 32 0
FU 6 33 17
FU 6 34 0
FU 6 36 0
FU 6 37 59
FU 6 40 2
FU 7 1 0
FU 7 3 0
FU 7 6 0
FU 7 9 50
FU 7 11 0
FU 7 12 122
FU 7 13 0
FU 7 17 59
FU 7 19 0
FU 7 21 53
FU 7 22 0
FU 7 25 0
FU 7 26 280
FU 7 33 21
FU 7 34 0
FU 7 36 0
FU 7 40 33
FU 8 1 998
FU 8 2 136
FU 8 3 998
FU 8 4 500
FU 8 6 1
FU 8 9 205
FU 8 10 998
FU 8 11 998
FU 8 12 368
FU 8 13 9
FU 8 14 998
FU 8 17 65
FU 8 18 152
FU 8 22 0
FU 8 24 151
FU 8 26 349
FU 8 29 998
FU 8 30 497
FU 8 31 998
FU 8 32 998
FU 8 33 190
FU 8 37 82
FU 8 40 37
FU 8 0 1000
FU 9 1 0
FU 9 4 0
FU 9 8 0
FU 9 10 0
FU 9 11 0
FU 9 13 0
FU 9 17 27
FU 9 18 37
FU 9 21 51
FU 9 22 0
FU 9 24 77
FU 9 26 0
FU 9 29 0
FU 9 30 0
FU 9 33 45
FU 9 34 0
FU 9 35 0
FU 9 36 0
FU 9 39 1
FU 9 40 18
FU 10 2 74
FU 10 4 0
FU 10 6 0
FU 10 8 0
FU 10 9 22
FU 10 11 0
FU 10 12 0
FU 10 13 0
FU 10 14 0
FU 10 15 0
FU 10 17 43
FU 10 18 13
FU 10 22 0
FU 10 26 0
FU 10 27 141
FU 10 29 0
FU 10 30 0
FU 10 31 0
FU 10 32 0
FU 10 33 34
FU 10 37 86
FU 10 40 0
FU 11 1 0
FU 11 2 48
FU 11 3 0
FU 11 4 0
FU 11 6 0
FU 11 7 0
FU 11 8 0
FU 11 9 53
FU 11 10 0
FU 11 12 0
FU 11 13 0
FU 11 16 0
FU 11 17 54
FU 11 19 0
FU 11 21 91
FU 11 25 0
FU 11 26 0
FU 11 29 0
FU 11 32 0
FU 11 34 0
FU 11 37 78
FU 11 40 1
FU 12 1 0
FU 12 2 74
FU 12 3 0
FU 12 4 0
FU 12 6 0
FU 12 7 246
FU 12 8 0
FU 12 10 0
FU 12 11 0
FU 12 13 0
FU 12 14 0
FU 12 15 0
FU 12 16 0
FU 12 17 30
FU 12 18 60
FU 12 19 0
FU 12 22 0
FU 12 25 0
FU 12 26 0
FU 12 27 43
FU 12 29 0
FU 12 30 0
FU 12 31 0
FU 12 32 0
FU 12 33 25
FU 12 34 0
FU 12 37 66
FU 12 40 0
FU 13 1 0
FU 13 2 70
FU 13 3 0
FU 13 4 0
FU 13 6 0
FU 13 7 0
FU 13 8 0
FU 13 9 58
FU 13 10 0
FU 13 11 0
FU 13 12 0
FU 13 14 0
FU 13 15 0
FU 13 16 837
FU 13 17 13
FU 13 18 88
FU 13 19 0
FU 13 21 43
FU 13 22 0
FU 13 25 0
FU 13 26 0
FU 13 27 56
FU 13 29 0
FU 13 30 0
FU 13 31 0
FU 13 32 0
FU 13 33 35
FU 13 34 0
FU 13 36 0
FU 13 37 70
FU 13 39 493
FU 13 40 1
FU 14 2 43
FU 14 6 0
FU 14 8 0
FU 14 10 0
FU 14 12 0
FU 14 13 0
FU 14 15 0
FU 14 16 0
FU 14 17 36
FU 14 26 0
FU 14 27 82
FU 14 29 0
FU 14 30 0
FU 14 31 0
FU 14 32 0
FU 14 37 84
FU 14 40 0
FU 15 2 75
FU 15 6 997
FU 15 10 0
FU 15 12 0
FU 15 13 0
FU 15 14 0
FU 15 16 0
FU 15 27 52
FU 15 29 0
FU 15 31 0
FU 15 32 0
FU 15 37 46
FU 15 40 14
FU 16 2 47
FU 16 11 0
FU 16 12 0
FU 16 13 105
FU 16 14 0
FU 16 15 998
FU 16 19 321
FU 16 21 54
FU 16 25 0
FU 16 27 135
FU 16 29 0
FU 16 32 0
FU 16 34 291
FU 16 37 55
FU 16 40 1
FU 17 21 76
FU 18 1 0
FU 18 4 0
FU 18 9 34
FU 18 10 0
FU 18 12 0
FU 18 13 0
FU 18 17 40
FU 18 22 0
FU 18 24 89
FU 18 26 0
FU 18 29 0
FU 18 30 0
FU 18 33 20
FU 18 35 0
FU 18 36 0
FU 18 38 0
FU 18 39 0
FU 18 40 1
FU 19 1 0
FU 19 3 0
FU 19 6 0
FU 19 7 0
FU 19 11 0
FU 19 12 0
FU 19 13 0
FU 19 16 1
FU 19 17 26
FU 19 21 60
FU 19 25 0
FU 19 29 0
FU 19 34 0
FU 19 40 24
FU 21 3 0
FU 21 9 37
FU 21 13 0
FU 21 16 0
FU 21 17 32
FU 21 25 0
FU 21 34 0
FU 21 40 1
FU 22 1 0
FU 22 3 0
FU 22 4 0
FU 22 7 288
FU 22 9 19
FU 22 10 0
FU 22 12 0
FU 22 13 0
FU 22 17 29
FU 22 18 49
FU 22 24 118
FU 22 26 0
FU 22 29 0
FU 22 30 501
FU 22 33 37
FU 22 35 997
FU 22 36 497
FU 22 38 998
FU 22 39 490
FU 22 40 87
FU 24 4 0
FU 24 8 0
FU 24 9 18
FU 24 17 37
FU 24 18 26
FU 24 22 0
FU 24 26 0
FU 24 30 0
FU 24 33 15
FU 24 35 0
FU 24 36 0
FU 24 39 1
FU 25 1 0
FU 25 3 0
FU 25 6 0
FU 25 7 0
FU 25 11 0
FU 25 12 0
FU 25 13 0
FU 25 16 1
FU 25 17 34
FU 25 19 0
FU 25 21 75
FU 25 29 0
FU 25 34 0
FU 25 40 358
FU 26 1 0
FU 26 3 0
FU 26 4 0
FU 26 6 0
FU 26 7 136
FU 26 8 0
FU 26 9 29
FU 26 10 0
FU 26 11 0
FU 26 12 0
FU 26 13 0
FU 26 14 0
FU 26 17 11
FU 26 18 15
FU 26 22 0
FU 26 24 51
FU 26 29 0
FU 26 30 0
FU 26 31 0
FU 26 33 14
FU 26 35 0
FU 26 36 0
FU 26 37 75
FU 26 38 0
FU 26 39 0
FU 26 40 0
FU 27 2 31
FU 27 10 0
FU 27 13 2
FU 27 16 8
FU 27 40 21
FU 29 2 99
FU 29 4 0
FU 29 6 0
FU 29 8 0
FU 29 9 31
FU 29 10 0
FU 29 11 0
FU 29 12 0
FU 29 13 0
FU 29 14 0
FU 29 15 0
FU 29 16 0
FU 29 17 53
FU 29 18 66
FU 29 19 0
FU 29 21 80
FU 29 22 0
FU 29 25 0
FU 29 26 0
FU 29 27 60
FU 29 30 0
FU 29 31 0
FU 29 32 0
FU 29 33 30
FU 29 34 0
FU 29 37 108
FU 29 40 2
FU 30 2 30
FU 30 4 0
FU 30 6 0
FU 30 8 0
FU 30 9 19
FU 30 10 0
FU 30 12 0
FU 30 13 0
FU 30 14 0
FU 30 17 20
FU 30 18 18
FU 30 22 0
FU 30 24 91
FU 30 26 0
FU 30 29 0
FU 30 31 0
FU 30 33 31
FU 30 37 42
FU 30 40 3
FU 31 2 38
FU 31 6 0
FU 31 8 0
FU 31 10 0
FU 31 12 0
FU 31 13 0
FU 31 14 0
FU 31 15 0
FU 31 17 39
FU 31 26 0
FU 31 27 63
FU 31 29 0
FU 31 30 0
FU 31 32 0
FU 31 37 41
FU 31 40 1
FU 32 2 70
FU 32 6 0
FU 32 8 0
FU 32 10 0
FU 32 11 0
FU 32 12 0
FU 32 13 0
FU 32 14 0
FU 32 15 0
FU 32 16 0
FU 32 17 26
FU 32 27 94
FU 32 29 0
FU 32 31 0
FU 32 37 70
FU 32 40 6
FU 33 3 0
FU 33 4 0
FU 33 7 171
FU 33 9 33
FU 33 10 0
FU 33 13 0
FU 33 17 6
FU 33 18 86
FU 33 22 0
FU 33 24 50
FU 33 26 0
FU 33 30 0
FU 33 35 0
FU 33 36 0
FU 33 39 0
FU 33 40 0
FU 34 1 0
FU 34 3 0
FU 34 4 0
FU 34 6 0
FU 34 7 0
FU 34 9 37
FU 34 11 0
FU 34 12 0
FU 34 13 0
FU 34 16 1
FU 34 17 58
FU 34 19 0
FU 34 21 36
FU 34 25 0
FU 34 29 0
FU 34 40 7
FU 35 4 0
FU 35 9 28
FU 35 17 25
FU 35 18 48
FU 35 22 0
FU 35 24 68
FU 35 26 0
FU 35 33 52
FU 35 36 0
FU 35 38 0
FU 35 39 0
FU 36 1 0
FU 36 3 0
FU 36 4 0
FU 36 6 0
FU 36 7 0
FU 36 9 38
FU 36 13 0
FU 36 17 26
FU 36 18 26
FU 36 22 0
FU 36 24 82
FU 36 26 8
FU 36 33 47
FU 36 35 0
FU 36 38 0
FU 36 39 4
FU 37 26 0
FU 38 4 0
FU 38 9 15
FU 38 18 9
FU 38 22 0
FU 38 24 60
FU 38 26 0
FU 38 33 15
FU 38 35 0
FU 38 36 0
FU 38 39 0
FU 39 4 0
FU 39 9 36
FU 39 13 0
FU 39 17 29
FU 39 18 68
FU 39 22 0
FU 39 24 33
FU 39 26 0
FU 39 33 48
FU 39 35 0
FU 39 36 0
FU 39 38 0
FU 40 1 0
FU 40 2 46
FU 40 3 0
FU 40 4 0
FU 40 7 0
FU 40 8 0
FU 40 9 41
FU 40 10 0
FU 40 12 0
FU 40 13 0
FU 40 14 0
FU 40 15 0
FU 40 16 141
FU 40 17 41
FU 40 18 45
FU 40 19 0
FU 40 21 43
FU 40 22 0
FU 40 25 0
FU 40 26 0
FU 40 27 19
FU 40 29 0
FU 40 33 30
FU 40 34 0
