Nodes: 41
Arcs: 422
MVE: 1
MAE: 29
SAE: 5515
Terminals_rem: 0
Nodes_rem: 2
Arcs_rem: 49
First LB: 1
LB: 1
Iter. LB: 0
First UB: 15
UB: 6
Iter. UB: 260
gap: 83.3333
BM. Time: 0
Runtime: 53
FL 0 25 3
FL 0 5 1
FL 0 9 9
FL 0 17 0
FL 0 1 0
FL 0 29 7
FL 0 3 12
FL 0 10 2
FL 0 7 7
FL 0 33 4
FL 0 23 2
FL 0 6 3
FL 0 22 1
FL 0 35 16
FL 0 27 2
FL 0 40 0
FL 0 36 0
FL 0 38 517
FL 0 2 70
FL 0 4 189
FL 0 8 257
FL 0 11 13
FL 0 12 44
FL 0 13 17
FL 0 14 29
FL 0 15 34
FL 0 16 133
FL 0 18 998
FL 0 19 4
FL 0 20 998
FL 0 21 497
FL 0 24 220
FL 0 26 290
FL 0 28 34
FL 0 30 318
FL 0 31 71
FL 0 32 121
FL 0 34 125
FL 0 39 107
FL 1 2 49
FL 1 5 212
FL 1 6 165
FL 1 10 58
FL 1 11 125
FL 1 12 63
FL 1 13 44
FL 1 14 72
FL 1 15 78
FL 1 17 55
FL 1 25 227
FL 1 28 50
FL 1 31 78
FL 1 37 0
FL 2 1 1
FL 2 4 91
FL 2 5 107
FL 2 10 56
FL 2 17 0
FL 2 25 89
FL 3 7 1
FL 3 16 75
FL 3 32 120
FL 3 35 0
FL 3 38 7
FL 4 2 44
FL 4 5 92
FL 4 6 28
FL 4 10 45
FL 4 12 40
FL 4 15 42
FL 4 17 51
FL 4 25 40
FL 4 28 24
FL 5 1 0
FL 5 2 74
FL 5 4 69
FL 5 10 11
FL 5 12 56
FL 5 14 17
FL 5 17 32
FL 5 31 118
FL 6 1 56
FL 6 4 211
FL 6 8 196
FL 6 11 12
FL 6 12 54
FL 6 13 7
FL 6 17 66
FL 6 24 299
FL 6 26 247
FL 6 29 276
FL 6 30 213
FL 6 31 74
FL 6 37 0
FL 7 3 504
FL 7 9 0
FL 7 14 15
FL 7 16 70
FL 7 25 0
FL 7 28 15
FL 7 32 180
FL 8 6 12
FL 8 11 13
FL 8 13 11
FL 8 24 151
FL 8 26 143
FL 8 29 227
FL 9 7 0
FL 9 14 17
FL 9 16 65
FL 9 25 0
FL 9 32 170
FL 9 35 0
FL 9 38 4
FL 10 1 64
FL 10 2 52
FL 10 4 113
FL 10 5 174
FL 10 11 76
FL 10 12 39
FL 10 14 10
FL 10 15 34
FL 10 17 80
FL 10 23 164
FL 10 25 509
FL 10 28 65
FL 10 31 36
FL 10 37 0
FL 11 1 33
FL 11 2 22
FL 11 6 32
FL 11 8 193
FL 11 10 50
FL 11 12 16
FL 11 13 0
FL 11 14 20
FL 11 15 64
FL 11 17 24
FL 11 23 70
FL 11 24 121
FL 11 28 64
FL 11 29 177
FL 11 30 196
FL 11 31 42
FL 11 34 111
FL 11 36 0
FL 11 37 0
FL 11 40 0
FL 12 1 71
FL 12 2 82
FL 12 4 92
FL 12 5 122
FL 12 6 86
FL 12 10 19
FL 12 11 61
FL 12 13 32
FL 12 14 50
FL 12 15 37
FL 12 17 60
FL 12 25 40
FL 12 28 18
FL 12 31 51
FL 12 37 0
FL 13 1 53
FL 13 6 19
FL 13 8 73
FL 13 11 14
FL 13 12 44
FL 13 14 43
FL 13 15 57
FL 13 17 62
FL 13 22 20
FL 13 23 20
FL 13 24 106
FL 13 26 150
FL 13 29 107
FL 13 30 142
FL 13 31 50
FL 13 34 74
FL 13 36 1
FL 13 37 0
FL 13 40 0
FL 14 2 58
FL 14 5 136
FL 14 7 207
FL 14 9 534
FL 14 10 52
FL 14 11 14
FL 14 12 32
FL 14 13 4
FL 14 15 20
FL 14 16 526
FL 14 17 59
FL 14 25 28
FL 14 28 16
FL 14 31 78
FL 14 37 0
FL 15 1 68
FL 15 2 45
FL 15 4 36
FL 15 10 48
FL 15 11 128
FL 15 12 31
FL 15 13 9
FL 15 14 46
FL 15 17 26
FL 15 22 100
FL 15 23 68
FL 15 28 18
FL 15 31 35
FL 15 34 91
FL 15 36 0
FL 15 37 0
FL 15 40 0
FL 16 3 516
FL 16 9 0
FL 16 25 0
FL 16 32 121
FL 17 1 39
FL 17 2 63
FL 17 4 77
FL 17 5 93
FL 17 6 106
FL 17 10 135
FL 17 11 17
FL 17 12 40
FL 17 13 12
FL 17 14 14
FL 17 15 20
FL 17 23 48
FL 17 28 28
FL 17 31 60
FL 17 37 0
FL 19 21 213
FL 19 27 998
FL 19 33 2
FL 19 36 0
FL 19 39 135
FL 21 19 1
FL 21 35 0
FL 21 38 483
FL 22 13 3
FL 22 15 48
FL 22 23 93
FL 22 34 100
FL 22 36 1
FL 22 37 1
FL 22 39 133
FL 22 40 1
FL 23 10 1
FL 23 11 17
FL 23 13 9
FL 23 14 27
FL 23 15 23
FL 23 17 1
FL 23 22 1
FL 23 28 36
FL 23 34 98
FL 23 36 1
FL 23 37 1
FL 23 40 1
FL 24 6 5
FL 24 8 88
FL 24 11 14
FL 24 13 12
FL 24 29 233
FL 25 1 83
FL 25 2 63
FL 25 4 62
FL 25 7 282
FL 25 9 487
FL 25 10 0
FL 25 12 65
FL 25 14 34
FL 25 16 115
FL 25 32 165
FL 26 6 14
FL 26 8 124
FL 26 13 9
FL 26 30 152
FL 27 19 2
FL 27 33 1
FL 27 35 2
FL 28 1 44
FL 28 2 44
FL 28 4 84
FL 28 7 514
FL 28 10 27
FL 28 11 29
FL 28 12 45
FL 28 14 19
FL 28 15 14
FL 28 17 48
FL 28 23 143
FL 28 31 48
FL 28 37 0
FL 28 40 2
FL 29 6 16
FL 29 8 85
FL 29 11 16
FL 29 13 6
FL 29 24 125
FL 30 6 29
FL 30 11 16
FL 30 13 8
FL 30 26 189
FL 31 1 43
FL 31 2 45
FL 31 5 95
FL 31 6 18
FL 31 10 20
FL 31 11 11
FL 31 12 27
FL 31 13 10
FL 31 14 32
FL 31 15 35
FL 31 17 56
FL 31 28 42
FL 31 37 0
FL 32 3 1
FL 32 9 0
FL 32 16 33
FL 32 25 0
FL 33 19 2
FL 33 27 0
FL 33 35 998
FL 33 39 139
FL 33 40 0
FL 34 11 10
FL 34 13 9
FL 34 15 71
FL 34 22 108
FL 34 36 0
FL 34 37 0
FL 34 39 117
FL 34 40 0
FL 35 3 0
FL 35 9 0
FL 35 21 123
FL 35 27 0
FL 35 33 0
FL 35 38 17
FL 36 11 18
FL 36 13 10
FL 36 15 43
FL 36 19 999
FL 36 22 153
FL 36 23 117
FL 36 34 65
FL 36 37 0
FL 36 39 283
FL 36 40 1
FL 37 1 476
FL 37 2 323
FL 37 6 467
FL 37 10 496
FL 37 11 375
FL 37 12 421
FL 37 13 132
FL 37 14 547
FL 37 15 366
FL 37 17 404
FL 37 22 356
FL 37 23 217
FL 37 28 511
FL 37 31 288
FL 37 34 330
FL 37 36 998
FL 37 40 998
FL 37 0 1000
FL 38 3 0
FL 38 9 0
FL 38 21 186
FL 38 32 158
FL 38 35 0
FL 39 19 2
FL 39 22 197
FL 39 33 2
FL 39 36 0
FL 39 40 0
FL 40 11 40
FL 40 13 5
FL 40 15 48
FL 40 22 88
FL 40 23 96
FL 40 28 101
FL 40 33 998
FL 40 34 39
FL 40 36 2
FL 40 37 0
FL 40 39 113
FU 0 25 5
FU 0 5 4
FU 0 9 6
FU 0 17 2
FU 0 1 3
FU 0 29 11
FU 0 3 10
FU 0 10 3
FU 0 7 15
FU 0 33 2
FU 0 23 5
FU 0 6 6
FU 0 22 2
FU 0 35 2
FU 0 27 2
FU 0 40 2
FU 0 36 2
FU 0 38 516
FU 0 2 82
FU 0 4 181
FU 0 8 249
FU 0 11 18
FU 0 12 47
FU 0 13 31
FU 0 14 37
FU 0 15 32
FU 0 16 104
FU 0 18 1000
FU 0 19 3
FU 0 20 1000
FU 0 21 517
FU 0 24 228
FU 0 26 313
FU 0 28 44
FU 0 30 335
FU 0 31 62
FU 0 32 124
FU 0 34 126
FU 0 39 113
FU 1 2 60
FU 1 5 207
FU 1 6 140
FU 1 10 55
FU 1 11 107
FU 1 12 54
FU 1 13 46
FU 1 14 73
FU 1 15 87
FU 1 17 60
FU 1 25 182
FU 1 28 30
FU 1 31 71
FU 1 37 0
FU 2 1 5
FU 2 4 97
FU 2 5 110
FU 2 10 52
FU 2 17 0
FU 2 25 77
FU 3 7 0
FU 3 16 101
FU 3 32 113
FU 3 35 0
FU 3 38 8
FU 4 2 41
FU 4 5 106
FU 4 6 45
FU 4 10 49
FU 4 12 41
FU 4 15 33
FU 4 17 44
FU 4 25 70
FU 4 28 20
FU 5 1 0
FU 5 2 64
FU 5 4 71
FU 5 10 10
FU 5 12 48
FU 5 14 12
FU 5 17 34
FU 5 31 92
FU 6 1 48
FU 6 4 198
FU 6 8 185
FU 6 11 10
FU 6 12 45
FU 6 13 12
FU 6 17 61
FU 6 24 287
FU 6 26 247
FU 6 29 268
FU 6 30 218
FU 6 31 75
FU 6 37 0
FU 7 3 483
FU 7 9 0
FU 7 14 25
FU 7 16 74
FU 7 25 0
FU 7 28 16
FU 7 32 172
FU 8 6 16
FU 8 11 12
FU 8 13 336
FU 8 24 126
FU 8 26 139
FU 8 29 200
FU 9 7 0
FU 9 14 12
FU 9 16 62
FU 9 25 0
FU 9 32 167
FU 9 35 0
FU 9 38 2
FU 10 1 60
FU 10 2 37
FU 10 4 97
FU 10 5 158
FU 10 11 59
FU 10 12 43
FU 10 14 13
FU 10 15 34
FU 10 17 77
FU 10 23 152
FU 10 25 532
FU 10 28 62
FU 10 31 35
FU 10 37 0
FU 11 1 42
FU 11 2 24
FU 11 6 56
FU 11 8 175
FU 11 10 49
FU 11 12 20
FU 11 13 0
FU 11 14 25
FU 11 15 57
FU 11 17 24
FU 11 23 70
FU 11 24 134
FU 11 28 58
FU 11 29 162
FU 11 30 173
FU 11 31 45
FU 11 34 89
FU 11 36 0
FU 11 37 0
FU 11 40 0
FU 12 1 66
FU 12 2 78
FU 12 4 72
FU 12 5 110
FU 12 6 76
FU 12 10 19
FU 12 11 47
FU 12 13 34
FU 12 14 41
FU 12 15 46
FU 12 17 48
FU 12 25 66
FU 12 28 26
FU 12 31 62
FU 12 37 0
FU 13 1 35
FU 13 6 18
FU 13 8 97
FU 13 11 24
FU 13 12 43
FU 13 14 37
FU 13 15 46
FU 13 17 57
FU 13 22 20
FU 13 23 18
FU 13 24 110
FU 13 26 138
FU 13 29 113
FU 13 30 148
FU 13 31 65
FU 13 34 62
FU 13 36 0
FU 13 37 0
FU 13 40 0
FU 14 2 53
FU 14 5 122
FU 14 7 220
FU 14 9 513
FU 14 10 57
FU 14 11 25
FU 14 12 27
FU 14 13 32
FU 14 15 12
FU 14 16 522
FU 14 17 55
FU 14 25 68
FU 14 28 18
FU 14 31 68
FU 14 37 0
FU 15 1 62
FU 15 2 42
FU 15 4 43
FU 15 10 36
FU 15 11 101
FU 15 12 32
FU 15 13 13
FU 15 14 61
FU 15 17 37
FU 15 22 88
FU 15 23 68
FU 15 28 17
FU 15 31 36
FU 15 34 97
FU 15 36 0
FU 15 37 0
FU 15 40 0
FU 16 3 507
FU 16 9 0
FU 16 25 0
FU 16 32 114
FU 17 1 44
FU 17 2 59
FU 17 4 76
FU 17 5 106
FU 17 6 102
FU 17 10 109
FU 17 11 16
FU 17 12 51
FU 17 13 32
FU 17 14 13
FU 17 15 29
FU 17 23 46
FU 17 28 30
FU 17 31 56
FU 17 37 0
FU 19 21 214
FU 19 27 998
FU 19 33 0
FU 19 36 0
FU 19 39 125
FU 21 19 0
FU 21 35 0
FU 21 38 450
FU 22 13 10
FU 22 15 28
FU 22 23 94
FU 22 34 99
FU 22 36 0
FU 22 37 0
FU 22 39 122
FU 22 40 0
FU 23 10 0
FU 23 11 21
FU 23 13 67
FU 23 14 26
FU 23 15 25
FU 23 17 0
FU 23 22 0
FU 23 28 36
FU 23 34 84
FU 23 36 0
FU 23 37 0
FU 23 40 0
FU 24 6 1
FU 24 8 105
FU 24 11 15
FU 24 13 106
FU 24 29 246
FU 25 1 53
FU 25 2 52
FU 25 4 75
FU 25 7 265
FU 25 9 481
FU 25 10 0
FU 25 12 48
FU 25 14 23
FU 25 16 110
FU 25 32 154
FU 26 6 20
FU 26 8 116
FU 26 13 17
FU 26 30 126
FU 27 19 0
FU 27 33 0
FU 27 35 0
FU 28 1 53
FU 28 2 43
FU 28 4 90
FU 28 7 500
FU 28 10 39
FU 28 11 42
FU 28 12 53
FU 28 14 19
FU 28 15 10
FU 28 17 50
FU 28 23 138
FU 28 31 42
FU 28 37 0
FU 28 40 1
FU 29 6 19
FU 29 8 73
FU 29 11 25
FU 29 13 6
FU 29 24 115
FU 30 6 23
FU 30 11 16
FU 30 13 6
FU 30 26 163
FU 31 1 49
FU 31 2 38
FU 31 5 77
FU 31 6 16
FU 31 10 23
FU 31 11 19
FU 31 12 28
FU 31 13 35
FU 31 14 25
FU 31 15 28
FU 31 17 52
FU 31 28 45
FU 31 37 0
FU 32 3 0
FU 32 9 0
FU 32 16 27
FU 32 25 0
FU 33 19 0
FU 33 27 0
FU 33 35 998
FU 33 39 136
FU 33 40 0
FU 34 11 35
FU 34 13 62
FU 34 15 70
FU 34 22 102
FU 34 36 0
FU 34 37 0
FU 34 39 119
FU 34 40 0
FU 35 3 0
FU 35 9 0
FU 35 21 111
FU 35 27 0
FU 35 33 0
FU 35 38 24
FU 36 11 21
FU 36 13 20
FU 36 15 34
FU 36 19 996
FU 36 22 146
FU 36 23 106
FU 36 34 65
FU 36 37 0
FU 36 39 287
FU 36 40 0
FU 37 1 480
FU 37 2 327
FU 37 6 462
FU 37 10 499
FU 37 11 346
FU 37 12 420
FU 37 13 125
FU 37 14 558
FU 37 15 368
FU 37 17 399
FU 37 22 375
FU 37 23 226
FU 37 28 523
FU 37 31 291
FU 37 34 329
FU 37 36 997
FU 37 40 997
FU 37 0 1000
FU 38 3 0
FU 38 9 0
FU 38 21 158
FU 38 32 156
FU 38 35 0
FU 39 19 1
FU 39 22 190
FU 39 33 1
FU 39 36 0
FU 39 40 0
FU 40 11 41
FU 40 13 10
FU 40 15 61
FU 40 22 77
FU 40 23 77
FU 40 28 75
FU 40 33 997
FU 40 34 49
FU 40 36 1
FU 40 37 0
FU 40 39 98
