Nodes: 21
Arcs: 184
MVE: 0
MAE: 33
SAE: 1508
Terminals_rem: 0
Nodes_rem: 2
Arcs_rem: 49
First LB: 2
LB: 2
Iter. LB: 0
First UB: 5
UB: 4
Iter. UB: 18
gap: 50
BM. Time: 0
Runtime: 13
FL 0 16 0
FL 0 4 0
FL 0 20 22
FL 0 18 1
FL 0 12 1
FL 0 14 0
FL 0 15 0
FL 0 11 0
FL 0 3 514
FL 0 5 0
FL 0 7 491
FL 0 1 998
FL 0 6 998
FL 0 8 66
FL 0 9 100
FL 0 10 65
FL 0 13 239
FL 0 17 50
FL 0 19 179
FL 2 5 496
FL 2 8 457
FL 2 10 407
FL 2 11 998
FL 2 12 408
FL 2 14 385
FL 2 15 312
FL 2 16 998
FL 2 17 439
FL 2 0 1000
FL 3 7 204
FL 3 20 1
FL 4 5 0
FL 4 8 41
FL 4 9 97
FL 4 11 0
FL 4 13 27
FL 4 17 35
FL 4 18 0
FL 5 2 0
FL 5 4 331
FL 5 8 57
FL 5 10 83
FL 5 12 65
FL 5 13 251
FL 5 14 113
FL 5 17 77
FL 5 18 362
FL 7 3 480
FL 7 9 152
FL 7 11 0
FL 7 13 49
FL 7 17 22
FL 7 19 247
FL 7 20 1
FL 8 2 0
FL 8 4 223
FL 8 5 108
FL 8 10 77
FL 8 11 0
FL 8 12 96
FL 8 13 78
FL 8 14 111
FL 8 17 71
FL 8 18 254
FL 9 4 0
FL 9 10 71
FL 9 11 0
FL 9 13 37
FL 9 17 25
FL 9 18 0
FL 10 2 0
FL 10 5 112
FL 10 8 36
FL 10 9 113
FL 10 11 1
FL 10 12 121
FL 10 13 28
FL 10 14 135
FL 10 17 47
FL 10 18 207
FL 11 2 0
FL 11 4 225
FL 11 7 135
FL 11 8 97
FL 11 9 61
FL 11 10 41
FL 11 12 97
FL 11 13 57
FL 11 17 47
FL 11 19 233
FL 11 20 998
FL 12 2 0
FL 12 5 111
FL 12 8 32
FL 12 10 34
FL 12 11 2
FL 12 13 58
FL 12 14 56
FL 12 15 256
FL 12 17 29
FL 13 4 1
FL 13 5 1
FL 13 7 156
FL 13 8 70
FL 13 9 188
FL 13 10 86
FL 13 11 1
FL 13 12 1
FL 13 17 64
FL 13 18 1
FL 13 20 2
FL 14 2 1
FL 14 5 102
FL 14 8 32
FL 14 10 64
FL 14 12 131
FL 14 15 241
FL 14 17 54
FL 15 2 0
FL 15 12 0
FL 15 14 99
FL 15 16 0
FL 16 2 0
FL 16 15 202
FL 16 19 186
FL 17 2 0
FL 17 4 231
FL 17 5 67
FL 17 8 51
FL 17 9 144
FL 17 10 28
FL 17 11 0
FL 17 12 73
FL 17 13 59
FL 17 14 99
FL 17 18 184
FL 18 4 2
FL 18 5 0
FL 18 8 44
FL 18 9 143
FL 18 10 25
FL 18 13 74
FL 18 17 27
FL 19 11 0
FL 19 16 0
FL 19 20 0
FL 20 3 21
FL 20 7 16
FL 20 11 0
FL 20 13 25
FL 20 19 165
FU 0 16 2
FU 0 4 2
FU 0 20 5
FU 0 18 3
FU 0 12 2
FU 0 14 2
FU 0 15 2
FU 0 11 2
FU 0 3 514
FU 0 5 3
FU 0 7 489
FU 0 1 1000
FU 0 6 1000
FU 0 8 72
FU 0 9 105
FU 0 10 65
FU 0 13 235
FU 0 17 52
FU 0 19 178
FU 2 5 500
FU 2 8 468
FU 2 10 413
FU 2 11 997
FU 2 12 414
FU 2 14 387
FU 2 15 330
FU 2 16 998
FU 2 17 442
FU 2 0 1000
FU 3 7 189
FU 3 20 0
FU 4 5 0
FU 4 8 44
FU 4 9 103
FU 4 11 0
FU 4 13 29
FU 4 17 39
FU 4 18 0
FU 5 2 0
FU 5 4 348
FU 5 8 65
FU 5 10 75
FU 5 12 62
FU 5 13 250
FU 5 14 103
FU 5 17 70
FU 5 18 382
FU 7 3 467
FU 7 9 156
FU 7 11 0
FU 7 13 48
FU 7 17 31
FU 7 19 247
FU 7 20 0
FU 8 2 0
FU 8 4 214
FU 8 5 110
FU 8 10 78
FU 8 11 0
FU 8 12 106
FU 8 13 65
FU 8 14 115
FU 8 17 71
FU 8 18 262
FU 9 4 0
FU 9 10 64
FU 9 11 0
FU 9 13 30
FU 9 17 35
FU 9 18 0
FU 10 2 0
FU 10 5 111
FU 10 8 39
FU 10 9 113
FU 10 11 1
FU 10 12 129
FU 10 13 28
FU 10 14 122
FU 10 17 35
FU 10 18 187
FU 11 2 0
FU 11 4 203
FU 11 7 153
FU 11 8 88
FU 11 9 64
FU 11 10 55
FU 11 12 96
FU 11 13 70
FU 11 17 49
FU 11 19 229
FU 11 20 995
FU 12 2 0
FU 12 5 101
FU 12 8 36
FU 12 10 32
FU 12 11 0
FU 12 13 54
FU 12 14 74
FU 12 15 245
FU 12 17 39
FU 13 4 0
FU 13 5 0
FU 13 7 153
FU 13 8 74
FU 13 9 186
FU 13 10 89
FU 13 11 0
FU 13 12 0
FU 13 17 62
FU 13 18 0
FU 13 20 0
FU 14 2 0
FU 14 5 96
FU 14 8 28
FU 14 10 67
FU 14 12 119
FU 14 15 228
FU 14 17 51
FU 15 2 0
FU 15 12 0
FU 15 14 102
FU 15 16 0
FU 16 2 0
FU 16 15 195
FU 16 19 179
FU 17 2 0
FU 17 4 233
FU 17 5 79
FU 17 8 43
FU 17 9 139
FU 17 10 38
FU 17 11 0
FU 17 12 72
FU 17 13 64
FU 17 14 95
FU 17 18 166
FU 18 4 0
FU 18 5 0
FU 18 8 43
FU 18 9 134
FU 18 10 24
FU 18 13 86
FU 18 17 24
FU 19 11 0
FU 19 16 0
FU 19 20 0
FU 20 3 19
FU 20 7 16
FU 20 11 0
FU 20 13 41
FU 20 19 167
