Nodes: 151
Arcs: 4468
MVE: 21
MAE: 1000
SAE: 240997
Terminals_rem: 0
Nodes_rem: 26
Arcs_rem: 1694
First LB: 7
LB: 7
Iter. LB: 0
First UB: 58
UB: 33
Iter. UB: 448
gap: 78.7879
BM. Time: 0
Runtime: 1802
FL 0 74 21
FL 0 149 0
FL 0 28 256
FL 0 72 1
FL 0 95 317
FL 0 23 18
FL 0 29 1
FL 0 121 9
FL 0 60 7
FL 0 83 12
FL 0 135 19
FL 0 116 7
FL 0 94 17
FL 0 104 0
FL 0 145 308
FL 0 150 8
FL 0 71 0
FL 0 128 3
FL 0 77 4
FL 0 114 0
FL 0 139 0
FL 0 41 298
FL 0 144 10
FL 0 52 25
FL 0 10 271
FL 0 34 6
FL 0 43 0
FL 0 80 0
FL 0 85 0
FL 0 51 17
FL 0 49 6
FL 0 91 12
FL 0 111 0
FL 0 65 14
FL 0 81 24
FL 0 142 19
FL 0 9 1
FL 0 100 279
FL 0 126 12
FL 0 54 0
FL 0 63 25
FL 0 131 5
FL 0 5 10
FL 0 7 18
FL 0 3 7
FL 0 115 5
FL 0 148 4
FL 0 46 281
FL 0 66 30
FL 0 134 0
FL 0 35 24
FL 0 125 4
FL 0 56 35
FL 0 36 36
FL 0 133 14
FL 0 45 3
FL 0 40 23
FL 0 53 2
FL 0 90 21
FL 0 75 3
FL 0 123 22
FL 0 1 232
FL 0 2 5
FL 0 4 821
FL 0 6 2
FL 0 8 81
FL 0 12 259
FL 0 13 193
FL 0 14 202
FL 0 15 4
FL 0 16 24
FL 0 17 298
FL 0 18 237
FL 0 19 821
FL 0 20 223
FL 0 21 821
FL 0 22 821
FL 0 24 37
FL 0 25 42
FL 0 26 11
FL 0 27 235
FL 0 30 821
FL 0 31 64
FL 0 32 212
FL 0 33 821
FL 0 37 821
FL 0 38 200
FL 0 39 309
FL 0 42 821
FL 0 44 25
FL 0 47 822
FL 0 48 123
FL 0 50 42
FL 0 55 821
FL 0 57 90
FL 0 58 59
FL 0 59 821
FL 0 61 65
FL 0 62 237
FL 0 64 43
FL 0 67 118
FL 0 68 139
FL 0 69 821
FL 0 70 49
FL 0 73 1
FL 0 76 13
FL 0 78 821
FL 0 79 821
FL 0 82 207
FL 0 84 821
FL 0 86 821
FL 0 87 313
FL 0 88 248
FL 0 89 44
FL 0 92 821
FL 0 93 821
FL 0 96 26
FL 0 97 49
FL 0 98 11
FL 0 99 53
FL 0 101 16
FL 0 102 821
FL 0 103 821
FL 0 105 821
FL 0 106 192
FL 0 107 114
FL 0 108 245
FL 0 109 221
FL 0 110 249
FL 0 112 104
FL 0 113 41
FL 0 117 283
FL 0 118 200
FL 0 119 54
FL 0 120 56
FL 0 122 104
FL 0 124 821
FL 0 127 177
FL 0 129 100
FL 0 130 13
FL 0 132 821
FL 0 136 821
FL 0 137 821
FL 0 138 821
FL 0 140 150
FL 0 141 69
FL 0 143 24
FL 0 146 179
FL 0 147 194
FL 1 5 0
FL 1 13 8
FL 1 16 0
FL 1 18 16
FL 1 20 25
FL 1 46 43
FL 1 49 0
FL 1 51 0
FL 1 52 0
FL 1 57 1
FL 1 60 0
FL 1 62 24
FL 1 67 28
FL 1 77 4
FL 1 81 0
FL 1 96 95
FL 1 101 1
FL 1 106 21
FL 1 108 22
FL 1 117 27
FL 1 139 0
FL 1 142 0
FL 2 5 124
FL 2 6 3
FL 2 9 3
FL 2 13 44
FL 2 15 21
FL 2 20 67
FL 2 25 56
FL 2 26 12
FL 2 44 20
FL 2 48 46
FL 2 49 214
FL 2 50 36
FL 2 54 0
FL 2 60 13
FL 2 62 79
FL 2 71 44
FL 2 75 227
FL 2 77 8
FL 2 80 0
FL 2 96 19
FL 2 99 32
FL 2 101 138
FL 2 107 44
FL 2 108 43
FL 2 109 57
FL 2 115 43
FL 2 119 59
FL 2 131 162
FL 2 146 50
FL 2 147 79
FL 3 15 1
FL 3 34 1
FL 3 40 0
FL 3 58 1
FL 3 63 2
FL 3 65 0
FL 3 66 2
FL 3 83 0
FL 3 90 1
FL 3 112 2
FL 3 114 0
FL 3 116 0
FL 3 125 0
FL 3 128 0
FL 5 1 12
FL 5 2 10
FL 5 12 19
FL 5 13 14
FL 5 14 86
FL 5 18 14
FL 5 20 11
FL 5 24 26
FL 5 35 0
FL 5 38 17
FL 5 43 0
FL 5 49 0
FL 5 50 38
FL 5 51 0
FL 5 52 191
FL 5 57 1
FL 5 58 119
FL 5 60 0
FL 5 61 0
FL 5 62 24
FL 5 63 0
FL 5 67 1
FL 5 73 0
FL 5 77 4
FL 5 80 0
FL 5 81 0
FL 5 82 15
FL 5 91 287
FL 5 96 0
FL 5 98 10
FL 5 101 0
FL 5 104 0
FL 5 108 10
FL 5 111 0
FL 5 114 0
FL 5 115 0
FL 5 119 1
FL 5 129 1
FL 5 130 3
FL 5 131 0
FL 5 135 2
FL 5 139 0
FL 5 142 0
FL 5 143 8
FL 5 146 2
FL 5 148 0
FL 5 149 0
FL 6 2 11
FL 6 9 22
FL 6 11 0
FL 6 15 5
FL 6 25 32
FL 6 26 14
FL 6 29 0
FL 6 44 18
FL 6 45 0
FL 6 50 37
FL 6 53 0
FL 6 54 0
FL 6 64 35
FL 6 65 112
FL 6 72 0
FL 6 77 134
FL 6 80 87
FL 6 85 0
FL 6 89 35
FL 6 90 3
FL 6 94 106
FL 6 98 81
FL 6 99 30
FL 6 104 0
FL 6 111 0
FL 6 113 38
FL 6 114 0
FL 6 120 45
FL 6 130 13
FL 6 135 6
FL 6 139 0
FL 6 143 23
FL 6 148 51
FL 6 149 137
FL 7 23 0
FL 7 27 237
FL 7 36 0
FL 7 46 8
FL 7 53 0
FL 7 66 1
FL 7 76 0
FL 7 87 32
FL 7 95 8
FL 7 97 70
FL 7 100 12
FL 7 110 6
FL 7 118 18
FL 7 127 52
FL 7 133 0
FL 7 141 49
FL 8 15 1
FL 8 113 49
FL 9 2 3
FL 9 6 6
FL 9 11 0
FL 9 25 66
FL 9 26 7
FL 9 29 288
FL 9 35 244
FL 9 38 91
FL 9 43 413
FL 9 44 34
FL 9 45 0
FL 9 50 30
FL 9 53 2
FL 9 54 0
FL 9 64 29
FL 9 68 81
FL 9 71 0
FL 9 72 230
FL 9 80 141
FL 9 85 413
FL 9 89 41
FL 9 99 38
FL 9 107 127
FL 9 113 22
FL 9 120 44
FL 9 130 3
FL 9 143 425
FL 9 148 83
FL 9 149 0
FL 10 8 51
FL 10 29 0
FL 10 63 0
FL 10 65 0
FL 10 68 77
FL 10 73 0
FL 10 89 89
FL 10 94 0
FL 10 112 17
FL 10 134 0
FL 10 135 2
FL 11 2 124
FL 11 6 153
FL 11 9 361
FL 11 15 634
FL 11 24 63
FL 11 25 199
FL 11 26 144
FL 11 29 371
FL 11 43 429
FL 11 44 319
FL 11 45 405
FL 11 50 39
FL 11 53 431
FL 11 54 822
FL 11 64 330
FL 11 71 669
FL 11 72 362
FL 11 73 822
FL 11 77 266
FL 11 80 305
FL 11 85 433
FL 11 89 41
FL 11 98 44
FL 11 99 306
FL 11 104 678
FL 11 111 821
FL 11 113 176
FL 11 114 822
FL 11 120 143
FL 11 130 55
FL 11 134 821
FL 11 139 365
FL 11 143 181
FL 11 148 386
FL 11 149 393
FL 11 0 823
FL 12 5 0
FL 12 13 6
FL 12 14 11
FL 12 20 15
FL 12 38 15
FL 12 48 46
FL 12 51 0
FL 12 52 0
FL 12 57 2
FL 12 60 0
FL 12 61 1
FL 12 67 20
FL 12 71 0
FL 12 81 0
FL 12 88 22
FL 12 96 96
FL 12 101 1
FL 12 119 20
FL 12 123 1
FL 12 131 0
FL 12 139 0
FL 13 1 13
FL 13 2 2
FL 13 5 0
FL 13 12 22
FL 13 15 2
FL 13 16 0
FL 13 18 22
FL 13 20 14
FL 13 35 0
FL 13 36 0
FL 13 38 25
FL 13 49 0
FL 13 52 282
FL 13 56 0
FL 13 57 1
FL 13 58 1
FL 13 60 0
FL 13 61 0
FL 13 67 7
FL 13 70 0
FL 13 77 2
FL 13 81 0
FL 13 87 16
FL 13 91 0
FL 13 106 24
FL 13 110 3
FL 13 111 0
FL 13 115 0
FL 13 121 0
FL 13 129 1
FL 13 130 3
FL 13 139 0
FL 13 142 0
FL 13 143 7
FL 14 5 148
FL 14 12 31
FL 14 18 16
FL 14 20 28
FL 14 35 0
FL 14 38 28
FL 14 48 47
FL 14 49 0
FL 14 52 0
FL 14 60 0
FL 14 62 28
FL 14 75 0
FL 14 77 3
FL 14 81 0
FL 14 96 2
FL 14 101 177
FL 14 109 51
FL 14 123 1
FL 14 131 0
FL 14 147 52
FL 15 2 93
FL 15 6 0
FL 15 8 32
FL 15 11 0
FL 15 13 9
FL 15 17 11
FL 15 25 31
FL 15 34 0
FL 15 35 0
FL 15 38 32
FL 15 43 0
FL 15 44 24
FL 15 45 0
FL 15 51 0
FL 15 53 0
FL 15 56 286
FL 15 58 1
FL 15 64 17
FL 15 70 592
FL 15 72 0
FL 15 80 0
FL 15 83 0
FL 15 85 0
FL 15 90 0
FL 15 91 0
FL 15 96 0
FL 15 97 40
FL 15 104 0
FL 15 111 0
FL 15 113 18
FL 15 114 0
FL 15 115 318
FL 15 129 0
FL 15 130 2
FL 15 139 0
FL 15 143 14
FL 15 149 0
FL 16 1 17
FL 16 13 11
FL 16 17 8
FL 16 18 16
FL 16 36 0
FL 16 46 7
FL 16 49 0
FL 16 57 1
FL 16 61 2
FL 16 62 16
FL 16 74 0
FL 16 82 32
FL 16 87 24
FL 16 95 10
FL 16 101 1
FL 16 106 25
FL 16 117 28
FL 16 119 14
FL 16 121 0
FL 16 142 0
FL 16 144 1
FL 16 150 821
FL 17 15 2
FL 17 16 0
FL 17 23 0
FL 17 36 0
FL 17 39 28
FL 17 40 0
FL 17 46 61
FL 17 56 0
FL 17 58 1
FL 17 61 1
FL 17 66 3
FL 17 70 2
FL 17 82 40
FL 17 83 0
FL 17 87 55
FL 17 91 0
FL 17 95 43
FL 17 106 33
FL 17 110 168
FL 17 111 0
FL 17 117 55
FL 17 125 0
FL 17 129 5
FL 17 144 1
FL 17 150 0
FL 18 1 28
FL 18 13 14
FL 18 16 0
FL 18 35 0
FL 18 38 16
FL 18 57 5
FL 18 88 50
FL 18 99 18
FL 18 101 2
FL 18 106 24
FL 18 109 65
FL 18 117 25
FL 18 119 5
FL 18 120 45
FL 18 123 4
FL 18 142 0
FL 18 148 0
FL 20 1 20
FL 20 5 0
FL 20 12 26
FL 20 13 13
FL 20 14 7
FL 20 35 0
FL 20 38 16
FL 20 52 0
FL 20 57 1
FL 20 58 1
FL 20 60 0
FL 20 61 0
FL 20 62 22
FL 20 67 1
FL 20 70 0
FL 20 71 0
FL 20 77 0
FL 20 81 0
FL 20 91 0
FL 20 96 0
FL 20 101 1
FL 20 115 0
FL 20 129 4
FL 20 130 5
FL 20 139 0
FL 20 142 0
FL 20 146 10
FL 23 7 1
FL 23 16 0
FL 23 17 10
FL 23 36 0
FL 23 39 11
FL 23 40 0
FL 23 41 7
FL 23 46 6
FL 23 56 0
FL 23 58 1
FL 23 70 2
FL 23 76 0
FL 23 82 24
FL 23 83 0
FL 23 87 27
FL 23 91 0
FL 23 106 12
FL 23 110 7
FL 23 111 0
FL 23 118 24
FL 23 122 36
FL 23 126 0
FL 23 127 45
FL 23 129 1
FL 23 133 0
FL 23 140 43
FL 23 141 66
FL 23 150 0
FL 24 5 0
FL 24 31 67
FL 24 35 0
FL 24 63 0
FL 24 111 0
FL 25 6 1
FL 25 8 37
FL 25 9 0
FL 25 11 0
FL 25 15 3
FL 25 26 10
FL 25 44 10
FL 25 45 0
FL 25 50 65
FL 25 53 0
FL 25 72 0
FL 25 89 54
FL 25 104 0
FL 25 111 0
FL 25 130 8
FL 25 143 12
FL 26 2 0
FL 26 6 77
FL 26 9 0
FL 26 11 0
FL 26 14 3
FL 26 18 20
FL 26 20 18
FL 26 25 46
FL 26 32 161
FL 26 44 8
FL 26 48 34
FL 26 50 21
FL 26 52 0
FL 26 64 21
FL 26 71 45
FL 26 72 0
FL 26 77 0
FL 26 96 0
FL 26 98 1
FL 26 99 22
FL 26 107 71
FL 26 109 26
FL 26 113 45
FL 26 130 1
FL 26 139 62
FL 26 143 11
FL 26 147 42
FL 26 148 0
FL 27 116 0
FL 28 16 0
FL 28 36 0
FL 28 41 140
FL 28 46 60
FL 28 56 0
FL 28 74 0
FL 28 76 0
FL 28 87 14
FL 28 95 57
FL 28 106 35
FL 28 110 7
FL 28 117 17
FL 28 121 0
FL 28 142 0
FL 28 144 0
FL 28 150 0
FL 29 6 0
FL 29 9 0
FL 29 10 243
FL 29 11 0
FL 29 64 23
FL 29 65 0
FL 29 68 108
FL 29 73 0
FL 29 94 0
FL 29 113 21
FL 29 135 0
FL 31 104 0
FL 32 26 17
FL 32 71 0
FL 32 107 32
FL 32 147 54
FL 34 3 0
FL 34 6 1
FL 34 15 1
FL 34 31 108
FL 34 63 0
FL 34 65 0
FL 34 68 65
FL 34 73 0
FL 34 83 0
FL 34 90 0
FL 34 94 0
FL 34 112 21
FL 34 114 0
FL 34 125 0
FL 34 128 0
FL 34 134 0
FL 34 135 1
FL 35 1 14
FL 35 2 1
FL 35 5 0
FL 35 9 0
FL 35 12 12
FL 35 13 5
FL 35 14 5
FL 35 15 1
FL 35 18 19
FL 35 20 14
FL 35 24 85
FL 35 38 10
FL 35 43 0
FL 35 49 0
FL 35 51 0
FL 35 52 175
FL 35 54 0
FL 35 57 1
FL 35 58 37
FL 35 60 0
FL 35 61 2
FL 35 62 14
FL 35 67 1
FL 35 75 0
FL 35 77 0
FL 35 80 0
FL 35 81 0
FL 35 91 0
FL 35 96 4
FL 35 98 6
FL 35 99 28
FL 35 101 0
FL 35 104 0
FL 35 108 12
FL 35 111 0
FL 35 115 0
FL 35 119 3
FL 35 120 45
FL 35 129 1
FL 35 130 5
FL 35 131 0
FL 35 139 0
FL 35 142 0
FL 35 143 7
FL 35 146 8
FL 35 148 0
FL 35 149 0
FL 36 7 1
FL 36 13 13
FL 36 16 0
FL 36 17 10
FL 36 23 0
FL 36 28 9
FL 36 41 22
FL 36 46 5
FL 36 49 0
FL 36 56 0
FL 36 57 1
FL 36 61 1
FL 36 62 21
FL 36 74 0
FL 36 76 0
FL 36 87 25
FL 36 95 12
FL 36 97 65
FL 36 101 0
FL 36 106 48
FL 36 110 7
FL 36 117 29
FL 36 119 13
FL 36 121 0
FL 36 127 74
FL 36 133 0
FL 36 141 71
FL 36 142 0
FL 36 144 0
FL 36 150 0
FL 38 5 0
FL 38 9 0
FL 38 12 19
FL 38 13 10
FL 38 14 12
FL 38 15 1
FL 38 18 20
FL 38 20 28
FL 38 24 66
FL 38 35 0
FL 38 43 0
FL 38 51 0
FL 38 52 1
FL 38 54 0
FL 38 57 1
FL 38 58 10
FL 38 60 0
FL 38 61 4
FL 38 62 32
FL 38 67 8
FL 38 75 0
FL 38 77 1
FL 38 80 0
FL 38 81 0
FL 38 82 33
FL 38 91 0
FL 38 96 1
FL 38 99 16
FL 38 104 0
FL 38 108 19
FL 38 111 0
FL 38 115 0
FL 38 120 48
FL 38 129 1
FL 38 130 4
FL 38 139 0
FL 38 143 16
FL 38 148 0
FL 39 17 22
FL 39 40 0
FL 39 44 20
FL 39 53 0
FL 39 66 3
FL 39 83 0
FL 39 90 2
FL 39 91 0
FL 39 100 164
FL 39 110 226
FL 39 111 0
FL 39 116 2
FL 39 118 43
FL 39 122 49
FL 39 126 0
FL 39 129 1
FL 39 133 0
FL 39 140 47
FL 39 141 69
FL 39 146 4
FL 40 3 0
FL 40 17 23
FL 40 23 0
FL 40 39 31
FL 40 41 6
FL 40 56 0
FL 40 58 1
FL 40 66 4
FL 40 70 1
FL 40 76 0
FL 40 82 35
FL 40 83 0
FL 40 91 0
FL 40 97 66
FL 40 100 6
FL 40 110 7
FL 40 111 0
FL 40 112 17
FL 40 116 2
FL 40 118 18
FL 40 122 44
FL 40 126 0
FL 40 127 48
FL 40 128 0
FL 40 129 1
FL 40 133 0
FL 40 140 26
FL 40 141 81
FL 40 150 0
FL 41 16 0
FL 41 17 12
FL 41 23 0
FL 41 28 108
FL 41 36 0
FL 41 40 0
FL 41 46 65
FL 41 56 0
FL 41 58 6
FL 41 66 0
FL 41 70 3
FL 41 74 0
FL 41 76 0
FL 41 87 10
FL 41 91 0
FL 41 95 63
FL 41 106 21
FL 41 110 4
FL 41 117 55
FL 41 121 0
FL 41 127 38
FL 41 128 0
FL 41 144 0
FL 41 150 0
FL 43 5 0
FL 43 6 0
FL 43 8 49
FL 43 9 0
FL 43 11 0
FL 43 15 0
FL 43 18 12
FL 43 24 15
FL 43 25 17
FL 43 26 1
FL 43 35 0
FL 43 38 7
FL 43 39 11
FL 43 44 27
FL 43 45 0
FL 43 50 15
FL 43 51 0
FL 43 53 0
FL 43 54 0
FL 43 64 14
FL 43 67 0
FL 43 72 0
FL 43 80 0
FL 43 83 0
FL 43 85 0
FL 43 89 37
FL 43 94 223
FL 43 97 33
FL 43 98 2
FL 43 99 12
FL 43 104 0
FL 43 106 19
FL 43 108 10
FL 43 111 0
FL 43 113 40
FL 43 115 0
FL 43 119 1
FL 43 120 12
FL 43 130 1
FL 43 139 0
FL 43 142 0
FL 43 143 6
FL 43 146 1
FL 43 148 0
FL 43 149 0
FL 44 2 0
FL 44 6 0
FL 44 11 0
FL 44 15 0
FL 44 24 28
FL 44 25 28
FL 44 26 1
FL 44 39 10
FL 44 45 0
FL 44 53 2
FL 44 63 218
FL 44 64 27
FL 44 72 0
FL 44 73 0
FL 44 80 0
FL 44 85 0
FL 44 89 32
FL 44 96 78
FL 44 98 3
FL 44 104 0
FL 44 113 37
FL 44 120 15
FL 44 122 38
FL 44 139 0
FL 44 143 6
FL 44 149 0
FL 45 6 0
FL 45 8 44
FL 45 9 0
FL 45 11 0
FL 45 15 0
FL 45 24 16
FL 45 25 16
FL 45 43 0
FL 45 44 11
FL 45 53 0
FL 45 54 0
FL 45 63 220
FL 45 64 19
FL 45 72 0
FL 45 85 0
FL 45 89 37
FL 45 94 0
FL 45 104 0
FL 45 111 0
FL 45 112 81
FL 45 113 31
FL 45 114 0
FL 45 134 0
FL 45 135 0
FL 45 139 0
FL 46 1 15
FL 46 7 1
FL 46 16 0
FL 46 17 8
FL 46 23 0
FL 46 28 78
FL 46 36 0
FL 46 41 151
FL 46 74 0
FL 46 76 0
FL 46 83 0
FL 46 87 25
FL 46 95 73
FL 46 106 23
FL 46 111 0
FL 46 117 32
FL 46 121 0
FL 46 133 0
FL 46 144 0
FL 46 150 0
FL 48 2 1
FL 48 12 10
FL 48 26 6
FL 48 49 3
FL 48 60 0
FL 48 62 15
FL 48 71 0
FL 48 81 0
FL 48 123 0
FL 48 131 0
FL 48 146 2
FL 48 148 0
FL 49 1 12
FL 49 2 1
FL 49 5 0
FL 49 12 25
FL 49 13 9
FL 49 14 3
FL 49 16 0
FL 49 18 27
FL 49 20 10
FL 49 35 0
FL 49 36 0
FL 49 38 19
FL 49 48 39
FL 49 51 0
FL 49 52 0
FL 49 57 5
FL 49 60 0
FL 49 61 0
FL 49 62 13
FL 49 67 8
FL 49 74 90
FL 49 75 0
FL 49 77 3
FL 49 81 0
FL 49 87 7
FL 49 95 3
FL 49 96 0
FL 49 101 0
FL 49 106 10
FL 49 108 13
FL 49 115 0
FL 49 117 20
FL 49 119 1
FL 49 121 0
FL 49 123 0
FL 49 131 0
FL 49 139 0
FL 49 142 0
FL 49 144 821
FL 49 146 4
FL 50 5 0
FL 50 6 0
FL 50 139 0
FL 51 1 26
FL 51 2 0
FL 51 5 0
FL 51 12 8
FL 51 13 6
FL 51 15 1
FL 51 18 32
FL 51 20 14
FL 51 35 0
FL 51 38 23
FL 51 43 0
FL 51 49 0
FL 51 52 200
FL 51 56 0
FL 51 57 1
FL 51 58 1
FL 51 60 0
FL 51 61 0
FL 51 62 20
FL 51 67 1
FL 51 70 3
FL 51 75 0
FL 51 77 0
FL 51 80 0
FL 51 81 0
FL 51 91 0
FL 51 96 1
FL 51 98 4
FL 51 101 0
FL 51 108 11
FL 51 109 54
FL 51 111 0
FL 51 115 0
FL 51 119 1
FL 51 122 30
FL 51 129 1
FL 51 130 2
FL 51 131 0
FL 51 139 0
FL 51 140 45
FL 51 142 0
FL 51 143 10
FL 51 146 2
FL 51 149 0
FL 52 1 25
FL 52 2 0
FL 52 5 18
FL 52 12 18
FL 52 13 14
FL 52 14 6
FL 52 18 14
FL 52 20 11
FL 52 26 7
FL 52 35 139
FL 52 38 8
FL 52 48 25
FL 52 49 0
FL 52 50 74
FL 52 51 339
FL 52 60 0
FL 52 62 9
FL 52 67 1
FL 52 75 0
FL 52 77 0
FL 52 81 0
FL 52 88 16
FL 52 96 1
FL 52 98 19
FL 52 101 0
FL 52 109 44
FL 52 123 0
FL 52 131 0
FL 52 139 0
FL 52 145 12
FL 52 146 3
FL 52 147 46
FL 52 148 0
FL 53 6 0
FL 53 7 821
FL 53 8 52
FL 53 9 0
FL 53 11 0
FL 53 15 0
FL 53 24 29
FL 53 25 17
FL 53 39 10
FL 53 43 0
FL 53 44 19
FL 53 45 0
FL 53 54 0
FL 53 63 0
FL 53 64 23
FL 53 72 0
FL 53 83 261
FL 53 85 0
FL 53 89 38
FL 53 90 10
FL 53 91 300
FL 53 94 197
FL 53 97 24
FL 53 100 135
FL 53 104 0
FL 53 111 0
FL 53 112 13
FL 53 113 10
FL 53 114 0
FL 53 118 15
FL 53 122 31
FL 53 126 355
FL 53 127 33
FL 53 130 1
FL 53 133 393
FL 53 135 0
FL 53 139 0
FL 53 140 52
FL 53 141 43
FL 53 143 8
FL 53 150 0
FL 54 2 0
FL 54 6 0
FL 54 8 52
FL 54 9 0
FL 54 11 0
FL 54 24 42
FL 54 25 27
FL 54 35 0
FL 54 38 11
FL 54 43 0
FL 54 44 20
FL 54 45 0
FL 54 53 0
FL 54 63 403
FL 54 64 39
FL 54 72 0
FL 54 85 0
FL 54 89 33
FL 54 90 822
FL 54 94 0
FL 54 99 19
FL 54 104 0
FL 54 113 23
FL 54 114 0
FL 54 120 35
FL 54 135 0
FL 54 139 0
FL 54 148 0
FL 56 13 8
FL 56 15 2
FL 56 17 9
FL 56 23 0
FL 56 28 137
FL 56 36 0
FL 56 40 0
FL 56 41 21
FL 56 51 0
FL 56 57 15
FL 56 58 1
FL 56 63 3
FL 56 66 3
FL 56 70 5
FL 56 76 0
FL 56 82 31
FL 56 83 0
FL 56 87 31
FL 56 91 0
FL 56 95 5
FL 56 97 50
FL 56 100 16
FL 56 108 17
FL 56 110 6
FL 56 111 0
FL 56 115 0
FL 56 118 20
FL 56 119 12
FL 56 122 68
FL 56 126 0
FL 56 129 1
FL 56 133 0
FL 56 140 38
FL 56 141 48
FL 56 144 0
FL 56 146 111
FL 56 150 0
FL 57 1 13
FL 57 5 0
FL 57 12 36
FL 57 13 8
FL 57 16 0
FL 57 18 23
FL 57 20 25
FL 57 36 0
FL 57 38 16
FL 57 49 0
FL 57 51 0
FL 57 56 84
FL 57 58 6
FL 57 60 0
FL 57 61 4
FL 57 67 11
FL 57 77 91
FL 57 81 0
FL 57 82 38
FL 57 91 0
FL 57 96 1
FL 57 101 1
FL 57 106 49
FL 57 111 1
FL 57 117 33
FL 57 121 0
FL 57 129 1
FL 57 130 8
FL 57 131 4
FL 57 139 0
FL 57 142 0
FL 57 143 14
FL 58 5 18
FL 58 13 24
FL 58 15 1
FL 58 17 11
FL 58 20 27
FL 58 23 1
FL 58 35 89
FL 58 38 22
FL 58 40 0
FL 58 51 0
FL 58 56 1
FL 58 57 3
FL 58 60 169
FL 58 61 4
FL 58 66 4
FL 58 70 2
FL 58 76 3
FL 58 82 41
FL 58 91 0
FL 58 97 47
FL 58 100 22
FL 58 108 13
FL 58 111 0
FL 58 112 12
FL 58 115 0
FL 58 119 8
FL 58 126 1
FL 58 128 1
FL 58 129 1
FL 58 139 0
FL 58 142 0
FL 58 150 0
FL 60 1 27
FL 60 2 0
FL 60 5 0
FL 60 12 20
FL 60 13 16
FL 60 14 2
FL 60 18 11
FL 60 20 13
FL 60 26 9
FL 60 35 0
FL 60 38 15
FL 60 48 37
FL 60 49 0
FL 60 50 55
FL 60 51 0
FL 60 52 0
FL 60 57 7
FL 60 58 1
FL 60 61 0
FL 60 62 11
FL 60 67 4
FL 60 75 0
FL 60 77 0
FL 60 81 0
FL 60 88 9
FL 60 91 0
FL 60 96 0
FL 60 98 21
FL 60 101 0
FL 60 108 15
FL 60 115 0
FL 60 119 3
FL 60 123 0
FL 60 129 1
FL 60 130 1
FL 60 131 0
FL 60 139 0
FL 60 142 0
FL 60 143 7
FL 60 145 4
FL 60 146 4
FL 61 5 0
FL 61 12 30
FL 61 13 8
FL 61 16 822
FL 61 17 165
FL 61 20 15
FL 61 35 2
FL 61 36 822
FL 61 38 15
FL 61 51 0
FL 61 57 7
FL 61 58 7
FL 61 60 0
FL 61 62 17
FL 61 67 19
FL 61 70 1
FL 61 76 822
FL 61 81 0
FL 61 82 31
FL 61 87 25
FL 61 91 0
FL 61 96 3
FL 61 101 2
FL 61 106 35
FL 61 108 31
FL 61 115 0
FL 61 129 1
FL 61 139 0
FL 62 1 11
FL 62 2 5
FL 62 5 0
FL 62 14 10
FL 62 16 0
FL 62 18 21
FL 62 20 15
FL 62 36 0
FL 62 38 20
FL 62 48 72
FL 62 49 0
FL 62 52 0
FL 62 60 0
FL 62 61 0
FL 62 67 3
FL 62 75 0
FL 62 77 1
FL 62 81 0
FL 62 95 86
FL 62 96 0
FL 62 101 1
FL 62 121 0
FL 62 123 0
FL 62 139 0
FL 62 142 0
FL 62 143 5
FL 62 144 0
FL 62 146 7
FL 63 3 0
FL 63 5 0
FL 63 8 59
FL 63 10 17
FL 63 24 42
FL 63 25 35
FL 63 31 101
FL 63 34 0
FL 63 39 25
FL 63 44 36
FL 63 45 368
FL 63 53 0
FL 63 54 0
FL 63 56 0
FL 63 65 379
FL 63 66 1
FL 63 83 0
FL 63 90 0
FL 63 94 0
FL 63 100 4
FL 63 104 0
FL 63 111 0
FL 63 112 21
FL 63 114 0
FL 63 118 15
FL 63 122 56
FL 63 126 0
FL 63 135 3
FL 63 140 56
FL 64 6 0
FL 64 8 47
FL 64 9 0
FL 64 11 0
FL 64 15 0
FL 64 26 58
FL 64 29 181
FL 64 43 0
FL 64 44 20
FL 64 53 0
FL 64 54 0
FL 64 72 0
FL 64 80 0
FL 64 89 66
FL 64 98 98
FL 64 99 16
FL 64 104 0
FL 64 111 0
FL 64 120 30
FL 64 130 1
FL 64 139 0
FL 64 143 8
FL 64 148 0
FL 65 3 0
FL 65 6 2
FL 65 10 8
FL 65 29 0
FL 65 31 46
FL 65 34 0
FL 65 63 0
FL 65 68 83
FL 65 73 0
FL 65 112 18
FL 65 114 0
FL 65 125 0
FL 65 135 1
FL 66 3 822
FL 66 7 1
FL 66 17 15
FL 66 27 143
FL 66 39 24
FL 66 40 0
FL 66 41 7
FL 66 56 130
FL 66 58 1
FL 66 63 2
FL 66 70 1
FL 66 83 316
FL 66 90 1
FL 66 91 0
FL 66 97 37
FL 66 100 10
FL 66 110 6
FL 66 112 17
FL 66 114 1
FL 66 116 821
FL 66 118 26
FL 66 122 43
FL 66 126 0
FL 66 127 49
FL 66 128 822
FL 66 129 1
FL 66 133 0
FL 66 140 46
FL 66 141 64
FL 66 150 0
FL 67 1 36
FL 67 5 0
FL 67 12 29
FL 67 13 17
FL 67 20 16
FL 67 35 3
FL 67 38 21
FL 67 51 3
FL 67 52 2
FL 67 57 7
FL 67 60 0
FL 67 61 1
FL 67 62 39
FL 67 70 98
FL 67 81 0
FL 67 82 38
FL 67 83 0
FL 67 91 0
FL 67 98 6
FL 67 101 1
FL 67 111 0
FL 67 115 0
FL 67 129 2
FL 67 139 0
FL 67 143 10
FL 67 146 19
FL 68 9 0
FL 68 24 44
FL 68 29 0
FL 68 34 0
FL 68 65 0
FL 68 94 2
FL 68 114 0
FL 70 13 8
FL 70 15 14
FL 70 17 11
FL 70 20 49
FL 70 23 1
FL 70 40 0
FL 70 41 26
FL 70 51 2
FL 70 56 1
FL 70 58 2
FL 70 61 822
FL 70 66 4
FL 70 67 15
FL 70 82 32
FL 70 83 0
FL 70 91 0
FL 70 97 50
FL 70 108 14
FL 70 110 6
FL 70 111 0
FL 70 115 171
FL 70 119 20
FL 70 122 41
FL 70 126 1
FL 70 129 1
FL 70 139 239
FL 70 140 47
FL 71 2 33
FL 71 9 0
FL 71 11 0
FL 71 12 137
FL 71 20 32
FL 71 26 5
FL 71 32 267
FL 71 48 49
FL 71 50 22
FL 71 77 5
FL 71 80 137
FL 71 85 0
FL 71 88 5
FL 71 99 21
FL 71 107 99
FL 71 120 18
FL 71 130 669
FL 71 145 95
FL 71 147 32
FL 71 148 168
FL 71 149 312
FL 72 6 0
FL 72 8 32
FL 72 9 0
FL 72 11 0
FL 72 15 0
FL 72 25 25
FL 72 26 1
FL 72 43 0
FL 72 44 24
FL 72 45 0
FL 72 50 48
FL 72 53 0
FL 72 54 0
FL 72 64 18
FL 72 80 0
FL 72 85 0
FL 72 88 6
FL 72 89 46
FL 72 96 0
FL 72 99 11
FL 72 104 0
FL 72 109 24
FL 72 113 37
FL 72 120 27
FL 72 130 1
FL 72 139 0
FL 72 143 10
FL 72 147 20
FL 72 148 0
FL 72 149 0
FL 73 5 49
FL 73 11 0
FL 73 135 822
FL 73 139 103
FL 74 16 0
FL 74 28 9
FL 74 36 0
FL 74 41 15
FL 74 46 12
FL 74 49 0
FL 74 87 43
FL 74 95 14
FL 74 106 23
FL 74 117 30
FL 74 121 0
FL 74 144 0
FL 74 150 0
FL 75 1 8
FL 75 2 2
FL 75 12 7
FL 75 14 12
FL 75 18 8
FL 75 24 18
FL 75 26 10
FL 75 35 0
FL 75 38 8
FL 75 48 31
FL 75 49 0
FL 75 51 0
FL 75 52 0
FL 75 60 0
FL 75 62 20
FL 75 67 7
FL 75 77 0
FL 75 80 0
FL 75 88 16
FL 75 96 0
FL 75 98 15
FL 75 101 0
FL 75 109 16
FL 75 115 0
FL 75 123 0
FL 75 131 0
FL 75 146 8
FL 75 147 35
FL 75 149 0
FL 76 28 6
FL 76 56 2
FL 76 61 2
FL 76 83 0
FL 76 117 25
FL 76 121 821
FL 76 129 2
FL 77 1 133
FL 77 2 0
FL 77 5 280
FL 77 6 3
FL 77 11 0
FL 77 13 235
FL 77 14 135
FL 77 18 14
FL 77 20 23
FL 77 24 37
FL 77 25 15
FL 77 26 1
FL 77 35 0
FL 77 38 17
FL 77 48 31
FL 77 49 612
FL 77 50 33
FL 77 51 0
FL 77 52 0
FL 77 57 30
FL 77 60 0
FL 77 62 26
FL 77 64 23
FL 77 67 1
FL 77 71 0
FL 77 75 608
FL 77 80 0
FL 77 85 0
FL 77 88 5
FL 77 96 0
FL 77 98 1
FL 77 99 31
FL 77 101 210
FL 77 108 64
FL 77 109 48
FL 77 113 11
FL 77 115 153
FL 77 119 121
FL 77 120 28
FL 77 130 1
FL 77 131 672
FL 77 139 0
FL 77 143 10
FL 77 145 80
FL 77 146 83
FL 77 147 72
FL 77 148 0
FL 77 149 0
FL 80 2 0
FL 80 5 0
FL 80 6 3
FL 80 9 0
FL 80 11 0
FL 80 14 4
FL 80 15 0
FL 80 18 35
FL 80 25 23
FL 80 26 1
FL 80 35 0
FL 80 38 11
FL 80 43 0
FL 80 44 10
FL 80 48 43
FL 80 50 25
FL 80 51 0
FL 80 64 14
FL 80 67 1
FL 80 71 0
FL 80 72 0
FL 80 75 0
FL 80 77 0
FL 80 85 0
FL 80 96 0
FL 80 98 2
FL 80 99 12
FL 80 109 33
FL 80 113 18
FL 80 115 0
FL 80 120 19
FL 80 130 1
FL 80 139 0
FL 80 143 15
FL 80 146 4
FL 80 147 29
FL 80 148 0
FL 80 149 0
FL 81 1 18
FL 81 5 0
FL 81 12 19
FL 81 13 7
FL 81 14 11
FL 81 20 19
FL 81 35 0
FL 81 38 13
FL 81 48 37
FL 81 49 0
FL 81 51 0
FL 81 52 0
FL 81 57 1
FL 81 60 0
FL 81 61 1
FL 81 62 24
FL 81 67 1
FL 81 88 13
FL 81 96 1
FL 81 98 19
FL 81 101 0
FL 81 108 14
FL 81 115 0
FL 81 123 0
FL 81 129 1
FL 81 131 0
FL 81 139 0
FL 81 142 0
FL 81 145 12
FL 81 146 2
FL 82 5 0
FL 82 16 3
FL 82 17 29
FL 82 38 21
FL 82 40 0
FL 82 58 7
FL 82 61 6
FL 82 106 35
FL 82 111 0
FL 82 118 22
FL 82 122 34
FL 83 3 0
FL 83 15 1
FL 83 17 25
FL 83 23 1
FL 83 34 1
FL 83 39 10
FL 83 40 1
FL 83 43 1
FL 83 46 6
FL 83 53 1
FL 83 56 1
FL 83 63 1
FL 83 66 1
FL 83 67 4
FL 83 70 3
FL 83 76 1
FL 83 90 1
FL 83 100 7
FL 83 111 1
FL 83 114 1
FL 83 118 19
FL 83 122 31
FL 83 125 1
FL 83 126 1
FL 83 128 1
FL 83 129 2
FL 83 140 70
FL 83 146 8
FL 85 2 1
FL 85 6 2
FL 85 9 1
FL 85 11 1
FL 85 15 1
FL 85 26 2
FL 85 43 1
FL 85 44 33
FL 85 45 1
FL 85 50 21
FL 85 53 1
FL 85 54 1
FL 85 71 1
FL 85 72 1
FL 85 77 1
FL 85 80 1
FL 85 88 8
FL 85 89 31
FL 85 98 2
FL 85 99 28
FL 85 104 1
FL 85 111 0
FL 85 120 22
FL 85 130 1
FL 85 139 0
FL 85 143 6
FL 85 145 120
FL 85 148 0
FL 87 7 1
FL 87 13 13
FL 87 16 4
FL 87 17 19
FL 87 28 107
FL 87 46 68
FL 87 49 0
FL 87 56 4
FL 87 61 5
FL 87 95 46
FL 87 106 50
FL 87 117 61
FL 87 121 0
FL 87 127 58
FL 87 133 3
FL 87 141 62
FL 87 142 1
FL 87 150 1
FL 88 12 27
FL 88 18 40
FL 88 72 1
FL 88 96 299
FL 88 99 21
FL 88 148 57
FL 89 72 1
FL 90 3 1
FL 90 6 2
FL 90 15 1
FL 90 31 56
FL 90 34 1
FL 90 39 223
FL 90 53 2
FL 90 54 2
FL 90 63 3
FL 90 66 3
FL 90 83 0
FL 90 94 312
FL 90 97 55
FL 90 100 8
FL 90 112 10
FL 90 114 1
FL 90 118 37
FL 90 125 822
FL 90 126 1
FL 90 133 449
FL 91 5 78
FL 91 13 12
FL 91 15 2
FL 91 17 15
FL 91 20 10
FL 91 23 1
FL 91 35 1
FL 91 38 14
FL 91 39 27
FL 91 40 1
FL 91 41 9
FL 91 51 1
FL 91 53 1
FL 91 56 1
FL 91 57 4
FL 91 58 7
FL 91 60 1
FL 91 61 3
FL 91 66 1
FL 91 67 2
FL 91 70 4
FL 91 76 1
FL 91 82 33
FL 91 97 30
FL 91 108 16
FL 91 111 1
FL 91 112 24
FL 91 115 1
FL 91 118 24
FL 91 119 3
FL 91 126 1
FL 91 129 7
FL 91 133 1
FL 91 139 1
FL 91 142 1
FL 91 146 19
FL 91 150 1
FL 94 6 2
FL 94 8 48
FL 94 10 6
FL 94 24 22
FL 94 29 1
FL 94 31 62
FL 94 34 1
FL 94 43 1
FL 94 45 1
FL 94 53 1
FL 94 54 1
FL 94 63 1
FL 94 68 76
FL 94 73 1
FL 94 89 58
FL 94 90 1
FL 94 104 1
FL 94 112 19
FL 94 114 1
FL 94 134 1
FL 94 135 3
FL 95 7 2
FL 95 16 1
FL 95 17 11
FL 95 28 111
FL 95 36 1
FL 95 41 144
FL 95 46 76
FL 95 49 1
FL 95 56 1
FL 95 62 22
FL 95 74 1
FL 95 76 1
FL 95 87 26
FL 95 106 20
FL 95 110 9
FL 95 118 12
FL 95 119 4
FL 95 121 1
FL 95 127 100
FL 95 141 70
FL 95 142 1
FL 95 144 1
FL 95 150 1
FL 96 1 52
FL 96 2 4
FL 96 5 0
FL 96 12 19
FL 96 14 12
FL 96 15 3
FL 96 20 15
FL 96 26 13
FL 96 35 0
FL 96 38 7
FL 96 44 32
FL 96 48 32
FL 96 49 0
FL 96 51 0
FL 96 57 15
FL 96 60 0
FL 96 61 2
FL 96 62 16
FL 96 72 0
FL 96 80 0
FL 96 81 822
FL 96 88 64
FL 96 101 296
FL 96 104 0
FL 96 108 26
FL 96 115 0
FL 96 119 17
FL 96 120 32
FL 96 129 1
FL 96 131 0
FL 96 142 0
FL 96 146 10
FL 96 148 0
FL 97 15 2
FL 97 114 0
FL 98 5 31
FL 98 6 9
FL 98 11 0
FL 98 26 1
FL 98 43 0
FL 98 44 25
FL 98 50 47
FL 98 51 146
FL 98 64 29
FL 98 67 113
FL 98 99 17
FL 98 113 29
FL 98 139 0
FL 98 143 7
FL 99 2 0
FL 99 6 3
FL 99 9 0
FL 99 11 0
FL 99 18 23
FL 99 26 1
FL 99 35 142
FL 99 38 20
FL 99 43 0
FL 99 50 57
FL 99 54 0
FL 99 64 10
FL 99 71 0
FL 99 72 0
FL 99 77 0
FL 99 80 0
FL 99 88 9
FL 99 98 13
FL 99 107 94
FL 99 109 24
FL 99 113 59
FL 99 120 28
FL 99 130 5
FL 99 143 8
FL 99 145 51
FL 99 147 52
FL 99 149 0
FL 100 7 1
FL 100 39 11
FL 100 40 0
FL 100 53 0
FL 100 56 0
FL 100 58 1
FL 100 63 0
FL 100 66 0
FL 100 82 20
FL 100 83 0
FL 100 90 0
FL 100 97 35
FL 100 111 0
FL 100 116 0
FL 100 118 19
FL 100 122 83
FL 100 126 0
FL 100 127 45
FL 100 129 3
FL 100 133 0
FL 100 140 25
FL 100 141 30
FL 101 1 16
FL 101 2 19
FL 101 5 0
FL 101 12 16
FL 101 14 87
FL 101 16 0
FL 101 18 23
FL 101 20 27
FL 101 36 0
FL 101 57 1
FL 101 60 0
FL 101 61 2
FL 101 62 30
FL 101 67 4
FL 101 77 0
FL 101 81 0
FL 101 96 153
FL 101 106 29
FL 101 117 27
FL 101 123 821
FL 101 131 0
FL 101 139 0
FL 101 142 0
FL 104 5 0
FL 104 6 2
FL 104 8 62
FL 104 11 0
FL 104 15 0
FL 104 24 35
FL 104 25 70
FL 104 31 65
FL 104 35 0
FL 104 38 17
FL 104 43 0
FL 104 44 18
FL 104 45 0
FL 104 53 0
FL 104 54 0
FL 104 63 0
FL 104 64 34
FL 104 72 0
FL 104 73 0
FL 104 85 0
FL 104 89 50
FL 104 94 0
FL 104 96 0
FL 104 98 17
FL 104 112 22
FL 104 113 39
FL 104 114 0
FL 104 135 1
FL 104 139 0
FL 106 1 35
FL 106 17 30
FL 106 61 13
FL 106 74 0
FL 106 82 20
FL 106 97 30
FL 106 129 8
FL 106 150 0
FL 107 2 1
FL 107 26 8
FL 108 1 34
FL 108 2 6
FL 108 5 0
FL 108 35 0
FL 108 38 23
FL 108 56 181
FL 108 58 1
FL 108 61 1
FL 108 70 28
FL 108 77 8
FL 108 91 0
FL 108 96 5
FL 108 111 0
FL 109 18 17
FL 109 72 0
FL 109 99 26
FL 109 120 17
FL 109 145 140
FL 109 148 0
FL 110 13 30
FL 110 17 33
FL 110 39 37
FL 110 40 375
FL 110 118 36
FL 110 122 49
FL 110 140 83
FL 111 5 0
FL 111 6 1
FL 111 8 40
FL 111 11 0
FL 111 13 7
FL 111 15 1
FL 111 17 26
FL 111 23 822
FL 111 24 32
FL 111 25 24
FL 111 35 0
FL 111 38 12
FL 111 39 14
FL 111 40 470
FL 111 43 0
FL 111 45 0
FL 111 46 77
FL 111 51 0
FL 111 53 0
FL 111 56 0
FL 111 57 134
FL 111 58 1
FL 111 63 0
FL 111 64 30
FL 111 67 1
FL 111 70 0
FL 111 82 27
FL 111 83 0
FL 111 85 0
FL 111 91 0
FL 111 97 48
FL 111 100 150
FL 111 108 220
FL 111 113 26
FL 111 115 0
FL 111 118 19
FL 111 122 35
FL 111 129 2
FL 111 130 1
FL 111 139 0
FL 111 140 52
FL 111 143 7
FL 111 146 1
FL 111 148 94
FL 111 150 0
FL 112 3 1
FL 112 10 110
FL 112 24 98
FL 112 34 1
FL 112 40 4
FL 112 45 72
FL 112 58 56
FL 112 63 6
FL 112 65 1
FL 112 90 6
FL 112 91 1
FL 112 104 157
FL 112 114 0
FL 112 118 27
FL 112 126 3
FL 113 6 1
FL 113 8 72
FL 113 9 0
FL 113 15 0
FL 113 26 4
FL 113 29 0
FL 113 43 0
FL 113 44 11
FL 113 53 0
FL 113 72 0
FL 113 77 0
FL 113 80 0
FL 113 98 9
FL 113 99 15
FL 113 104 0
FL 113 111 2
FL 113 120 22
FL 113 130 4
FL 113 139 0
FL 113 143 7
FL 113 148 0
FL 114 3 0
FL 114 5 0
FL 114 6 1
FL 114 8 22
FL 114 11 0
FL 114 15 0
FL 114 24 41
FL 114 34 0
FL 114 45 0
FL 114 53 0
FL 114 54 0
FL 114 63 0
FL 114 65 354
FL 114 66 822
FL 114 68 85
FL 114 73 0
FL 114 83 263
FL 114 90 0
FL 114 94 0
FL 114 97 13
FL 114 104 0
FL 114 112 17
FL 114 118 127
FL 114 126 377
FL 114 135 1
FL 115 1 16
FL 115 2 1
FL 115 5 0
FL 115 13 9
FL 115 14 5
FL 115 15 9
FL 115 18 19
FL 115 20 16
FL 115 25 34
FL 115 35 0
FL 115 38 11
FL 115 43 0
FL 115 49 0
FL 115 50 26
FL 115 51 0
FL 115 56 0
FL 115 57 1
FL 115 58 7
FL 115 60 0
FL 115 61 2
FL 115 62 9
FL 115 67 1
FL 115 70 8
FL 115 75 0
FL 115 77 187
FL 115 80 0
FL 115 81 0
FL 115 82 44
FL 115 91 0
FL 115 96 0
FL 115 101 0
FL 115 108 12
FL 115 111 0
FL 115 119 5
FL 115 129 1
FL 115 130 3
FL 115 131 0
FL 115 139 0
FL 115 142 0
FL 115 143 8
FL 115 146 6
FL 115 149 0
FL 116 3 0
FL 116 27 231
FL 116 39 17
FL 116 40 0
FL 116 66 0
FL 116 100 3
FL 116 110 6
FL 116 118 24
FL 116 127 57
FL 116 128 0
FL 116 133 0
FL 116 141 52
FL 116 150 0
FL 117 1 58
FL 117 17 46
FL 117 18 56
FL 117 46 72
FL 117 57 11
FL 117 74 0
FL 117 87 36
FL 117 101 5
FL 117 121 0
FL 117 142 0
FL 117 150 1
FL 118 82 19
FL 118 95 70
FL 118 110 21
FL 118 112 97
FL 118 114 0
FL 119 2 42
FL 119 12 38
FL 119 16 1
FL 119 18 16
FL 119 36 0
FL 119 49 0
FL 119 56 41
FL 119 58 2
FL 119 70 115
FL 119 77 9
FL 119 91 0
FL 119 95 35
FL 119 96 88
FL 119 106 37
FL 119 142 0
FL 120 18 16
FL 120 35 0
FL 120 38 10
FL 120 44 25
FL 120 54 0
FL 120 64 37
FL 120 71 0
FL 120 107 126
FL 120 109 38
FL 120 147 32
FL 121 13 10
FL 121 16 0
FL 121 18 34
FL 121 28 5
FL 121 36 0
FL 121 41 3
FL 121 46 2
FL 121 49 0
FL 121 57 4
FL 121 62 18
FL 121 74 0
FL 121 76 0
FL 121 87 12
FL 121 95 2
FL 121 101 0
FL 121 106 35
FL 121 117 31
FL 121 142 672
FL 121 144 0
FL 121 150 0
FL 122 82 24
FL 122 110 26
FL 123 12 20
FL 123 14 6
FL 123 18 19
FL 123 20 41
FL 123 48 31
FL 123 49 0
FL 123 52 0
FL 123 60 0
FL 123 62 33
FL 123 75 0
FL 123 81 0
FL 123 88 10
FL 123 101 1
FL 123 109 49
FL 123 145 14
FL 123 147 36
FL 125 3 0
FL 125 17 9
FL 125 34 1
FL 125 65 0
FL 125 83 0
FL 125 90 3
FL 125 128 0
FL 126 23 0
FL 126 39 21
FL 126 40 0
FL 126 53 0
FL 126 56 0
FL 126 58 3
FL 126 63 1
FL 126 66 0
FL 126 70 3
FL 126 83 0
FL 126 90 0
FL 126 91 0
FL 126 97 87
FL 126 100 2
FL 126 112 16
FL 126 114 0
FL 126 118 38
FL 126 122 53
FL 126 129 75
FL 126 133 0
FL 126 140 33
FL 127 7 6
FL 127 53 0
FL 127 87 51
FL 127 118 44
FL 128 3 0
FL 128 31 121
FL 128 34 822
FL 128 40 0
FL 128 41 2
FL 128 58 1
FL 128 66 0
FL 128 83 0
FL 128 116 0
FL 128 125 0
FL 129 5 0
FL 129 13 17
FL 129 15 2
FL 129 17 33
FL 129 20 12
FL 129 23 3
FL 129 35 6
FL 129 38 30
FL 129 39 33
FL 129 40 4
FL 129 51 4
FL 129 57 12
FL 129 58 10
FL 129 61 16
FL 129 66 5
FL 129 67 21
FL 129 70 11
FL 129 76 5
FL 129 81 2
FL 129 82 40
FL 129 83 0
FL 129 91 3
FL 129 96 7
FL 129 97 43
FL 129 100 20
FL 129 106 31
FL 129 115 0
FL 129 118 43
FL 129 122 26
FL 129 126 108
FL 129 133 3
FL 129 139 66
FL 129 142 158
FL 129 146 3
FL 130 5 42
FL 130 6 1
FL 130 9 412
FL 130 11 0
FL 130 13 98
FL 130 15 0
FL 130 18 21
FL 130 20 16
FL 130 25 48
FL 130 26 14
FL 130 35 221
FL 130 38 21
FL 130 44 17
FL 130 51 355
FL 130 53 2
FL 130 57 12
FL 130 60 663
FL 130 64 23
FL 130 71 25
FL 130 72 251
FL 130 80 178
FL 130 99 21
FL 130 111 0
FL 130 113 13
FL 130 115 149
FL 130 143 14
FL 130 146 95
FL 131 1 9
FL 131 2 4
FL 131 5 0
FL 131 12 23
FL 131 13 7
FL 131 14 6
FL 131 18 13
FL 131 20 17
FL 131 35 0
FL 131 38 18
FL 131 48 61
FL 131 49 0
FL 131 51 0
FL 131 52 0
FL 131 57 1
FL 131 60 0
FL 131 61 1
FL 131 62 17
FL 131 67 1
FL 131 75 0
FL 131 77 0
FL 131 81 0
FL 131 82 21
FL 131 96 0
FL 131 101 0
FL 131 108 20
FL 131 109 51
FL 131 115 0
FL 131 119 1
FL 131 129 5
FL 131 139 0
FL 131 142 0
FL 131 146 3
FL 131 149 0
FL 133 7 2
FL 133 23 0
FL 133 36 0
FL 133 39 13
FL 133 40 0
FL 133 46 3
FL 133 53 0
FL 133 56 0
FL 133 66 1
FL 133 82 36
FL 133 87 18
FL 133 90 1
FL 133 91 0
FL 133 97 32
FL 133 100 5
FL 133 110 4
FL 133 116 1
FL 133 118 26
FL 133 122 38
FL 133 126 0
FL 133 127 38
FL 133 129 3
FL 133 140 57
FL 133 141 91
FL 134 8 31
FL 134 10 174
FL 134 11 0
FL 134 31 76
FL 134 34 0
FL 134 45 0
FL 134 68 64
FL 134 73 0
FL 134 89 21
FL 134 94 0
FL 134 135 1
FL 135 5 1
FL 135 6 1
FL 135 8 68
FL 135 10 10
FL 135 24 39
FL 135 29 0
FL 135 31 96
FL 135 34 0
FL 135 45 0
FL 135 53 0
FL 135 54 0
FL 135 63 0
FL 135 65 0
FL 135 68 80
FL 135 73 0
FL 135 89 90
FL 135 94 0
FL 135 104 0
FL 135 112 9
FL 135 114 0
FL 135 134 0
FL 135 139 0
FL 139 1 23
FL 139 2 0
FL 139 5 0
FL 139 6 1
FL 139 11 0
FL 139 12 15
FL 139 13 18
FL 139 15 1
FL 139 20 15
FL 139 24 83
FL 139 25 13
FL 139 26 11
FL 139 35 0
FL 139 38 13
FL 139 43 0
FL 139 44 27
FL 139 45 0
FL 139 49 0
FL 139 50 49
FL 139 51 0
FL 139 52 0
FL 139 53 0
FL 139 54 0
FL 139 57 1
FL 139 58 1
FL 139 60 0
FL 139 61 0
FL 139 62 17
FL 139 64 17
FL 139 67 1
FL 139 70 20
FL 139 72 0
FL 139 73 0
FL 139 77 0
FL 139 80 0
FL 139 81 0
FL 139 85 0
FL 139 89 44
FL 139 91 0
FL 139 96 0
FL 139 98 18
FL 139 101 0
FL 139 104 0
FL 139 108 10
FL 139 111 0
FL 139 113 41
FL 139 115 0
FL 139 119 1
FL 139 120 40
FL 139 129 122
FL 139 130 1
FL 139 131 0
FL 139 135 1
FL 139 142 0
FL 139 143 7
FL 139 146 4
FL 139 148 0
FL 139 149 0
FL 140 110 61
FL 141 23 1
FL 142 1 15
FL 142 5 0
FL 142 12 17
FL 142 13 15
FL 142 16 0
FL 142 18 12
FL 142 20 18
FL 142 28 4
FL 142 35 0
FL 142 36 0
FL 142 38 22
FL 142 43 0
FL 142 49 0
FL 142 51 0
FL 142 57 1
FL 142 58 1
FL 142 60 0
FL 142 61 1
FL 142 62 11
FL 142 67 1
FL 142 81 0
FL 142 87 25
FL 142 91 0
FL 142 95 4
FL 142 96 1
FL 142 101 0
FL 142 106 28
FL 142 108 20
FL 142 115 0
FL 142 117 58
FL 142 119 3
FL 142 121 0
FL 142 129 5
FL 142 131 0
FL 142 139 0
FL 142 146 5
FL 143 2 0
FL 143 5 24
FL 143 6 1
FL 143 9 10
FL 143 11 0
FL 143 13 17
FL 143 15 1
FL 143 25 31
FL 143 26 10
FL 143 35 0
FL 143 38 15
FL 143 44 35
FL 143 51 0
FL 143 53 392
FL 143 57 3
FL 143 60 0
FL 143 62 9
FL 143 64 14
FL 143 67 2
FL 143 72 0
FL 143 80 0
FL 143 85 0
FL 143 98 18
FL 143 99 19
FL 143 111 0
FL 143 113 33
FL 143 115 0
FL 143 120 33
FL 143 130 2
FL 143 148 0
FL 144 13 7
FL 144 16 0
FL 144 17 9
FL 144 28 3
FL 144 36 0
FL 144 41 2
FL 144 46 4
FL 144 49 0
FL 144 56 0
FL 144 62 26
FL 144 74 0
FL 144 87 44
FL 144 95 2
FL 144 106 25
FL 144 117 33
FL 144 119 3
FL 144 121 0
FL 144 127 48
FL 144 150 0
FL 145 2 0
FL 145 12 28
FL 145 14 8
FL 145 20 16
FL 145 32 202
FL 145 48 27
FL 145 50 63
FL 145 52 0
FL 145 60 0
FL 145 71 0
FL 145 77 0
FL 145 81 0
FL 145 85 0
FL 145 88 17
FL 145 99 27
FL 145 107 138
FL 145 109 34
FL 145 123 0
FL 145 147 51
FL 146 2 4
FL 146 20 30
FL 146 39 22
FL 146 48 26
FL 146 51 0
FL 146 52 0
FL 146 56 101
FL 146 62 38
FL 146 67 8
FL 146 75 0
FL 146 77 2
FL 146 82 23
FL 146 83 0
FL 146 91 260
FL 146 96 10
FL 146 111 0
FL 146 115 0
FL 146 129 4
FL 146 130 3
FL 146 139 0
FL 146 149 0
FL 147 2 4
FL 147 14 51
FL 147 52 2
FL 147 72 0
FL 147 80 0
FL 147 99 32
FL 147 120 27
FL 147 148 2
FL 148 2 0
FL 148 5 0
FL 148 6 1
FL 148 9 0
FL 148 11 0
FL 148 14 5
FL 148 18 30
FL 148 25 22
FL 148 26 15
FL 148 35 0
FL 148 38 18
FL 148 43 0
FL 148 44 24
FL 148 48 25
FL 148 50 24
FL 148 52 0
FL 148 54 0
FL 148 64 50
FL 148 71 0
FL 148 72 0
FL 148 77 0
FL 148 80 0
FL 148 85 0
FL 148 88 323
FL 148 96 0
FL 148 98 18
FL 148 99 15
FL 148 109 63
FL 148 111 0
FL 148 113 49
FL 148 120 42
FL 148 130 1
FL 148 139 0
FL 148 143 5
FL 148 147 48
FL 148 149 0
FL 149 2 0
FL 149 5 0
FL 149 6 16
FL 149 9 0
FL 149 11 0
FL 149 14 7
FL 149 15 1
FL 149 18 21
FL 149 26 12
FL 149 35 0
FL 149 38 10
FL 149 43 0
FL 149 44 27
FL 149 48 33
FL 149 50 40
FL 149 51 0
FL 149 67 1
FL 149 71 40
FL 149 72 0
FL 149 75 0
FL 149 77 0
FL 149 80 0
FL 149 96 0
FL 149 98 20
FL 149 99 20
FL 149 115 0
FL 149 120 37
FL 149 130 1
FL 149 131 0
FL 149 139 0
FL 149 143 11
FL 149 146 2
FL 149 148 0
FL 150 16 0
FL 150 17 14
FL 150 23 0
FL 150 28 4
FL 150 36 0
FL 150 40 0
FL 150 41 3
FL 150 46 3
FL 150 53 0
FL 150 56 0
FL 150 58 5
FL 150 66 0
FL 150 70 3
FL 150 74 740
FL 150 76 0
FL 150 87 30
FL 150 91 0
FL 150 95 4
FL 150 106 39
FL 150 110 6
FL 150 111 0
FL 150 116 0
FL 150 117 14
FL 150 121 0
FL 150 144 0
FU 0 74 18
FU 0 149 2
FU 0 28 270
FU 0 72 3
FU 0 95 322
FU 0 23 12
FU 0 29 3
FU 0 121 4
FU 0 60 5
FU 0 83 13
FU 0 135 11
FU 0 116 4
FU 0 94 15
FU 0 104 2
FU 0 145 313
FU 0 150 2
FU 0 71 3
FU 0 128 2
FU 0 77 8
FU 0 114 2
FU 0 139 2
FU 0 41 310
FU 0 144 2
FU 0 52 20
FU 0 10 282
FU 0 34 4
FU 0 43 2
FU 0 80 2
FU 0 85 2
FU 0 51 18
FU 0 49 21
FU 0 91 12
FU 0 111 2
FU 0 65 15
FU 0 81 9
FU 0 142 18
FU 0 9 18
FU 0 100 291
FU 0 126 13
FU 0 54 2
FU 0 63 20
FU 0 131 4
FU 0 5 12
FU 0 7 3
FU 0 3 4
FU 0 115 6
FU 0 148 4
FU 0 46 286
FU 0 66 2
FU 0 134 2
FU 0 35 25
FU 0 125 4
FU 0 56 34
FU 0 36 17
FU 0 133 15
FU 0 45 23
FU 0 40 21
FU 0 53 3
FU 0 90 9
FU 0 75 3
FU 0 123 3
FU 0 1 218
FU 0 2 13
FU 0 4 823
FU 0 6 7
FU 0 8 82
FU 0 12 250
FU 0 13 147
FU 0 14 187
FU 0 15 21
FU 0 16 13
FU 0 17 281
FU 0 18 236
FU 0 19 823
FU 0 20 222
FU 0 21 823
FU 0 22 823
FU 0 24 34
FU 0 25 40
FU 0 26 27
FU 0 27 235
FU 0 30 823
FU 0 31 61
FU 0 32 237
FU 0 33 823
FU 0 37 823
FU 0 38 190
FU 0 39 284
FU 0 42 823
FU 0 44 32
FU 0 47 823
FU 0 48 128
FU 0 50 40
FU 0 55 823
FU 0 57 68
FU 0 58 45
FU 0 59 823
FU 0 61 3
FU 0 62 228
FU 0 64 31
FU 0 67 108
FU 0 68 141
FU 0 69 823
FU 0 70 33
FU 0 73 3
FU 0 76 7
FU 0 78 823
FU 0 79 823
FU 0 82 208
FU 0 84 823
FU 0 86 823
FU 0 87 320
FU 0 88 207
FU 0 89 47
FU 0 92 823
FU 0 93 823
FU 0 96 18
FU 0 97 41
FU 0 98 17
FU 0 99 39
FU 0 101 8
FU 0 102 823
FU 0 103 823
FU 0 105 823
FU 0 106 211
FU 0 107 116
FU 0 108 227
FU 0 109 222
FU 0 110 230
FU 0 112 101
FU 0 113 48
FU 0 117 291
FU 0 118 184
FU 0 119 51
FU 0 120 50
FU 0 122 108
FU 0 124 823
FU 0 127 176
FU 0 129 94
FU 0 130 4
FU 0 132 823
FU 0 136 823
FU 0 137 823
FU 0 138 823
FU 0 140 153
FU 0 141 67
FU 0 143 19
FU 0 146 181
FU 0 147 195
FU 1 5 0
FU 1 13 7
FU 1 16 0
FU 1 18 13
FU 1 20 30
FU 1 46 50
FU 1 49 0
FU 1 51 0
FU 1 52 0
FU 1 57 1
FU 1 60 0
FU 1 62 18
FU 1 67 83
FU 1 77 27
FU 1 81 0
FU 1 96 87
FU 1 101 0
FU 1 106 15
FU 1 108 27
FU 1 117 22
FU 1 139 0
FU 1 142 0
FU 2 5 98
FU 2 6 7
FU 2 9 3
FU 2 13 43
FU 2 15 18
FU 2 20 66
FU 2 25 44
FU 2 26 22
FU 2 44 16
FU 2 48 45
FU 2 49 216
FU 2 50 27
FU 2 54 0
FU 2 60 11
FU 2 62 63
FU 2 71 34
FU 2 75 221
FU 2 77 8
FU 2 80 0
FU 2 96 15
FU 2 99 25
FU 2 101 123
FU 2 107 49
FU 2 108 43
FU 2 109 53
FU 2 115 42
FU 2 119 33
FU 2 131 148
FU 2 146 38
FU 2 147 81
FU 3 15 1
FU 3 34 0
FU 3 40 0
FU 3 58 0
FU 3 63 1
FU 3 65 0
FU 3 66 0
FU 3 83 0
FU 3 90 0
FU 3 112 2
FU 3 114 0
FU 3 116 0
FU 3 125 0
FU 3 128 0
FU 5 1 7
FU 5 2 39
FU 5 12 21
FU 5 13 14
FU 5 14 74
FU 5 18 7
FU 5 20 4
FU 5 24 26
FU 5 35 0
FU 5 38 13
FU 5 43 0
FU 5 49 0
FU 5 50 35
FU 5 51 0
FU 5 52 189
FU 5 57 5
FU 5 58 123
FU 5 60 0
FU 5 61 0
FU 5 62 25
FU 5 63 0
FU 5 67 2
FU 5 73 0
FU 5 77 27
FU 5 80 0
FU 5 81 0
FU 5 82 16
FU 5 91 282
FU 5 96 0
FU 5 98 24
FU 5 101 0
FU 5 104 0
FU 5 108 10
FU 5 111 0
FU 5 114 0
FU 5 115 0
FU 5 119 1
FU 5 129 1
FU 5 130 2
FU 5 131 0
FU 5 135 0
FU 5 139 0
FU 5 142 0
FU 5 143 9
FU 5 146 4
FU 5 148 0
FU 5 149 0
FU 6 2 7
FU 6 9 78
FU 6 11 0
FU 6 15 4
FU 6 25 21
FU 6 26 33
FU 6 29 0
FU 6 44 12
FU 6 45 0
FU 6 50 38
FU 6 53 0
FU 6 54 0
FU 6 64 24
FU 6 65 94
FU 6 72 0
FU 6 77 132
FU 6 80 77
FU 6 85 0
FU 6 89 39
FU 6 90 0
FU 6 94 105
FU 6 98 61
FU 6 99 24
FU 6 104 0
FU 6 111 0
FU 6 113 29
FU 6 114 0
FU 6 120 41
FU 6 130 10
FU 6 135 0
FU 6 139 0
FU 6 143 10
FU 6 148 37
FU 6 149 128
FU 7 23 0
FU 7 27 228
FU 7 36 0
FU 7 46 9
FU 7 53 0
FU 7 66 0
FU 7 76 0
FU 7 87 28
FU 7 95 9
FU 7 97 59
FU 7 100 18
FU 7 110 6
FU 7 118 16
FU 7 127 52
FU 7 133 0
FU 7 141 47
FU 8 15 0
FU 8 113 40
FU 9 2 15
FU 9 6 10
FU 9 11 0
FU 9 25 60
FU 9 26 26
FU 9 29 268
FU 9 35 196
FU 9 38 79
FU 9 43 378
FU 9 44 22
FU 9 45 0
FU 9 50 29
FU 9 53 1
FU 9 54 0
FU 9 64 24
FU 9 68 73
FU 9 71 0
FU 9 72 214
FU 9 80 129
FU 9 85 400
FU 9 89 38
FU 9 99 31
FU 9 107 130
FU 9 113 21
FU 9 120 45
FU 9 130 0
FU 9 143 405
FU 9 148 70
FU 9 149 0
FU 10 8 45
FU 10 29 0
FU 10 63 0
FU 10 65 0
FU 10 68 74
FU 10 73 0
FU 10 89 77
FU 10 94 0
FU 10 112 59
FU 10 134 0
FU 10 135 0
FU 11 2 123
FU 11 6 170
FU 11 9 231
FU 11 15 644
FU 11 24 57
FU 11 25 191
FU 11 26 156
FU 11 29 390
FU 11 43 443
FU 11 44 318
FU 11 45 415
FU 11 50 38
FU 11 53 446
FU 11 54 820
FU 11 64 323
FU 11 71 670
FU 11 72 375
FU 11 73 820
FU 11 77 266
FU 11 80 316
FU 11 85 421
FU 11 89 44
FU 11 98 26
FU 11 99 305
FU 11 104 675
FU 11 111 820
FU 11 113 179
FU 11 114 821
FU 11 120 151
FU 11 130 36
FU 11 134 821
FU 11 139 362
FU 11 143 113
FU 11 148 377
FU 11 149 404
FU 11 0 823
FU 12 5 0
FU 12 13 6
FU 12 14 12
FU 12 20 9
FU 12 38 14
FU 12 48 34
FU 12 51 0
FU 12 52 0
FU 12 57 2
FU 12 60 0
FU 12 61 0
FU 12 67 39
FU 12 71 0
FU 12 81 0
FU 12 88 19
FU 12 96 112
FU 12 101 1
FU 12 119 20
FU 12 123 0
FU 12 131 0
FU 12 139 0
FU 13 1 23
FU 13 2 67
FU 13 5 0
FU 13 12 18
FU 13 15 2
FU 13 16 0
FU 13 18 38
FU 13 20 6
FU 13 35 0
FU 13 36 0
FU 13 38 20
FU 13 49 0
FU 13 52 269
FU 13 56 0
FU 13 57 1
FU 13 58 1
FU 13 60 0
FU 13 61 0
FU 13 67 53
FU 13 70 0
FU 13 77 14
FU 13 81 0
FU 13 87 9
FU 13 91 0
FU 13 106 21
FU 13 110 10
FU 13 111 0
FU 13 115 0
FU 13 121 0
FU 13 129 1
FU 13 130 1
FU 13 139 0
FU 13 142 0
FU 13 143 14
FU 14 5 116
FU 14 12 24
FU 14 18 12
FU 14 20 28
FU 14 35 0
FU 14 38 17
FU 14 48 41
FU 14 49 0
FU 14 52 0
FU 14 60 0
FU 14 62 24
FU 14 75 0
FU 14 77 15
FU 14 81 0
FU 14 96 11
FU 14 101 154
FU 14 109 49
FU 14 123 0
FU 14 131 0
FU 14 147 57
FU 15 2 69
FU 15 6 0
FU 15 8 31
FU 15 11 0
FU 15 13 5
FU 15 17 6
FU 15 25 18
FU 15 34 0
FU 15 35 0
FU 15 38 26
FU 15 43 0
FU 15 44 17
FU 15 45 0
FU 15 51 0
FU 15 53 0
FU 15 56 257
FU 15 58 1
FU 15 64 13
FU 15 70 566
FU 15 72 0
FU 15 80 0
FU 15 83 0
FU 15 85 0
FU 15 90 0
FU 15 91 0
FU 15 96 0
FU 15 97 36
FU 15 104 0
FU 15 111 0
FU 15 113 16
FU 15 114 0
FU 15 115 324
FU 15 129 0
FU 15 130 1
FU 15 139 0
FU 15 143 12
FU 15 149 0
FU 16 1 27
FU 16 13 16
FU 16 17 8
FU 16 18 14
FU 16 36 0
FU 16 46 6
FU 16 49 0
FU 16 57 1
FU 16 61 0
FU 16 62 14
FU 16 74 0
FU 16 82 21
FU 16 87 25
FU 16 95 10
FU 16 101 1
FU 16 106 24
FU 16 117 29
FU 16 119 43
FU 16 121 0
FU 16 142 0
FU 16 144 0
FU 16 150 821
FU 17 15 1
FU 17 16 0
FU 17 23 0
FU 17 36 0
FU 17 39 25
FU 17 40 0
FU 17 46 66
FU 17 56 0
FU 17 58 0
FU 17 61 0
FU 17 66 0
FU 17 70 1
FU 17 82 38
FU 17 83 0
FU 17 87 48
FU 17 91 0
FU 17 95 40
FU 17 106 34
FU 17 110 157
FU 17 111 0
FU 17 117 53
FU 17 125 0
FU 17 129 9
FU 17 144 0
FU 17 150 0
FU 18 1 31
FU 18 13 8
FU 18 16 0
FU 18 35 0
FU 18 38 11
FU 18 57 5
FU 18 88 38
FU 18 99 20
FU 18 101 3
FU 18 106 25
FU 18 109 51
FU 18 117 22
FU 18 119 21
FU 18 120 33
FU 18 123 0
FU 18 142 0
FU 18 148 0
FU 20 1 15
FU 20 5 0
FU 20 12 24
FU 20 13 25
FU 20 14 12
FU 20 35 0
FU 20 38 49
FU 20 52 0
FU 20 57 1
FU 20 58 2
FU 20 60 0
FU 20 61 0
FU 20 62 19
FU 20 67 0
FU 20 70 0
FU 20 71 0
FU 20 77 0
FU 20 81 0
FU 20 91 0
FU 20 96 0
FU 20 101 9
FU 20 115 0
FU 20 129 39
FU 20 130 6
FU 20 139 0
FU 20 142 0
FU 20 146 7
FU 23 7 0
FU 23 16 0
FU 23 17 7
FU 23 36 0
FU 23 39 23
FU 23 40 0
FU 23 41 6
FU 23 46 8
FU 23 56 0
FU 23 58 1
FU 23 70 0
FU 23 76 0
FU 23 82 22
FU 23 83 0
FU 23 87 18
FU 23 91 0
FU 23 106 10
FU 23 110 28
FU 23 111 0
FU 23 118 16
FU 23 122 33
FU 23 126 0
FU 23 127 40
FU 23 129 0
FU 23 133 0
FU 23 140 35
FU 23 141 65
FU 23 150 0
FU 24 5 0
FU 24 31 63
FU 24 35 0
FU 24 63 0
FU 24 111 0
FU 25 6 1
FU 25 8 30
FU 25 9 0
FU 25 11 0
FU 25 15 28
FU 25 26 27
FU 25 44 8
FU 25 45 0
FU 25 50 60
FU 25 53 0
FU 25 72 0
FU 25 89 49
FU 25 104 0
FU 25 111 0
FU 25 130 4
FU 25 143 9
FU 26 2 0
FU 26 6 37
FU 26 9 0
FU 26 11 0
FU 26 14 5
FU 26 18 13
FU 26 20 11
FU 26 25 36
FU 26 32 143
FU 26 44 16
FU 26 48 33
FU 26 50 20
FU 26 52 0
FU 26 64 9
FU 26 71 52
FU 26 72 0
FU 26 77 0
FU 26 96 0
FU 26 98 1
FU 26 99 23
FU 26 107 72
FU 26 109 24
FU 26 113 42
FU 26 130 1
FU 26 139 64
FU 26 143 13
FU 26 147 43
FU 26 148 0
FU 27 116 0
FU 28 16 0
FU 28 36 0
FU 28 41 119
FU 28 46 69
FU 28 56 0
FU 28 74 0
FU 28 76 0
FU 28 87 13
FU 28 95 46
FU 28 106 25
FU 28 110 2
FU 28 117 11
FU 28 121 0
FU 28 142 0
FU 28 144 0
FU 28 150 0
FU 29 6 0
FU 29 9 0
FU 29 10 215
FU 29 11 0
FU 29 64 16
FU 29 65 0
FU 29 68 115
FU 29 73 0
FU 29 94 0
FU 29 113 15
FU 29 135 0
FU 31 104 0
FU 32 26 33
FU 32 71 0
FU 32 107 25
FU 32 147 41
FU 34 3 0
FU 34 6 2
FU 34 15 8
FU 34 31 106
FU 34 63 0
FU 34 65 0
FU 34 68 57
FU 34 73 0
FU 34 83 0
FU 34 90 0
FU 34 94 0
FU 34 112 42
FU 34 114 0
FU 34 125 0
FU 34 128 0
FU 34 134 0
FU 34 135 0
FU 35 1 11
FU 35 2 3
FU 35 5 0
FU 35 9 0
FU 35 12 11
FU 35 13 4
FU 35 14 7
FU 35 15 23
FU 35 18 16
FU 35 20 10
FU 35 24 76
FU 35 38 10
FU 35 43 0
FU 35 49 0
FU 35 51 0
FU 35 52 158
FU 35 54 0
FU 35 57 0
FU 35 58 100
FU 35 60 0
FU 35 61 0
FU 35 62 15
FU 35 67 1
FU 35 75 0
FU 35 77 0
FU 35 80 0
FU 35 81 0
FU 35 91 0
FU 35 96 31
FU 35 98 20
FU 35 99 21
FU 35 101 0
FU 35 104 0
FU 35 108 15
FU 35 111 0
FU 35 115 0
FU 35 119 44
FU 35 120 46
FU 35 129 10
FU 35 130 2
FU 35 131 0
FU 35 139 0
FU 35 142 0
FU 35 143 12
FU 35 146 16
FU 35 148 0
FU 35 149 0
FU 36 7 0
FU 36 13 16
FU 36 16 0
FU 36 17 12
FU 36 23 0
FU 36 28 17
FU 36 41 30
FU 36 46 3
FU 36 49 0
FU 36 56 0
FU 36 57 4
FU 36 61 0
FU 36 62 18
FU 36 74 0
FU 36 76 0
FU 36 87 28
FU 36 95 11
FU 36 97 59
FU 36 101 0
FU 36 106 41
FU 36 110 9
FU 36 117 23
FU 36 119 193
FU 36 121 0
FU 36 127 69
FU 36 133 0
FU 36 141 67
FU 36 142 0
FU 36 144 0
FU 36 150 0
FU 38 5 0
FU 38 9 0
FU 38 12 22
FU 38 13 8
FU 38 14 14
FU 38 15 1
FU 38 18 11
FU 38 20 20
FU 38 24 59
FU 38 35 0
FU 38 43 0
FU 38 51 0
FU 38 52 1
FU 38 54 0
FU 38 57 0
FU 38 58 32
FU 38 60 0
FU 38 61 0
FU 38 62 29
FU 38 67 18
FU 38 75 0
FU 38 77 0
FU 38 80 0
FU 38 81 0
FU 38 82 23
FU 38 91 0
FU 38 96 1
FU 38 99 12
FU 38 104 0
FU 38 108 11
FU 38 111 0
FU 38 115 0
FU 38 120 45
FU 38 129 3
FU 38 130 10
FU 38 139 0
FU 38 143 16
FU 38 148 0
FU 39 17 14
FU 39 40 0
FU 39 44 15
FU 39 53 0
FU 39 66 0
FU 39 83 0
FU 39 90 0
FU 39 91 0
FU 39 100 152
FU 39 110 188
FU 39 111 0
FU 39 116 0
FU 39 118 34
FU 39 122 46
FU 39 126 0
FU 39 129 0
FU 39 133 0
FU 39 140 47
FU 39 141 71
FU 39 146 16
FU 40 3 0
FU 40 17 18
FU 40 23 0
FU 40 39 24
FU 40 41 4
FU 40 56 0
FU 40 58 2
FU 40 66 0
FU 40 70 0
FU 40 76 0
FU 40 82 33
FU 40 83 0
FU 40 91 0
FU 40 97 67
FU 40 100 9
FU 40 110 15
FU 40 111 0
FU 40 112 40
FU 40 116 0
FU 40 118 13
FU 40 122 42
FU 40 126 0
FU 40 127 52
FU 40 128 0
FU 40 129 0
FU 40 133 0
FU 40 140 28
FU 40 141 78
FU 40 150 0
FU 41 16 0
FU 41 17 6
FU 41 23 0
FU 41 28 105
FU 41 36 0
FU 41 40 0
FU 41 46 39
FU 41 56 0
FU 41 58 76
FU 41 66 0
FU 41 70 12
FU 41 74 0
FU 41 76 0
FU 41 87 3
FU 41 91 0
FU 41 95 51
FU 41 106 21
FU 41 110 6
FU 41 117 50
FU 41 121 0
FU 41 127 49
FU 41 128 0
FU 41 144 0
FU 41 150 0
FU 43 5 0
FU 43 6 0
FU 43 8 46
FU 43 9 0
FU 43 11 0
FU 43 15 0
FU 43 18 9
FU 43 24 16
FU 43 25 14
FU 43 26 1
FU 43 35 0
FU 43 38 6
FU 43 39 15
FU 43 44 20
FU 43 45 0
FU 43 50 7
FU 43 51 0
FU 43 53 0
FU 43 54 0
FU 43 64 10
FU 43 67 0
FU 43 72 0
FU 43 80 0
FU 43 83 0
FU 43 85 0
FU 43 89 35
FU 43 94 206
FU 43 97 29
FU 43 98 23
FU 43 99 8
FU 43 104 0
FU 43 106 8
FU 43 108 16
FU 43 111 0
FU 43 113 38
FU 43 115 0
FU 43 119 15
FU 43 120 14
FU 43 130 1
FU 43 139 0
FU 43 142 0
FU 43 143 5
FU 43 146 1
FU 43 148 0
FU 43 149 0
FU 44 2 0
FU 44 6 0
FU 44 11 0
FU 44 15 0
FU 44 24 26
FU 44 25 23
FU 44 26 1
FU 44 39 16
FU 44 45 0
FU 44 53 0
FU 44 63 219
FU 44 64 22
FU 44 72 0
FU 44 73 0
FU 44 80 0
FU 44 85 0
FU 44 89 29
FU 44 96 80
FU 44 98 1
FU 44 104 0
FU 44 113 34
FU 44 120 7
FU 44 122 31
FU 44 139 0
FU 44 143 3
FU 44 149 0
FU 45 6 0
FU 45 8 35
FU 45 9 0
FU 45 11 0
FU 45 15 0
FU 45 24 15
FU 45 25 14
FU 45 43 0
FU 45 44 5
FU 45 53 0
FU 45 54 0
FU 45 63 145
FU 45 64 21
FU 45 72 0
FU 45 85 0
FU 45 89 35
FU 45 94 0
FU 45 104 0
FU 45 111 0
FU 45 112 73
FU 45 113 32
FU 45 114 0
FU 45 134 0
FU 45 135 0
FU 45 139 0
FU 46 1 15
FU 46 7 0
FU 46 16 0
FU 46 17 8
FU 46 23 0
FU 46 28 68
FU 46 36 0
FU 46 41 142
FU 46 74 0
FU 46 76 0
FU 46 83 0
FU 46 87 21
FU 46 95 63
FU 46 106 19
FU 46 111 0
FU 46 117 28
FU 46 121 0
FU 46 133 0
FU 46 144 0
FU 46 150 0
FU 48 2 1
FU 48 12 17
FU 48 26 7
FU 48 49 0
FU 48 60 0
FU 48 62 23
FU 48 71 0
FU 48 81 0
FU 48 123 0
FU 48 131 0
FU 48 146 1
FU 48 148 0
FU 49 1 11
FU 49 2 1
FU 49 5 0
FU 49 12 29
FU 49 13 7
FU 49 14 17
FU 49 16 0
FU 49 18 17
FU 49 20 2
FU 49 35 0
FU 49 36 0
FU 49 38 14
FU 49 48 31
FU 49 51 0
FU 49 52 0
FU 49 57 14
FU 49 60 0
FU 49 61 0
FU 49 62 8
FU 49 67 108
FU 49 74 77
FU 49 75 0
FU 49 77 1
FU 49 81 0
FU 49 87 11
FU 49 95 2
FU 49 96 0
FU 49 101 0
FU 49 106 6
FU 49 108 15
FU 49 115 0
FU 49 117 20
FU 49 119 12
FU 49 121 0
FU 49 123 0
FU 49 131 0
FU 49 139 0
FU 49 142 0
FU 49 144 821
FU 49 146 14
FU 50 5 0
FU 50 6 0
FU 50 139 0
FU 51 1 21
FU 51 2 0
FU 51 5 0
FU 51 12 13
FU 51 13 4
FU 51 15 0
FU 51 18 25
FU 51 20 15
FU 51 35 0
FU 51 38 18
FU 51 43 0
FU 51 49 0
FU 51 52 184
FU 51 56 0
FU 51 57 8
FU 51 58 20
FU 51 60 0
FU 51 61 0
FU 51 62 22
FU 51 67 6
FU 51 70 14
FU 51 75 0
FU 51 77 0
FU 51 80 0
FU 51 81 0
FU 51 91 0
FU 51 96 2
FU 51 98 1
FU 51 101 0
FU 51 108 14
FU 51 109 48
FU 51 111 0
FU 51 115 0
FU 51 119 2
FU 51 122 28
FU 51 129 19
FU 51 130 1
FU 51 131 0
FU 51 139 0
FU 51 140 49
FU 51 142 0
FU 51 143 13
FU 51 146 2
FU 51 149 0
FU 52 1 23
FU 52 2 0
FU 52 5 23
FU 52 12 8
FU 52 13 10
FU 52 14 9
FU 52 18 12
FU 52 20 12
FU 52 26 11
FU 52 35 144
FU 52 38 5
FU 52 48 21
FU 52 49 0
FU 52 50 73
FU 52 51 311
FU 52 60 0
FU 52 62 8
FU 52 67 2
FU 52 75 0
FU 52 77 0
FU 52 81 0
FU 52 88 30
FU 52 96 2
FU 52 98 62
FU 52 101 0
FU 52 109 42
FU 52 123 0
FU 52 131 0
FU 52 139 0
FU 52 145 16
FU 52 146 2
FU 52 147 43
FU 52 148 0
FU 53 6 0
FU 53 7 820
FU 53 8 46
FU 53 9 0
FU 53 11 0
FU 53 15 0
FU 53 24 23
FU 53 25 16
FU 53 39 21
FU 53 43 0
FU 53 44 14
FU 53 45 0
FU 53 54 0
FU 53 63 0
FU 53 64 19
FU 53 72 0
FU 53 83 251
FU 53 85 0
FU 53 89 33
FU 53 90 1
FU 53 91 287
FU 53 94 198
FU 53 97 19
FU 53 100 117
FU 53 104 0
FU 53 111 0
FU 53 112 20
FU 53 113 5
FU 53 114 0
FU 53 118 21
FU 53 122 27
FU 53 126 338
FU 53 127 23
FU 53 130 6
FU 53 133 381
FU 53 135 0
FU 53 139 0
FU 53 140 47
FU 53 141 36
FU 53 143 8
FU 53 150 0
FU 54 2 0
FU 54 6 0
FU 54 8 55
FU 54 9 0
FU 54 11 0
FU 54 24 35
FU 54 25 24
FU 54 35 0
FU 54 38 5
FU 54 43 0
FU 54 44 18
FU 54 45 0
FU 54 53 0
FU 54 63 428
FU 54 64 37
FU 54 72 0
FU 54 85 0
FU 54 89 28
FU 54 90 812
FU 54 94 0
FU 54 99 29
FU 54 104 0
FU 54 113 17
FU 54 114 0
FU 54 120 27
FU 54 135 0
FU 54 139 0
FU 54 148 0
FU 56 13 11
FU 56 15 6
FU 56 17 10
FU 56 23 0
FU 56 28 134
FU 56 36 0
FU 56 40 0
FU 56 41 22
FU 56 51 0
FU 56 57 37
FU 56 58 1
FU 56 63 4
FU 56 66 0
FU 56 70 3
FU 56 76 0
FU 56 82 26
FU 56 83 0
FU 56 87 30
FU 56 91 0
FU 56 95 4
FU 56 97 47
FU 56 100 15
FU 56 108 9
FU 56 110 10
FU 56 111 0
FU 56 115 0
FU 56 118 18
FU 56 119 87
FU 56 122 63
FU 56 126 0
FU 56 129 6
FU 56 133 0
FU 56 140 33
FU 56 141 46
FU 56 144 0
FU 56 146 105
FU 56 150 0
FU 57 1 8
FU 57 5 0
FU 57 12 20
FU 57 13 11
FU 57 16 0
FU 57 18 26
FU 57 20 22
FU 57 36 0
FU 57 38 11
FU 57 49 0
FU 57 51 0
FU 57 56 81
FU 57 58 33
FU 57 60 0
FU 57 61 0
FU 57 67 41
FU 57 77 54
FU 57 81 0
FU 57 82 34
FU 57 91 0
FU 57 96 0
FU 57 101 1
FU 57 106 43
FU 57 111 0
FU 57 117 27
FU 57 121 0
FU 57 129 0
FU 57 130 7
FU 57 131 4
FU 57 139 0
FU 57 142 0
FU 57 143 17
FU 58 5 32
FU 58 13 20
FU 58 15 2
FU 58 17 10
FU 58 20 26
FU 58 23 0
FU 58 35 73
FU 58 38 19
FU 58 40 0
FU 58 51 0
FU 58 56 0
FU 58 57 5
FU 58 60 160
FU 58 61 0
FU 58 66 0
FU 58 70 5
FU 58 76 0
FU 58 82 44
FU 58 91 0
FU 58 97 43
FU 58 100 24
FU 58 108 29
FU 58 111 0
FU 58 112 21
FU 58 115 0
FU 58 119 7
FU 58 126 1
FU 58 128 0
FU 58 129 1
FU 58 139 0
FU 58 142 0
FU 58 150 0
FU 60 1 22
FU 60 2 0
FU 60 5 0
FU 60 12 15
FU 60 13 9
FU 60 14 4
FU 60 18 7
FU 60 20 12
FU 60 26 15
FU 60 35 0
FU 60 38 10
FU 60 48 31
FU 60 49 0
FU 60 50 53
FU 60 51 0
FU 60 52 0
FU 60 57 98
FU 60 58 2
FU 60 61 0
FU 60 62 5
FU 60 67 2
FU 60 75 0
FU 60 77 0
FU 60 81 0
FU 60 88 2
FU 60 91 0
FU 60 96 0
FU 60 98 48
FU 60 101 0
FU 60 108 22
FU 60 115 0
FU 60 119 9
FU 60 123 0
FU 60 129 2
FU 60 130 0
FU 60 131 0
FU 60 139 0
FU 60 142 0
FU 60 143 3
FU 60 145 4
FU 60 146 3
FU 61 5 0
FU 61 12 20
FU 61 13 11
FU 61 16 809
FU 61 17 138
FU 61 20 12
FU 61 35 2
FU 61 36 806
FU 61 38 11
FU 61 51 0
FU 61 57 15
FU 61 58 10
FU 61 60 0
FU 61 62 16
FU 61 67 27
FU 61 70 0
FU 61 76 815
FU 61 81 0
FU 61 82 40
FU 61 87 27
FU 61 91 0
FU 61 96 1
FU 61 101 4
FU 61 106 33
FU 61 108 28
FU 61 115 0
FU 61 129 3
FU 61 139 0
FU 62 1 32
FU 62 2 4
FU 62 5 0
FU 62 14 15
FU 62 16 0
FU 62 18 22
FU 62 20 12
FU 62 36 0
FU 62 38 13
FU 62 48 60
FU 62 49 0
FU 62 52 0
FU 62 60 0
FU 62 61 0
FU 62 67 11
FU 62 75 0
FU 62 77 9
FU 62 81 0
FU 62 95 89
FU 62 96 0
FU 62 101 0
FU 62 121 0
FU 62 123 0
FU 62 139 0
FU 62 142 0
FU 62 143 13
FU 62 144 0
FU 62 146 29
FU 63 3 0
FU 63 5 0
FU 63 8 65
FU 63 10 23
FU 63 24 34
FU 63 25 40
FU 63 31 97
FU 63 34 0
FU 63 39 20
FU 63 44 33
FU 63 45 328
FU 63 53 0
FU 63 54 0
FU 63 56 0
FU 63 65 364
FU 63 66 0
FU 63 83 0
FU 63 90 0
FU 63 94 0
FU 63 100 5
FU 63 104 0
FU 63 111 0
FU 63 112 36
FU 63 114 0
FU 63 118 22
FU 63 122 59
FU 63 126 0
FU 63 135 0
FU 63 140 51
FU 64 6 0
FU 64 8 41
FU 64 9 0
FU 64 11 0
FU 64 15 0
FU 64 26 48
FU 64 29 162
FU 64 43 0
FU 64 44 14
FU 64 53 0
FU 64 54 0
FU 64 72 0
FU 64 80 0
FU 64 89 60
FU 64 98 80
FU 64 99 13
FU 64 104 0
FU 64 111 0
FU 64 120 29
FU 64 130 0
FU 64 139 0
FU 64 143 12
FU 64 148 0
FU 65 3 0
FU 65 6 4
FU 65 10 8
FU 65 29 0
FU 65 31 40
FU 65 34 0
FU 65 63 0
FU 65 68 75
FU 65 73 0
FU 65 112 51
FU 65 114 0
FU 65 125 0
FU 65 135 0
FU 66 3 819
FU 66 7 0
FU 66 17 17
FU 66 27 139
FU 66 39 32
FU 66 40 0
FU 66 41 6
FU 66 56 138
FU 66 58 12
FU 66 63 1
FU 66 70 0
FU 66 83 299
FU 66 90 0
FU 66 91 0
FU 66 97 34
FU 66 100 11
FU 66 110 2
FU 66 112 24
FU 66 114 0
FU 66 116 819
FU 66 118 21
FU 66 122 38
FU 66 126 0
FU 66 127 44
FU 66 128 821
FU 66 129 4
FU 66 133 0
FU 66 140 50
FU 66 141 56
FU 66 150 0
FU 67 1 26
FU 67 5 0
FU 67 12 23
FU 67 13 14
FU 67 20 12
FU 67 35 2
FU 67 38 14
FU 67 51 10
FU 67 52 1
FU 67 57 5
FU 67 60 0
FU 67 61 0
FU 67 62 34
FU 67 70 56
FU 67 81 0
FU 67 82 38
FU 67 83 0
FU 67 91 0
FU 67 98 8
FU 67 101 0
FU 67 111 0
FU 67 115 0
FU 67 129 1
FU 67 139 0
FU 67 143 9
FU 67 146 37
FU 68 9 0
FU 68 24 44
FU 68 29 0
FU 68 34 0
FU 68 65 0
FU 68 94 1
FU 68 114 0
FU 70 13 4
FU 70 15 27
FU 70 17 6
FU 70 20 46
FU 70 23 0
FU 70 40 0
FU 70 41 21
FU 70 51 1
FU 70 56 0
FU 70 58 1
FU 70 61 820
FU 70 66 0
FU 70 67 35
FU 70 82 22
FU 70 83 0
FU 70 91 0
FU 70 97 45
FU 70 108 15
FU 70 110 5
FU 70 111 0
FU 70 115 190
FU 70 119 34
FU 70 122 38
FU 70 126 6
FU 70 129 2
FU 70 139 226
FU 70 140 44
FU 71 2 283
FU 71 9 0
FU 71 11 0
FU 71 12 98
FU 71 20 23
FU 71 26 4
FU 71 32 244
FU 71 48 43
FU 71 50 24
FU 71 77 42
FU 71 80 133
FU 71 85 0
FU 71 88 9
FU 71 99 13
FU 71 107 86
FU 71 120 14
FU 71 130 673
FU 71 145 80
FU 71 147 31
FU 71 148 171
FU 71 149 289
FU 72 6 0
FU 72 8 33
FU 72 9 0
FU 72 11 0
FU 72 15 0
FU 72 25 23
FU 72 26 0
FU 72 43 0
FU 72 44 33
FU 72 45 0
FU 72 50 45
FU 72 53 0
FU 72 54 0
FU 72 64 31
FU 72 80 0
FU 72 85 0
FU 72 88 14
FU 72 89 42
FU 72 96 0
FU 72 99 6
FU 72 104 0
FU 72 109 22
FU 72 113 35
FU 72 120 25
FU 72 130 2
FU 72 139 0
FU 72 143 29
FU 72 147 15
FU 72 148 0
FU 72 149 0
FU 73 5 94
FU 73 11 0
FU 73 135 812
FU 73 139 115
FU 74 16 0
FU 74 28 7
FU 74 36 0
FU 74 41 14
FU 74 46 9
FU 74 49 0
FU 74 87 31
FU 74 95 14
FU 74 106 17
FU 74 117 23
FU 74 121 0
FU 74 144 0
FU 74 150 0
FU 75 1 13
FU 75 2 16
FU 75 12 5
FU 75 14 31
FU 75 18 7
FU 75 24 24
FU 75 26 28
FU 75 35 0
FU 75 38 9
FU 75 48 28
FU 75 49 0
FU 75 51 0
FU 75 52 0
FU 75 60 0
FU 75 62 17
FU 75 67 65
FU 75 77 0
FU 75 80 0
FU 75 88 27
FU 75 96 0
FU 75 98 25
FU 75 101 0
FU 75 109 19
FU 75 115 0
FU 75 123 0
FU 75 131 0
FU 75 146 33
FU 75 147 36
FU 75 149 0
FU 76 28 7
FU 76 56 1
FU 76 61 0
FU 76 83 0
FU 76 117 27
FU 76 121 819
FU 76 129 1
FU 77 1 95
FU 77 2 0
FU 77 5 239
FU 77 6 24
FU 77 11 0
FU 77 13 193
FU 77 14 119
FU 77 18 15
FU 77 20 17
FU 77 24 37
FU 77 25 19
FU 77 26 1
FU 77 35 0
FU 77 38 16
FU 77 48 33
FU 77 49 586
FU 77 50 29
FU 77 51 0
FU 77 52 0
FU 77 57 193
FU 77 60 0
FU 77 62 23
FU 77 64 20
FU 77 67 2
FU 77 71 0
FU 77 75 599
FU 77 80 0
FU 77 85 0
FU 77 88 32
FU 77 96 0
FU 77 98 1
FU 77 99 19
FU 77 101 213
FU 77 108 53
FU 77 109 43
FU 77 113 6
FU 77 115 122
FU 77 119 125
FU 77 120 24
FU 77 130 1
FU 77 131 667
FU 77 139 0
FU 77 143 4
FU 77 145 87
FU 77 146 87
FU 77 147 66
FU 77 148 0
FU 77 149 0
FU 80 2 0
FU 80 5 0
FU 80 6 32
FU 80 9 0
FU 80 11 0
FU 80 14 41
FU 80 15 0
FU 80 18 34
FU 80 25 17
FU 80 26 0
FU 80 35 0
FU 80 38 11
FU 80 43 0
FU 80 44 4
FU 80 48 47
FU 80 50 20
FU 80 51 0
FU 80 64 12
FU 80 67 0
FU 80 71 0
FU 80 72 0
FU 80 75 0
FU 80 77 0
FU 80 85 0
FU 80 96 0
FU 80 98 4
FU 80 99 7
FU 80 109 25
FU 80 113 13
FU 80 115 0
FU 80 120 20
FU 80 130 23
FU 80 139 0
FU 80 143 7
FU 80 146 7
FU 80 147 27
FU 80 148 0
FU 80 149 0
FU 81 1 19
FU 81 5 0
FU 81 12 16
FU 81 13 4
FU 81 14 17
FU 81 20 13
FU 81 35 0
FU 81 38 9
FU 81 48 33
FU 81 49 0
FU 81 51 0
FU 81 52 0
FU 81 57 1
FU 81 60 0
FU 81 61 0
FU 81 62 14
FU 81 67 1
FU 81 88 33
FU 81 96 0
FU 81 98 52
FU 81 101 0
FU 81 108 20
FU 81 115 0
FU 81 123 0
FU 81 129 1
FU 81 131 0
FU 81 139 0
FU 81 142 0
FU 81 145 6
FU 81 146 5
FU 82 5 0
FU 82 16 0
FU 82 17 14
FU 82 38 15
FU 82 40 0
FU 82 58 12
FU 82 61 0
FU 82 106 32
FU 82 111 0
FU 82 118 24
FU 82 122 32
FU 83 3 0
FU 83 15 1
FU 83 17 26
FU 83 23 0
FU 83 34 0
FU 83 39 15
FU 83 40 0
FU 83 43 0
FU 83 46 6
FU 83 53 0
FU 83 56 0
FU 83 63 0
FU 83 66 0
FU 83 67 30
FU 83 70 3
FU 83 76 0
FU 83 90 0
FU 83 100 6
FU 83 111 0
FU 83 114 0
FU 83 118 26
FU 83 122 24
FU 83 125 0
FU 83 126 0
FU 83 128 0
FU 83 129 3
FU 83 140 65
FU 83 146 35
FU 85 2 0
FU 85 6 0
FU 85 9 0
FU 85 11 0
FU 85 15 0
FU 85 26 14
FU 85 43 0
FU 85 44 28
FU 85 45 0
FU 85 50 12
FU 85 53 0
FU 85 54 0
FU 85 71 0
FU 85 72 0
FU 85 77 0
FU 85 80 0
FU 85 88 29
FU 85 89 23
FU 85 98 1
FU 85 99 38
FU 85 104 0
FU 85 111 0
FU 85 120 19
FU 85 130 0
FU 85 139 0
FU 85 143 3
FU 85 145 100
FU 85 148 0
FU 87 7 0
FU 87 13 19
FU 87 16 1
FU 87 17 21
FU 87 28 94
FU 87 46 60
FU 87 49 0
FU 87 56 3
FU 87 61 0
FU 87 95 51
FU 87 106 38
FU 87 117 46
FU 87 121 0
FU 87 127 54
FU 87 133 2
FU 87 141 56
FU 87 142 0
FU 87 150 0
FU 88 12 25
FU 88 18 27
FU 88 72 0
FU 88 96 258
FU 88 99 24
FU 88 148 50
FU 89 72 0
FU 90 3 0
FU 90 6 1
FU 90 15 0
FU 90 31 50
FU 90 34 0
FU 90 39 176
FU 90 53 24
FU 90 54 1
FU 90 63 1
FU 90 66 0
FU 90 83 0
FU 90 94 298
FU 90 97 49
FU 90 100 6
FU 90 112 21
FU 90 114 0
FU 90 118 30
FU 90 125 819
FU 90 126 0
FU 90 133 423
FU 91 5 73
FU 91 13 8
FU 91 15 1
FU 91 17 8
FU 91 20 14
FU 91 23 0
FU 91 35 0
FU 91 38 21
FU 91 39 19
FU 91 40 0
FU 91 41 15
FU 91 51 0
FU 91 53 0
FU 91 56 0
FU 91 57 34
FU 91 58 105
FU 91 60 0
FU 91 61 0
FU 91 66 0
FU 91 67 4
FU 91 70 20
FU 91 76 0
FU 91 82 22
FU 91 97 27
FU 91 108 10
FU 91 111 0
FU 91 112 61
FU 91 115 0
FU 91 118 22
FU 91 119 8
FU 91 126 0
FU 91 129 117
FU 91 133 0
FU 91 139 0
FU 91 142 0
FU 91 146 25
FU 91 150 0
FU 94 6 0
FU 94 8 46
FU 94 10 4
FU 94 24 14
FU 94 29 0
FU 94 31 57
FU 94 34 0
FU 94 43 0
FU 94 45 0
FU 94 53 0
FU 94 54 0
FU 94 63 0
FU 94 68 64
FU 94 73 0
FU 94 89 56
FU 94 90 0
FU 94 104 0
FU 94 112 76
FU 94 114 0
FU 94 134 0
FU 94 135 0
FU 95 7 0
FU 95 16 0
FU 95 17 5
FU 95 28 100
FU 95 36 0
FU 95 41 122
FU 95 46 61
FU 95 49 0
FU 95 56 0
FU 95 62 17
FU 95 74 0
FU 95 76 0
FU 95 87 23
FU 95 106 26
FU 95 110 18
FU 95 118 19
FU 95 119 0
FU 95 121 0
FU 95 127 87
FU 95 141 64
FU 95 142 0
FU 95 144 0
FU 95 150 0
FU 96 1 46
FU 96 2 26
FU 96 5 0
FU 96 12 26
FU 96 14 25
FU 96 15 1
FU 96 20 10
FU 96 26 42
FU 96 35 0
FU 96 38 5
FU 96 44 26
FU 96 48 25
FU 96 49 0
FU 96 51 0
FU 96 57 69
FU 96 60 0
FU 96 61 0
FU 96 62 10
FU 96 72 0
FU 96 80 0
FU 96 81 814
FU 96 88 54
FU 96 101 292
FU 96 104 0
FU 96 108 19
FU 96 115 0
FU 96 119 19
FU 96 120 26
FU 96 129 3
FU 96 131 0
FU 96 142 0
FU 96 146 25
FU 96 148 0
FU 97 15 1
FU 97 114 0
FU 98 5 38
FU 98 6 6
FU 98 11 0
FU 98 26 1
FU 98 43 0
FU 98 44 20
FU 98 50 45
FU 98 51 146
FU 98 64 27
FU 98 67 107
FU 98 99 10
FU 98 113 26
FU 98 139 0
FU 98 143 6
FU 99 2 0
FU 99 6 7
FU 99 9 0
FU 99 11 0
FU 99 18 15
FU 99 26 1
FU 99 35 145
FU 99 38 19
FU 99 43 0
FU 99 50 50
FU 99 54 0
FU 99 64 5
FU 99 71 0
FU 99 72 0
FU 99 77 0
FU 99 80 0
FU 99 88 14
FU 99 98 57
FU 99 107 106
FU 99 109 19
FU 99 113 48
FU 99 120 19
FU 99 130 1
FU 99 143 11
FU 99 145 49
FU 99 147 45
FU 99 149 0
FU 100 7 0
FU 100 39 15
FU 100 40 0
FU 100 53 0
FU 100 56 0
FU 100 58 8
FU 100 63 0
FU 100 66 0
FU 100 82 19
FU 100 83 0
FU 100 90 0
FU 100 97 38
FU 100 111 0
FU 100 116 0
FU 100 118 31
FU 100 122 75
FU 100 126 0
FU 100 127 37
FU 100 129 24
FU 100 133 0
FU 100 140 16
FU 100 141 25
FU 101 1 17
FU 101 2 50
FU 101 5 0
FU 101 12 19
FU 101 14 67
FU 101 16 0
FU 101 18 17
FU 101 20 30
FU 101 36 0
FU 101 57 1
FU 101 60 0
FU 101 61 0
FU 101 62 18
FU 101 67 6
FU 101 77 0
FU 101 81 0
FU 101 96 106
FU 101 106 21
FU 101 117 31
FU 101 123 820
FU 101 131 0
FU 101 139 0
FU 101 142 0
FU 104 5 0
FU 104 6 468
FU 104 8 55
FU 104 11 0
FU 104 15 0
FU 104 24 27
FU 104 25 60
FU 104 31 69
FU 104 35 0
FU 104 38 16
FU 104 43 0
FU 104 44 17
FU 104 45 0
FU 104 53 0
FU 104 54 0
FU 104 63 0
FU 104 64 25
FU 104 72 0
FU 104 73 0
FU 104 85 0
FU 104 89 44
FU 104 94 0
FU 104 96 0
FU 104 98 48
FU 104 112 29
FU 104 113 29
FU 104 114 0
FU 104 135 0
FU 104 139 0
FU 106 1 24
FU 106 17 19
FU 106 61 0
FU 106 74 0
FU 106 82 17
FU 106 97 25
FU 106 129 7
FU 106 150 0
FU 107 2 1
FU 107 26 10
FU 108 1 28
FU 108 2 25
FU 108 5 0
FU 108 35 0
FU 108 38 14
FU 108 56 181
FU 108 58 3
FU 108 61 0
FU 108 70 14
FU 108 77 9
FU 108 91 0
FU 108 96 11
FU 108 111 0
FU 109 18 16
FU 109 72 0
FU 109 99 23
FU 109 120 14
FU 109 145 151
FU 109 148 0
FU 110 13 24
FU 110 17 30
FU 110 39 26
FU 110 40 368
FU 110 118 33
FU 110 122 46
FU 110 140 72
FU 111 5 0
FU 111 6 1
FU 111 8 33
FU 111 11 0
FU 111 13 7
FU 111 15 1
FU 111 17 32
FU 111 23 810
FU 111 24 29
FU 111 25 22
FU 111 35 0
FU 111 38 9
FU 111 39 14
FU 111 40 425
FU 111 43 0
FU 111 45 0
FU 111 46 63
FU 111 51 0
FU 111 53 0
FU 111 56 0
FU 111 57 128
FU 111 58 2
FU 111 63 0
FU 111 64 30
FU 111 67 0
FU 111 70 0
FU 111 82 23
FU 111 83 0
FU 111 85 0
FU 111 91 0
FU 111 97 44
FU 111 100 133
FU 111 108 175
FU 111 113 23
FU 111 115 0
FU 111 118 15
FU 111 122 30
FU 111 129 24
FU 111 130 4
FU 111 139 0
FU 111 140 46
FU 111 143 4
FU 111 146 0
FU 111 148 106
FU 111 150 0
FU 112 3 0
FU 112 10 108
FU 112 24 98
FU 112 34 1
FU 112 40 7
FU 112 45 57
FU 112 58 56
FU 112 63 3
FU 112 65 3
FU 112 90 1
FU 112 91 0
FU 112 104 146
FU 112 114 0
FU 112 118 21
FU 112 126 4
FU 113 6 2
FU 113 8 62
FU 113 9 0
FU 113 15 0
FU 113 26 13
FU 113 29 0
FU 113 43 0
FU 113 44 4
FU 113 53 0
FU 113 72 0
FU 113 77 0
FU 113 80 0
FU 113 98 18
FU 113 99 10
FU 113 104 0
FU 113 111 1
FU 113 120 17
FU 113 130 7
FU 113 139 0
FU 113 143 3
FU 113 148 0
FU 114 3 0
FU 114 5 0
FU 114 6 0
FU 114 8 18
FU 114 11 0
FU 114 15 0
FU 114 24 36
FU 114 34 0
FU 114 45 0
FU 114 53 0
FU 114 54 0
FU 114 63 0
FU 114 65 347
FU 114 66 821
FU 114 68 83
FU 114 73 0
FU 114 83 260
FU 114 90 0
FU 114 94 0
FU 114 97 14
FU 114 104 0
FU 114 112 23
FU 114 118 107
FU 114 126 385
FU 114 135 0
FU 115 1 10
FU 115 2 2
FU 115 5 0
FU 115 13 3
FU 115 14 22
FU 115 15 6
FU 115 18 14
FU 115 20 8
FU 115 25 35
FU 115 35 0
FU 115 38 9
FU 115 43 0
FU 115 49 0
FU 115 50 19
FU 115 51 0
FU 115 56 0
FU 115 57 21
FU 115 58 37
FU 115 60 0
FU 115 61 0
FU 115 62 6
FU 115 67 16
FU 115 70 3
FU 115 75 0
FU 115 77 180
FU 115 80 0
FU 115 81 0
FU 115 82 38
FU 115 91 0
FU 115 96 0
FU 115 101 0
FU 115 108 14
FU 115 111 0
FU 115 119 22
FU 115 129 3
FU 115 130 2
FU 115 131 0
FU 115 139 0
FU 115 142 0
FU 115 143 4
FU 115 146 24
FU 115 149 0
FU 116 3 0
FU 116 27 221
FU 116 39 20
FU 116 40 0
FU 116 66 0
FU 116 100 4
FU 116 110 17
FU 116 118 27
FU 116 127 53
FU 116 128 0
FU 116 133 0
FU 116 141 52
FU 116 150 0
FU 117 1 42
FU 117 17 34
FU 117 18 46
FU 117 46 58
FU 117 57 24
FU 117 74 0
FU 117 87 37
FU 117 101 14
FU 117 121 0
FU 117 142 0
FU 117 150 0
FU 118 82 10
FU 118 95 62
FU 118 110 39
FU 118 112 83
FU 118 114 0
FU 119 2 33
FU 119 12 20
FU 119 16 0
FU 119 18 15
FU 119 36 0
FU 119 49 0
FU 119 56 36
FU 119 58 1
FU 119 70 72
FU 119 77 20
FU 119 91 0
FU 119 95 33
FU 119 96 78
FU 119 106 23
FU 119 142 0
FU 120 18 14
FU 120 35 0
FU 120 38 7
FU 120 44 17
FU 120 54 0
FU 120 64 29
FU 120 71 0
FU 120 107 107
FU 120 109 32
FU 120 147 25
FU 121 13 13
FU 121 16 0
FU 121 18 27
FU 121 28 4
FU 121 36 0
FU 121 41 3
FU 121 46 1
FU 121 49 0
FU 121 57 2
FU 121 62 20
FU 121 74 0
FU 121 76 0
FU 121 87 7
FU 121 95 2
FU 121 101 0
FU 121 106 32
FU 121 117 31
FU 121 142 656
FU 121 144 0
FU 121 150 0
FU 122 82 26
FU 122 110 18
FU 123 12 16
FU 123 14 4
FU 123 18 16
FU 123 20 36
FU 123 48 28
FU 123 49 0
FU 123 52 0
FU 123 60 0
FU 123 62 26
FU 123 75 0
FU 123 81 0
FU 123 88 12
FU 123 101 0
FU 123 109 47
FU 123 145 17
FU 123 147 40
FU 125 3 0
FU 125 17 15
FU 125 34 0
FU 125 65 0
FU 125 83 0
FU 125 90 0
FU 125 128 0
FU 126 23 0
FU 126 39 14
FU 126 40 0
FU 126 53 0
FU 126 56 0
FU 126 58 53
FU 126 63 1
FU 126 66 0
FU 126 70 5
FU 126 83 0
FU 126 90 0
FU 126 91 0
FU 126 97 80
FU 126 100 9
FU 126 112 31
FU 126 114 0
FU 126 118 34
FU 126 122 55
FU 126 129 140
FU 126 133 0
FU 126 140 29
FU 127 7 0
FU 127 53 0
FU 127 87 38
FU 127 118 37
FU 128 3 0
FU 128 31 113
FU 128 34 818
FU 128 40 0
FU 128 41 0
FU 128 58 5
FU 128 66 0
FU 128 83 0
FU 128 116 0
FU 128 125 0
FU 129 5 0
FU 129 13 10
FU 129 15 2
FU 129 17 31
FU 129 20 8
FU 129 23 0
FU 129 35 9
FU 129 38 23
FU 129 39 25
FU 129 40 2
FU 129 51 4
FU 129 57 27
FU 129 58 8
FU 129 61 0
FU 129 66 0
FU 129 67 23
FU 129 70 4
FU 129 76 1
FU 129 81 0
FU 129 82 33
FU 129 83 0
FU 129 91 1
FU 129 96 3
FU 129 97 40
FU 129 100 20
FU 129 106 22
FU 129 115 0
FU 129 118 29
FU 129 122 19
FU 129 126 76
FU 129 133 2
FU 129 139 54
FU 129 142 149
FU 129 146 2
FU 130 5 54
FU 130 6 2
FU 130 9 381
FU 130 11 0
FU 130 13 87
FU 130 15 0
FU 130 18 15
FU 130 20 12
FU 130 25 40
FU 130 26 92
FU 130 35 227
FU 130 38 14
FU 130 44 12
FU 130 51 333
FU 130 53 1
FU 130 57 46
FU 130 60 647
FU 130 64 18
FU 130 71 28
FU 130 72 231
FU 130 80 166
FU 130 99 31
FU 130 111 0
FU 130 113 10
FU 130 115 139
FU 130 143 11
FU 130 146 95
FU 131 1 3
FU 131 2 34
FU 131 5 0
FU 131 12 24
FU 131 13 5
FU 131 14 18
FU 131 18 15
FU 131 20 11
FU 131 35 0
FU 131 38 14
FU 131 48 56
FU 131 49 0
FU 131 51 0
FU 131 52 0
FU 131 57 0
FU 131 60 0
FU 131 61 0
FU 131 62 13
FU 131 67 1
FU 131 75 0
FU 131 77 0
FU 131 81 0
FU 131 82 17
FU 131 96 0
FU 131 101 0
FU 131 108 20
FU 131 109 42
FU 131 115 0
FU 131 119 2
FU 131 129 55
FU 131 139 0
FU 131 142 0
FU 131 146 7
FU 131 149 0
FU 133 7 0
FU 133 23 0
FU 133 36 0
FU 133 39 13
FU 133 40 0
FU 133 46 4
FU 133 53 0
FU 133 56 0
FU 133 66 0
FU 133 82 35
FU 133 87 23
FU 133 90 0
FU 133 91 0
FU 133 97 27
FU 133 100 3
FU 133 110 17
FU 133 116 0
FU 133 118 23
FU 133 122 29
FU 133 126 0
FU 133 127 36
FU 133 129 23
FU 133 140 58
FU 133 141 93
FU 134 8 29
FU 134 10 174
FU 134 11 0
FU 134 31 72
FU 134 34 0
FU 134 45 0
FU 134 68 56
FU 134 73 0
FU 134 89 23
FU 134 94 0
FU 134 135 0
FU 135 5 0
FU 135 6 3
FU 135 8 71
FU 135 10 9
FU 135 24 36
FU 135 29 0
FU 135 31 95
FU 135 34 0
FU 135 45 0
FU 135 53 0
FU 135 54 0
FU 135 63 0
FU 135 65 0
FU 135 68 85
FU 135 73 0
FU 135 89 83
FU 135 94 0
FU 135 104 0
FU 135 112 30
FU 135 114 0
FU 135 134 0
FU 135 139 0
FU 139 1 24
FU 139 2 0
FU 139 5 0
FU 139 6 18
FU 139 11 0
FU 139 12 7
FU 139 13 20
FU 139 15 23
FU 139 20 14
FU 139 24 77
FU 139 25 16
FU 139 26 35
FU 139 35 0
FU 139 38 11
FU 139 43 0
FU 139 44 25
FU 139 45 0
FU 139 49 0
FU 139 50 47
FU 139 51 0
FU 139 52 0
FU 139 53 0
FU 139 54 0
FU 139 57 1
FU 139 58 0
FU 139 60 0
FU 139 61 0
FU 139 62 22
FU 139 64 12
FU 139 67 3
FU 139 70 12
FU 139 72 0
FU 139 73 0
FU 139 77 0
FU 139 80 0
FU 139 81 0
FU 139 85 0
FU 139 89 38
FU 139 91 0
FU 139 96 0
FU 139 98 89
FU 139 101 0
FU 139 104 0
FU 139 108 14
FU 139 111 0
FU 139 113 46
FU 139 115 0
FU 139 119 4
FU 139 120 28
FU 139 129 220
FU 139 130 2
FU 139 131 0
FU 139 135 0
FU 139 142 0
FU 139 143 13
FU 139 146 6
FU 139 148 0
FU 139 149 0
FU 140 110 41
FU 141 23 1
FU 142 1 12
FU 142 5 0
FU 142 12 28
FU 142 13 13
FU 142 16 0
FU 142 18 13
FU 142 20 9
FU 142 28 4
FU 142 35 0
FU 142 36 0
FU 142 38 15
FU 142 43 0
FU 142 49 0
FU 142 51 0
FU 142 57 5
FU 142 58 1
FU 142 60 0
FU 142 61 0
FU 142 62 5
FU 142 67 2
FU 142 81 0
FU 142 87 18
FU 142 91 0
FU 142 95 6
FU 142 96 1
FU 142 101 0
FU 142 106 23
FU 142 108 17
FU 142 115 0
FU 142 117 53
FU 142 119 16
FU 142 121 0
FU 142 129 3
FU 142 131 0
FU 142 139 0
FU 142 146 11
FU 143 2 0
FU 143 5 44
FU 143 6 4
FU 143 9 112
FU 143 11 0
FU 143 13 14
FU 143 15 0
FU 143 25 32
FU 143 26 48
FU 143 35 0
FU 143 38 6
FU 143 44 34
FU 143 51 0
FU 143 53 348
FU 143 57 1
FU 143 60 0
FU 143 62 9
FU 143 64 19
FU 143 67 13
FU 143 72 0
FU 143 80 0
FU 143 85 0
FU 143 98 65
FU 143 99 13
FU 143 111 0
FU 143 113 27
FU 143 115 0
FU 143 120 34
FU 143 130 8
FU 143 148 0
FU 144 13 3
FU 144 16 0
FU 144 17 8
FU 144 28 5
FU 144 36 0
FU 144 41 8
FU 144 46 10
FU 144 49 0
FU 144 56 0
FU 144 62 22
FU 144 74 0
FU 144 87 32
FU 144 95 3
FU 144 106 24
FU 144 117 25
FU 144 119 55
FU 144 121 0
FU 144 127 51
FU 144 150 0
FU 145 2 0
FU 145 12 24
FU 145 14 23
FU 145 20 11
FU 145 32 199
FU 145 48 22
FU 145 50 54
FU 145 52 0
FU 145 60 0
FU 145 71 0
FU 145 77 0
FU 145 81 0
FU 145 85 0
FU 145 88 49
FU 145 99 27
FU 145 107 132
FU 145 109 32
FU 145 123 0
FU 145 147 39
FU 146 2 6
FU 146 20 30
FU 146 39 26
FU 146 48 22
FU 146 51 0
FU 146 52 0
FU 146 56 92
FU 146 62 32
FU 146 67 11
FU 146 75 0
FU 146 77 11
FU 146 82 18
FU 146 83 0
FU 146 91 241
FU 146 96 6
FU 146 111 0
FU 146 115 0
FU 146 129 4
FU 146 130 1
FU 146 139 0
FU 146 149 0
FU 147 2 5
FU 147 14 39
FU 147 52 1
FU 147 72 0
FU 147 80 0
FU 147 99 26
FU 147 120 27
FU 147 148 8
FU 148 2 0
FU 148 5 0
FU 148 6 6
FU 148 9 0
FU 148 11 0
FU 148 14 18
FU 148 18 23
FU 148 25 18
FU 148 26 72
FU 148 35 0
FU 148 38 15
FU 148 43 0
FU 148 44 16
FU 148 48 33
FU 148 50 20
FU 148 52 0
FU 148 54 0
FU 148 64 46
FU 148 71 0
FU 148 72 0
FU 148 77 0
FU 148 80 0
FU 148 85 0
FU 148 88 254
FU 148 96 0
FU 148 98 52
FU 148 99 9
FU 148 109 53
FU 148 111 0
FU 148 113 44
FU 148 120 32
FU 148 130 0
FU 148 139 0
FU 148 143 4
FU 148 147 39
FU 148 149 0
FU 149 2 0
FU 149 5 0
FU 149 6 11
FU 149 9 0
FU 149 11 0
FU 149 14 43
FU 149 15 1
FU 149 18 16
FU 149 26 55
FU 149 35 0
FU 149 38 10
FU 149 43 0
FU 149 44 27
FU 149 48 29
FU 149 50 38
FU 149 51 0
FU 149 67 3
FU 149 71 36
FU 149 72 0
FU 149 75 0
FU 149 77 0
FU 149 80 0
FU 149 96 0
FU 149 98 39
FU 149 99 17
FU 149 115 0
FU 149 120 36
FU 149 130 7
FU 149 131 0
FU 149 139 0
FU 149 143 9
FU 149 146 5
FU 149 148 0
FU 150 16 0
FU 150 17 39
FU 150 23 0
FU 150 28 8
FU 150 36 0
FU 150 40 0
FU 150 41 1
FU 150 46 15
FU 150 53 0
FU 150 56 0
FU 150 58 70
FU 150 66 0
FU 150 70 0
FU 150 74 728
FU 150 76 0
FU 150 87 33
FU 150 91 0
FU 150 95 5
FU 150 106 29
FU 150 110 5
FU 150 111 0
FU 150 116 0
FU 150 117 11
FU 150 121 0
FU 150 144 0
