Nodes: 101
Arcs: 3792
MVE: 4
MAE: 1179
SAE: 184042
Terminals_rem: 0
Nodes_rem: 6
Arcs_rem: 1455
First LB: 9
LB: 9
Iter. LB: 0
First UB: 32
UB: 29
Iter. UB: 13
gap: 68.9655
BM. Time: 0
Runtime: 980
FL 0 74 1
FL 0 88 21
FL 0 21 21
FL 0 20 1
FL 0 6 1
FL 0 81 0
FL 0 94 0
FL 0 72 0
FL 0 56 2
FL 0 69 48
FL 0 87 340
FL 0 8 11
FL 0 10 2
FL 0 58 19
FL 0 15 19
FL 0 28 1
FL 0 95 70
FL 0 35 0
FL 0 49 0
FL 0 38 34
FL 0 86 344
FL 0 36 19
FL 0 62 27
FL 0 42 0
FL 0 44 14
FL 0 90 0
FL 0 97 6
FL 0 99 381
FL 0 53 408
FL 0 92 0
FL 0 12 409
FL 0 33 0
FL 0 11 21
FL 0 83 27
FL 0 23 2
FL 0 1 0
FL 0 100 5
FL 0 7 0
FL 0 37 2
FL 0 50 22
FL 0 34 52
FL 0 41 218
FL 0 30 0
FL 0 75 0
FL 0 63 1
FL 0 47 0
FL 0 79 0
FL 0 71 8
FL 0 77 0
FL 0 16 1
FL 0 19 0
FL 0 14 407
FL 0 2 1
FL 0 3 227
FL 0 4 29
FL 0 5 36
FL 0 9 93
FL 0 13 72
FL 0 17 998
FL 0 22 44
FL 0 24 33
FL 0 25 20
FL 0 26 1
FL 0 27 50
FL 0 29 0
FL 0 31 251
FL 0 32 21
FL 0 39 30
FL 0 40 998
FL 0 43 68
FL 0 45 998
FL 0 46 26
FL 0 48 50
FL 0 51 42
FL 0 52 42
FL 0 54 48
FL 0 55 33
FL 0 57 65
FL 0 59 47
FL 0 60 42
FL 0 61 56
FL 0 64 4
FL 0 65 112
FL 0 66 60
FL 0 67 58
FL 0 68 33
FL 0 70 114
FL 0 73 93
FL 0 76 177
FL 0 78 235
FL 0 80 998
FL 0 82 33
FL 0 84 87
FL 0 85 998
FL 0 89 121
FL 0 91 49
FL 0 93 48
FL 0 96 386
FL 0 98 998
FL 1 2 1
FL 1 4 54
FL 1 5 28
FL 1 6 3
FL 1 7 4
FL 1 8 16
FL 1 9 51
FL 1 10 3
FL 1 13 89
FL 1 18 0
FL 1 19 0
FL 1 20 1
FL 1 23 3
FL 1 24 49
FL 1 26 1
FL 1 29 1
FL 1 30 1
FL 1 33 3
FL 1 34 61
FL 1 35 2
FL 1 36 21
FL 1 37 1
FL 1 39 29
FL 1 41 333
FL 1 42 0
FL 1 44 16
FL 1 46 53
FL 1 47 0
FL 1 48 52
FL 1 49 0
FL 1 50 22
FL 1 51 61
FL 1 52 80
FL 1 54 31
FL 1 57 12
FL 1 58 24
FL 1 59 42
FL 1 60 40
FL 1 61 39
FL 1 64 12
FL 1 65 8
FL 1 66 46
FL 1 67 53
FL 1 68 55
FL 1 71 19
FL 1 73 53
FL 1 74 2
FL 1 75 0
FL 1 76 161
FL 1 77 3
FL 1 79 0
FL 1 82 27
FL 1 88 10
FL 1 90 0
FL 1 92 0
FL 1 94 1
FL 1 95 112
FL 1 97 17
FL 1 100 16
FL 2 4 15
FL 2 6 0
FL 2 7 0
FL 2 19 0
FL 2 20 0
FL 2 22 6
FL 2 23 0
FL 2 24 22
FL 2 26 1
FL 2 29 0
FL 2 30 0
FL 2 34 23
FL 2 39 49
FL 2 42 0
FL 2 46 14
FL 2 47 0
FL 2 48 19
FL 2 50 998
FL 2 52 40
FL 2 54 42
FL 2 57 38
FL 2 60 14
FL 2 61 31
FL 2 68 17
FL 2 74 38
FL 2 75 0
FL 2 77 0
FL 2 82 21
FL 2 90 0
FL 2 92 0
FL 2 94 0
FL 3 4 22
FL 3 16 111
FL 3 26 90
FL 3 27 31
FL 3 28 52
FL 3 33 45
FL 3 62 250
FL 3 63 0
FL 3 71 2
FL 3 72 0
FL 3 78 29
FL 3 83 0
FL 3 89 101
FL 3 96 39
FL 4 2 87
FL 4 3 4
FL 4 10 17
FL 4 11 0
FL 4 16 0
FL 4 19 37
FL 4 25 25
FL 4 26 0
FL 4 27 19
FL 4 29 0
FL 4 30 0
FL 4 31 9
FL 4 33 0
FL 4 37 35
FL 4 43 44
FL 4 44 0
FL 4 48 20
FL 4 49 0
FL 4 51 14
FL 4 52 50
FL 4 54 14
FL 4 56 0
FL 4 57 10
FL 4 60 52
FL 4 62 7
FL 4 69 0
FL 4 71 0
FL 4 72 0
FL 4 76 50
FL 4 78 3
FL 4 79 0
FL 4 81 0
FL 4 83 0
FL 4 87 10
FL 4 89 58
FL 4 95 11
FL 5 23 166
FL 5 30 0
FL 5 61 39
FL 5 77 0
FL 6 1 0
FL 6 2 0
FL 6 7 0
FL 6 9 31
FL 6 10 0
FL 6 18 0
FL 6 19 0
FL 6 20 0
FL 6 23 0
FL 6 24 35
FL 6 26 0
FL 6 29 0
FL 6 30 0
FL 6 34 65
FL 6 35 0
FL 6 37 0
FL 6 39 43
FL 6 42 0
FL 6 46 17
FL 6 47 0
FL 6 48 44
FL 6 51 16
FL 6 52 52
FL 6 54 13
FL 6 57 40
FL 6 60 6
FL 6 61 17
FL 6 65 38
FL 6 66 39
FL 6 68 35
FL 6 73 8
FL 6 77 0
FL 6 82 16
FL 6 90 0
FL 6 92 0
FL 6 94 0
FL 6 97 0
FL 6 100 0
FL 7 1 0
FL 7 2 0
FL 7 6 0
FL 7 8 0
FL 7 9 27
FL 7 10 0
FL 7 13 46
FL 7 18 0
FL 7 19 0
FL 7 20 0
FL 7 22 0
FL 7 23 0
FL 7 24 23
FL 7 30 0
FL 7 32 35
FL 7 34 41
FL 7 36 0
FL 7 37 0
FL 7 38 0
FL 7 39 9
FL 7 41 30
FL 7 42 0
FL 7 44 0
FL 7 46 9
FL 7 47 0
FL 7 48 22
FL 7 50 0
FL 7 51 18
FL 7 52 26
FL 7 54 25
FL 7 57 21
FL 7 58 0
FL 7 59 40
FL 7 60 20
FL 7 61 28
FL 7 64 0
FL 7 65 22
FL 7 66 74
FL 7 68 26
FL 7 73 17
FL 7 75 0
FL 7 76 34
FL 7 77 0
FL 7 82 6
FL 7 88 0
FL 7 90 0
FL 7 92 0
FL 7 94 0
FL 7 97 0
FL 8 1 0
FL 8 7 0
FL 8 9 25
FL 8 20 0
FL 8 24 26
FL 8 32 41
FL 8 37 0
FL 8 38 0
FL 8 41 2
FL 8 47 0
FL 8 48 11
FL 8 50 0
FL 8 51 7
FL 8 52 24
FL 8 53 2
FL 8 57 28
FL 8 58 0
FL 8 59 30
FL 8 60 9
FL 8 61 14
FL 8 69 0
FL 8 70 40
FL 8 75 0
FL 8 84 19
FL 8 88 0
FL 8 91 56
FL 8 94 0
FL 8 99 3
FL 9 86 129
FL 9 91 67
FL 10 1 0
FL 10 2 0
FL 10 4 0
FL 10 6 0
FL 10 7 0
FL 10 9 21
FL 10 18 0
FL 10 20 0
FL 10 24 14
FL 10 26 0
FL 10 29 0
FL 10 32 54
FL 10 34 14
FL 10 37 0
FL 10 38 0
FL 10 41 9
FL 10 42 21
FL 10 46 13
FL 10 47 0
FL 10 48 31
FL 10 50 0
FL 10 51 18
FL 10 52 15
FL 10 53 35
FL 10 54 8
FL 10 57 6
FL 10 58 0
FL 10 59 51
FL 10 60 8
FL 10 61 32
FL 10 65 80
FL 10 69 0
FL 10 70 99
FL 10 75 0
FL 10 84 75
FL 10 88 0
FL 10 91 47
FL 10 94 0
FL 10 99 114
FL 11 3 9
FL 11 4 3
FL 11 5 67
FL 11 15 1
FL 11 16 0
FL 11 22 4
FL 11 25 16
FL 11 26 1
FL 11 27 15
FL 11 28 0
FL 11 31 8
FL 11 33 0
FL 11 43 18
FL 11 49 0
FL 11 55 44
FL 11 56 0
FL 11 62 0
FL 11 63 0
FL 11 67 44
FL 11 71 0
FL 11 72 0
FL 11 74 0
FL 11 78 2
FL 11 79 0
FL 11 81 0
FL 11 83 0
FL 11 87 8
FL 12 24 13
FL 12 32 47
FL 12 36 0
FL 12 38 3
FL 12 41 40
FL 12 47 0
FL 12 50 0
FL 12 51 24
FL 12 53 118
FL 12 57 21
FL 12 58 0
FL 12 59 22
FL 12 60 7
FL 12 69 1
FL 12 70 110
FL 12 75 0
FL 12 84 93
FL 12 86 120
FL 12 88 0
FL 12 91 86
FL 12 99 94
FL 13 20 0
FL 14 24 24
FL 14 32 74
FL 14 36 3
FL 14 38 3
FL 14 41 37
FL 14 47 0
FL 14 50 1
FL 14 51 19
FL 14 53 122
FL 14 57 11
FL 14 58 1
FL 14 59 29
FL 14 60 14
FL 14 69 3
FL 14 70 43
FL 14 75 0
FL 14 84 50
FL 14 86 54
FL 14 88 3
FL 14 91 79
FL 14 99 135
FL 15 3 8
FL 15 11 0
FL 15 16 0
FL 15 22 1
FL 15 25 39
FL 15 27 7
FL 15 28 0
FL 15 31 21
FL 15 33 0
FL 15 36 1
FL 15 43 31
FL 15 49 0
FL 15 51 26
FL 15 57 46
FL 15 67 15
FL 15 71 0
FL 15 74 0
FL 15 75 0
FL 15 78 3
FL 15 81 0
FL 15 83 0
FL 15 87 9
FL 15 89 82
FL 16 3 9
FL 16 4 0
FL 16 5 94
FL 16 11 0
FL 16 15 0
FL 16 18 0
FL 16 25 34
FL 16 26 154
FL 16 27 22
FL 16 31 2
FL 16 33 27
FL 16 35 63
FL 16 36 0
FL 16 43 30
FL 16 44 0
FL 16 49 36
FL 16 56 49
FL 16 62 51
FL 16 63 0
FL 16 67 18
FL 16 69 0
FL 16 71 0
FL 16 74 0
FL 16 78 1
FL 16 79 68
FL 16 81 1
FL 16 83 0
FL 16 87 99
FL 16 89 59
FL 16 93 34
FL 16 95 58
FL 18 1 998
FL 18 2 497
FL 18 5 86
FL 18 6 327
FL 18 7 512
FL 18 9 103
FL 18 10 499
FL 18 16 418
FL 18 19 296
FL 18 20 372
FL 18 23 316
FL 18 25 367
FL 18 26 452
FL 18 27 478
FL 18 28 450
FL 18 29 999
FL 18 30 410
FL 18 33 426
FL 18 34 287
FL 18 35 316
FL 18 37 499
FL 18 39 194
FL 18 42 354
FL 18 43 354
FL 18 46 171
FL 18 47 998
FL 18 48 209
FL 18 49 499
FL 18 51 58
FL 18 52 92
FL 18 54 265
FL 18 55 428
FL 18 56 433
FL 18 57 328
FL 18 59 80
FL 18 60 203
FL 18 61 76
FL 18 63 507
FL 18 65 47
FL 18 66 71
FL 18 67 96
FL 18 68 111
FL 18 72 998
FL 18 73 76
FL 18 74 414
FL 18 75 998
FL 18 77 340
FL 18 79 485
FL 18 81 998
FL 18 82 217
FL 18 90 998
FL 18 92 508
FL 18 94 504
FL 18 95 304
FL 18 0 1000
FL 19 1 0
FL 19 2 0
FL 19 4 12
FL 19 6 77
FL 19 7 0
FL 19 9 10
FL 19 18 0
FL 19 20 0
FL 19 22 0
FL 19 23 0
FL 19 24 26
FL 19 26 0
FL 19 29 0
FL 19 30 0
FL 19 34 33
FL 19 35 0
FL 19 37 0
FL 19 39 8
FL 19 41 16
FL 19 42 25
FL 19 46 8
FL 19 47 0
FL 19 48 19
FL 19 51 13
FL 19 52 16
FL 19 54 31
FL 19 57 12
FL 19 59 33
FL 19 60 21
FL 19 61 8
FL 19 65 56
FL 19 66 10
FL 19 68 13
FL 19 73 36
FL 19 77 0
FL 19 82 14
FL 19 90 0
FL 19 92 0
FL 19 94 0
FL 19 97 0
FL 19 100 0
FL 20 1 0
FL 20 2 0
FL 20 6 0
FL 20 7 0
FL 20 8 0
FL 20 10 0
FL 20 13 55
FL 20 18 0
FL 20 19 0
FL 20 23 0
FL 20 30 0
FL 20 34 36
FL 20 35 0
FL 20 37 0
FL 20 39 4
FL 20 41 43
FL 20 42 0
FL 20 46 13
FL 20 47 0
FL 20 48 16
FL 20 50 0
FL 20 51 15
FL 20 54 16
FL 20 60 21
FL 20 61 12
FL 20 64 0
FL 20 65 25
FL 20 66 53
FL 20 68 38
FL 20 73 79
FL 20 75 0
FL 20 77 0
FL 20 82 16
FL 20 90 0
FL 20 92 0
FL 20 94 0
FL 20 97 0
FL 21 24 12
FL 21 32 39
FL 21 36 0
FL 21 38 1
FL 21 41 3
FL 21 47 0
FL 21 50 0
FL 21 51 9
FL 21 53 10
FL 21 57 13
FL 21 58 0
FL 21 59 35
FL 21 60 12
FL 21 69 0
FL 21 70 11
FL 21 75 0
FL 21 84 72
FL 21 86 9
FL 21 88 0
FL 21 91 58
FL 21 99 4
FL 22 2 2
FL 22 5 36
FL 22 7 0
FL 22 23 0
FL 22 25 29
FL 22 26 1
FL 22 27 7
FL 22 29 0
FL 22 30 0
FL 22 33 0
FL 22 39 6
FL 22 41 6
FL 22 42 0
FL 22 43 40
FL 22 50 2
FL 22 56 0
FL 22 58 376
FL 22 60 8
FL 22 62 3
FL 22 63 509
FL 22 69 998
FL 22 72 1
FL 22 77 0
FL 22 79 0
FL 22 82 20
FL 22 83 196
FL 22 87 14
FL 23 1 0
FL 23 2 0
FL 23 5 33
FL 23 6 0
FL 23 7 0
FL 23 18 0
FL 23 19 0
FL 23 20 0
FL 23 22 0
FL 23 24 19
FL 23 26 0
FL 23 29 0
FL 23 30 0
FL 23 34 35
FL 23 35 0
FL 23 37 0
FL 23 39 20
FL 23 42 0
FL 23 46 4
FL 23 47 0
FL 23 48 12
FL 23 51 6
FL 23 52 12
FL 23 54 34
FL 23 57 6
FL 23 59 43
FL 23 60 18
FL 23 61 37
FL 23 65 16
FL 23 66 80
FL 23 68 11
FL 23 73 57
FL 23 77 0
FL 23 82 13
FL 23 90 0
FL 23 94 0
FL 24 42 0
FL 24 46 7
FL 24 82 19
FL 25 16 86
FL 25 27 10
FL 25 28 17
FL 25 33 47
FL 25 35 73
FL 25 36 322
FL 25 49 31
FL 25 55 24
FL 25 56 53
FL 25 72 0
FL 25 79 24
FL 25 81 0
FL 25 96 40
FL 26 19 63
FL 26 23 64
FL 26 47 0
FL 26 48 38
FL 26 60 9
FL 26 65 48
FL 26 77 229
FL 26 97 331
FL 26 100 998
FL 27 3 325
FL 27 4 0
FL 27 11 302
FL 27 16 91
FL 27 18 0
FL 27 22 0
FL 27 25 31
FL 27 28 47
FL 27 29 0
FL 27 35 28
FL 27 49 14
FL 27 55 31
FL 27 56 77
FL 27 62 74
FL 27 72 0
FL 27 78 52
FL 27 79 34
FL 27 81 0
FL 28 3 14
FL 28 5 12
FL 28 11 177
FL 28 15 0
FL 28 18 0
FL 28 22 0
FL 28 25 26
FL 28 26 0
FL 28 27 6
FL 28 31 9
FL 28 33 0
FL 28 35 78
FL 28 36 170
FL 28 43 22
FL 28 49 38
FL 28 55 15
FL 28 56 75
FL 28 62 29
FL 28 63 0
FL 28 67 55
FL 28 72 0
FL 28 74 0
FL 28 78 1
FL 28 79 58
FL 28 81 0
FL 28 83 0
FL 28 87 74
FL 28 89 86
FL 28 93 53
FL 28 95 25
FL 28 96 21
FL 29 2 0
FL 29 4 0
FL 29 6 0
FL 29 18 0
FL 29 19 0
FL 29 23 0
FL 29 27 16
FL 29 33 88
FL 29 34 21
FL 29 35 68
FL 29 39 406
FL 29 42 461
FL 29 46 433
FL 29 47 0
FL 29 48 16
FL 29 49 29
FL 29 56 53
FL 29 58 357
FL 29 61 39
FL 29 62 16
FL 29 64 998
FL 29 65 40
FL 29 68 28
FL 29 71 998
FL 29 72 0
FL 29 77 0
FL 29 78 25
FL 29 79 46
FL 29 81 0
FL 29 82 195
FL 29 92 0
FL 30 1 0
FL 30 2 0
FL 30 4 0
FL 30 5 43
FL 30 6 67
FL 30 7 0
FL 30 9 33
FL 30 18 0
FL 30 19 156
FL 30 20 0
FL 30 22 0
FL 30 23 0
FL 30 24 27
FL 30 26 0
FL 30 29 0
FL 30 34 11
FL 30 35 0
FL 30 37 0
FL 30 39 12
FL 30 46 7
FL 30 48 26
FL 30 51 6
FL 30 52 18
FL 30 54 32
FL 30 57 12
FL 30 60 15
FL 30 61 32
FL 30 65 25
FL 30 66 30
FL 30 68 30
FL 30 73 36
FL 30 74 0
FL 30 77 0
FL 30 79 0
FL 30 82 16
FL 30 90 0
FL 30 92 0
FL 30 94 0
FL 30 95 67
FL 30 97 0
FL 30 100 0
FL 31 3 25
FL 31 4 4
FL 31 5 58
FL 31 11 2
FL 31 16 0
FL 31 25 12
FL 31 26 97
FL 31 28 0
FL 31 33 114
FL 31 43 17
FL 31 49 0
FL 31 55 19
FL 31 56 0
FL 31 62 3
FL 31 63 0
FL 31 71 2
FL 31 72 0
FL 31 74 0
FL 31 78 45
FL 31 89 59
FL 31 95 52
FL 31 96 276
FL 32 68 29
FL 33 1 0
FL 33 3 7
FL 33 4 0
FL 33 5 31
FL 33 9 16
FL 33 11 0
FL 33 13 86
FL 33 15 0
FL 33 16 0
FL 33 18 0
FL 33 22 0
FL 33 25 26
FL 33 26 0
FL 33 27 6
FL 33 28 0
FL 33 29 0
FL 33 31 6
FL 33 35 0
FL 33 36 303
FL 33 43 19
FL 33 44 0
FL 33 49 0
FL 33 51 51
FL 33 52 20
FL 33 55 67
FL 33 56 0
FL 33 62 7
FL 33 63 0
FL 33 67 58
FL 33 69 0
FL 33 71 0
FL 33 74 0
FL 33 78 1
FL 33 79 36
FL 33 81 0
FL 33 83 0
FL 33 87 10
FL 33 89 139
FL 33 93 79
FL 33 95 28
FL 34 1 0
FL 34 2 0
FL 34 6 0
FL 34 7 0
FL 34 9 25
FL 34 10 0
FL 34 18 0
FL 34 19 0
FL 34 20 0
FL 34 23 0
FL 34 24 18
FL 34 29 0
FL 34 30 0
FL 34 32 82
FL 34 35 0
FL 34 37 0
FL 34 38 0
FL 34 39 12
FL 34 41 83
FL 34 42 0
FL 34 46 5
FL 34 47 0
FL 34 48 12
FL 34 52 25
FL 34 54 12
FL 34 57 24
FL 34 59 15
FL 34 60 8
FL 34 61 25
FL 34 65 43
FL 34 66 38
FL 34 68 30
FL 34 73 37
FL 34 77 0
FL 34 82 18
FL 34 88 0
FL 34 90 0
FL 34 92 0
FL 34 94 0
FL 34 97 0
FL 35 1 0
FL 35 2 0
FL 35 4 0
FL 35 6 0
FL 35 9 15
FL 35 16 41
FL 35 18 0
FL 35 19 0
FL 35 20 0
FL 35 22 0
FL 35 23 0
FL 35 25 12
FL 35 26 0
FL 35 27 33
FL 35 28 74
FL 35 29 0
FL 35 30 0
FL 35 33 0
FL 35 34 18
FL 35 37 0
FL 35 39 15
FL 35 42 0
FL 35 43 15
FL 35 46 10
FL 35 48 9
FL 35 51 10
FL 35 52 37
FL 35 54 48
FL 35 55 16
FL 35 56 0
FL 35 57 11
FL 35 63 0
FL 35 65 42
FL 35 66 22
FL 35 68 22
FL 35 72 0
FL 35 73 44
FL 35 74 0
FL 35 77 0
FL 35 78 1
FL 35 79 0
FL 35 81 0
FL 35 82 26
FL 35 90 0
FL 35 92 0
FL 35 94 0
FL 35 95 31
FL 35 96 9
FL 35 97 0
FL 35 100 0
FL 36 1 0
FL 36 5 9
FL 36 7 0
FL 36 9 15
FL 36 12 15
FL 36 14 11
FL 36 15 1
FL 36 16 0
FL 36 21 0
FL 36 22 1
FL 36 24 12
FL 36 25 8
FL 36 28 64
FL 36 31 12
FL 36 33 0
FL 36 41 2
FL 36 44 0
FL 36 48 51
FL 36 49 28
FL 36 51 34
FL 36 52 19
FL 36 58 0
FL 36 59 36
FL 36 60 10
FL 36 67 26
FL 36 69 0
FL 36 70 16
FL 36 71 0
FL 36 74 0
FL 36 75 0
FL 36 76 65
FL 36 83 0
FL 36 84 45
FL 36 87 10
FL 37 1 0
FL 37 2 0
FL 37 4 0
FL 37 6 0
FL 37 7 0
FL 37 8 0
FL 37 9 19
FL 37 10 0
FL 37 13 48
FL 37 18 0
FL 37 19 0
FL 37 20 0
FL 37 23 0
FL 37 24 33
FL 37 26 0
FL 37 29 0
FL 37 30 0
FL 37 32 90
FL 37 34 49
FL 37 35 0
FL 37 38 0
FL 37 39 6
FL 37 41 31
FL 37 42 0
FL 37 44 0
FL 37 46 5
FL 37 47 0
FL 37 48 3
FL 37 50 0
FL 37 51 9
FL 37 52 26
FL 37 54 32
FL 37 57 18
FL 37 58 0
FL 37 59 20
FL 37 60 10
FL 37 61 13
FL 37 64 1
FL 37 65 29
FL 37 66 16
FL 37 68 32
FL 37 69 0
FL 37 73 42
FL 37 75 0
FL 37 76 32
FL 37 77 0
FL 37 82 34
FL 37 88 0
FL 37 92 0
FL 37 94 0
FL 37 97 0
FL 37 100 1
FL 38 7 0
FL 38 8 0
FL 38 9 47
FL 38 10 0
FL 38 12 8
FL 38 13 54
FL 38 14 12
FL 38 21 0
FL 38 24 48
FL 38 32 88
FL 38 34 6
FL 38 37 0
FL 38 41 4
FL 38 48 54
FL 38 53 9
FL 38 58 0
FL 38 59 36
FL 38 61 44
FL 38 64 2
FL 38 68 67
FL 38 73 53
FL 38 86 9
FL 38 88 0
FL 38 92 0
FL 38 97 2
FL 38 100 1
FL 39 2 2
FL 39 6 121
FL 39 19 125
FL 39 20 283
FL 39 23 83
FL 39 24 25
FL 39 29 0
FL 39 30 168
FL 39 42 51
FL 39 46 32
FL 39 54 35
FL 39 68 16
FL 39 77 118
FL 39 82 19
FL 41 1 0
FL 41 7 0
FL 41 8 0
FL 41 9 21
FL 41 10 0
FL 41 12 75
FL 41 13 63
FL 41 14 113
FL 41 19 0
FL 41 20 0
FL 41 21 0
FL 41 22 1
FL 41 24 86
FL 41 32 24
FL 41 34 12
FL 41 36 0
FL 41 37 0
FL 41 38 0
FL 41 39 11
FL 41 42 0
FL 41 44 0
FL 41 46 21
FL 41 47 0
FL 41 48 23
FL 41 50 0
FL 41 51 8
FL 41 52 14
FL 41 53 25
FL 41 57 5
FL 41 58 0
FL 41 59 9
FL 41 60 15
FL 41 61 22
FL 41 64 1
FL 41 65 22
FL 41 66 34
FL 41 68 62
FL 41 73 58
FL 41 75 0
FL 41 76 69
FL 41 86 45
FL 41 88 0
FL 41 91 28
FL 41 92 0
FL 41 97 1
FL 41 100 1
FL 42 1 0
FL 42 2 0
FL 42 6 100
FL 42 7 0
FL 42 10 503
FL 42 18 0
FL 42 19 105
FL 42 20 213
FL 42 22 0
FL 42 23 122
FL 42 24 46
FL 42 29 0
FL 42 34 23
FL 42 35 0
FL 42 37 0
FL 42 39 18
FL 42 41 17
FL 42 46 25
FL 42 47 0
FL 42 48 20
FL 42 51 26
FL 42 52 11
FL 42 54 29
FL 42 57 18
FL 42 59 32
FL 42 60 10
FL 42 61 39
FL 42 65 63
FL 42 66 65
FL 42 68 38
FL 42 73 39
FL 42 77 147
FL 42 82 7
FL 42 90 0
FL 42 92 0
FL 42 94 0
FL 42 97 386
FL 43 4 0
FL 43 15 0
FL 43 16 0
FL 43 22 0
FL 43 26 0
FL 43 27 25
FL 43 29 0
FL 43 33 0
FL 43 35 0
FL 43 49 0
FL 43 55 33
FL 43 56 0
FL 43 62 0
FL 43 72 0
FL 43 78 12
FL 43 79 0
FL 43 81 0
FL 43 83 227
FL 43 96 27
FL 44 1 0
FL 44 4 6
FL 44 7 0
FL 44 9 20
FL 44 16 0
FL 44 22 1
FL 44 26 0
FL 44 29 0
FL 44 33 0
FL 44 36 0
FL 44 37 0
FL 44 41 5
FL 44 47 0
FL 44 48 20
FL 44 49 0
FL 44 50 0
FL 44 51 13
FL 44 52 17
FL 44 57 13
FL 44 58 0
FL 44 60 16
FL 44 62 0
FL 44 67 36
FL 44 69 0
FL 44 70 47
FL 44 74 0
FL 44 75 0
FL 44 83 0
FL 44 84 71
FL 44 87 8
FL 44 91 64
FL 44 93 126
FL 44 94 0
FL 44 99 8
FL 46 2 0
FL 46 6 52
FL 46 19 81
FL 46 20 147
FL 46 23 143
FL 46 24 23
FL 46 29 0
FL 46 30 147
FL 46 39 16
FL 46 42 57
FL 46 47 1
FL 46 51 41
FL 46 54 35
FL 46 68 41
FL 46 77 175
FL 46 82 7
FL 46 97 295
FL 47 1 0
FL 47 2 0
FL 47 6 0
FL 47 7 0
FL 47 8 0
FL 47 9 8
FL 47 10 0
FL 47 12 53
FL 47 13 39
FL 47 14 93
FL 47 18 0
FL 47 19 0
FL 47 20 0
FL 47 21 998
FL 47 23 0
FL 47 24 17
FL 47 26 0
FL 47 29 0
FL 47 34 55
FL 47 37 0
FL 47 39 8
FL 47 41 9
FL 47 42 0
FL 47 44 0
FL 47 46 11
FL 47 48 28
FL 47 50 0
FL 47 51 27
FL 47 52 54
FL 47 54 6
FL 47 57 8
FL 47 58 0
FL 47 59 19
FL 47 60 4
FL 47 61 15
FL 47 64 1
FL 47 65 78
FL 47 66 77
FL 47 68 45
FL 47 69 45
FL 47 73 36
FL 47 75 0
FL 47 76 86
FL 47 77 0
FL 47 82 21
FL 47 88 382
FL 47 92 0
FL 47 94 0
FL 47 97 0
FL 47 100 1
FL 48 2 0
FL 48 4 12
FL 48 5 34
FL 48 6 0
FL 48 7 0
FL 48 8 0
FL 48 13 45
FL 48 19 0
FL 48 20 0
FL 48 23 0
FL 48 26 0
FL 48 29 0
FL 48 30 0
FL 48 32 37
FL 48 36 0
FL 48 37 0
FL 48 38 0
FL 48 39 10
FL 48 42 0
FL 48 46 11
FL 48 50 0
FL 48 52 12
FL 48 54 29
FL 48 57 24
FL 48 61 20
FL 48 64 1
FL 48 68 22
FL 48 76 41
FL 48 77 0
FL 48 82 22
FL 48 90 0
FL 48 92 0
FL 48 97 0
FL 49 1 0
FL 49 3 4
FL 49 4 0
FL 49 5 21
FL 49 9 22
FL 49 11 0
FL 49 15 0
FL 49 16 25
FL 49 18 0
FL 49 22 0
FL 49 25 16
FL 49 26 47
FL 49 27 23
FL 49 28 74
FL 49 29 0
FL 49 31 10
FL 49 33 22
FL 49 36 216
FL 49 43 7
FL 49 44 497
FL 49 51 5
FL 49 55 16
FL 49 56 45
FL 49 62 0
FL 49 63 0
FL 49 67 12
FL 49 69 2
FL 49 71 0
FL 49 72 0
FL 49 74 0
FL 49 78 56
FL 49 79 23
FL 49 81 0
FL 49 83 0
FL 49 87 85
FL 49 93 100
FL 49 95 28
FL 49 96 19
FL 50 1 0
FL 50 2 2
FL 50 5 8
FL 50 7 0
FL 50 8 0
FL 50 9 29
FL 50 10 0
FL 50 12 5
FL 50 13 40
FL 50 14 12
FL 50 20 0
FL 50 21 0
FL 50 22 1
FL 50 24 17
FL 50 26 1
FL 50 29 0
FL 50 37 0
FL 50 41 3
FL 50 44 0
FL 50 47 0
FL 50 48 12
FL 50 51 9
FL 50 52 15
FL 50 53 12
FL 50 57 8
FL 50 58 0
FL 50 59 17
FL 50 60 10
FL 50 61 69
FL 50 64 1
FL 50 66 73
FL 50 69 0
FL 50 70 93
FL 50 73 33
FL 50 75 0
FL 50 76 55
FL 50 84 92
FL 50 91 40
FL 50 94 0
FL 50 99 11
FL 51 4 0
FL 51 26 0
FL 51 35 0
FL 51 42 0
FL 51 46 6
FL 51 47 0
FL 51 49 0
FL 51 62 0
FL 51 70 58
FL 51 93 62
FL 52 4 11
FL 52 13 45
FL 52 69 0
FL 52 90 0
FL 53 8 2
FL 53 9 81
FL 53 10 0
FL 53 12 60
FL 53 13 48
FL 53 14 50
FL 53 21 2
FL 53 24 47
FL 53 32 42
FL 53 38 3
FL 53 41 19
FL 53 50 0
FL 53 58 0
FL 53 59 50
FL 53 60 13
FL 53 64 4
FL 53 70 44
FL 53 75 0
FL 53 76 68
FL 53 84 43
FL 53 86 142
FL 53 88 1
FL 53 91 25
FL 53 99 92
FL 54 2 0
FL 54 4 18
FL 54 6 89
FL 54 7 0
FL 54 19 60
FL 54 20 0
FL 54 23 0
FL 54 24 15
FL 54 26 0
FL 54 29 0
FL 54 30 0
FL 54 34 6
FL 54 35 0
FL 54 37 1
FL 54 39 9
FL 54 42 1
FL 54 46 12
FL 54 47 1
FL 54 48 24
FL 54 52 29
FL 54 57 20
FL 54 60 9
FL 54 61 36
FL 54 68 25
FL 54 77 1
FL 54 82 10
FL 54 90 1
FL 54 92 1
FL 54 94 1
FL 54 97 1
FL 54 100 2
FL 55 11 217
FL 55 18 0
FL 55 25 72
FL 55 26 85
FL 55 27 23
FL 55 28 17
FL 55 33 83
FL 55 35 82
FL 55 49 29
FL 55 56 57
FL 55 62 47
FL 55 72 0
FL 55 78 58
FL 55 79 45
FL 55 81 0
FL 56 3 10
FL 56 4 2
FL 56 5 17
FL 56 11 0
FL 56 16 82
FL 56 18 0
FL 56 22 0
FL 56 25 33
FL 56 26 66
FL 56 27 13
FL 56 28 53
FL 56 29 0
FL 56 31 8
FL 56 33 53
FL 56 35 78
FL 56 43 13
FL 56 49 38
FL 56 55 37
FL 56 62 75
FL 56 63 0
FL 56 67 104
FL 56 72 0
FL 56 74 0
FL 56 78 12
FL 56 79 51
FL 56 81 1
FL 56 83 180
FL 56 87 63
FL 56 93 24
FL 56 95 32
FL 56 96 8
FL 57 4 10
FL 57 12 32
FL 57 14 88
FL 57 15 1
FL 57 21 1
FL 57 24 23
FL 57 26 1
FL 57 37 1
FL 57 44 1
FL 57 47 1
FL 57 64 3
FL 57 69 1
FL 57 88 358
FL 57 91 58
FL 58 1 1
FL 58 7 1
FL 58 8 1
FL 58 9 22
FL 58 10 1
FL 58 12 8
FL 58 13 67
FL 58 14 15
FL 58 21 1
FL 58 22 2
FL 58 24 32
FL 58 29 1
FL 58 32 111
FL 58 36 1
FL 58 37 1
FL 58 38 1
FL 58 41 3
FL 58 44 1
FL 58 47 1
FL 58 48 8
FL 58 50 1
FL 58 51 13
FL 58 52 50
FL 58 53 9
FL 58 57 7
FL 58 59 12
FL 58 60 11
FL 58 61 36
FL 58 64 2
FL 58 66 56
FL 58 69 1
FL 58 70 123
FL 58 73 81
FL 58 75 1
FL 58 76 19
FL 58 84 72
FL 58 88 1
FL 58 91 35
FL 58 92 512
FL 58 94 1
FL 58 99 8
FL 59 12 50
FL 59 91 51
FL 60 2 2
FL 60 4 8
FL 60 6 1
FL 60 19 1
FL 60 22 1
FL 60 23 1
FL 60 26 1
FL 60 29 1
FL 60 30 1
FL 60 39 14
FL 60 42 1
FL 60 46 9
FL 60 47 0
FL 60 53 42
FL 60 54 22
FL 60 57 7
FL 60 58 0
FL 60 61 20
FL 60 68 22
FL 60 69 0
FL 60 70 60
FL 60 77 0
FL 60 82 27
FL 60 84 56
FL 60 88 283
FL 60 90 0
FL 61 5 69
FL 61 29 0
FL 62 3 17
FL 62 4 4
FL 62 5 35
FL 62 11 0
FL 62 16 0
FL 62 22 1
FL 62 25 20
FL 62 26 1
FL 62 27 12
FL 62 28 0
FL 62 29 0
FL 62 31 30
FL 62 33 0
FL 62 43 30
FL 62 44 522
FL 62 49 0
FL 62 51 69
FL 62 55 52
FL 62 56 0
FL 62 63 0
FL 62 67 65
FL 62 71 0
FL 62 72 0
FL 62 74 0
FL 62 78 13
FL 62 79 0
FL 62 81 0
FL 62 83 0
FL 62 87 7
FL 62 89 64
FL 62 93 33
FL 62 95 9
FL 62 96 14
FL 63 3 6
FL 63 4 17
FL 63 5 25
FL 63 11 0
FL 63 16 0
FL 63 18 0
FL 63 22 0
FL 63 25 15
FL 63 26 0
FL 63 28 0
FL 63 29 0
FL 63 31 9
FL 63 33 0
FL 63 35 0
FL 63 43 14
FL 63 49 0
FL 63 55 32
FL 63 56 0
FL 63 62 0
FL 63 67 22
FL 63 72 0
FL 63 74 68
FL 63 78 1
FL 63 79 0
FL 63 81 0
FL 63 96 5
FL 64 7 507
FL 64 29 0
FL 64 32 50
FL 64 38 998
FL 64 47 0
FL 64 57 6
FL 65 26 0
FL 66 26 0
FL 66 29 0
FL 66 35 0
FL 66 47 0
FL 66 58 0
FL 66 69 0
FL 67 1 0
FL 67 5 9
FL 67 18 0
FL 67 28 0
FL 67 33 0
FL 67 55 35
FL 67 69 0
FL 67 71 0
FL 67 78 1
FL 67 81 0
FL 68 6 0
FL 68 19 0
FL 68 23 0
FL 68 29 0
FL 68 30 0
FL 68 32 32
FL 68 38 0
FL 68 39 8
FL 68 42 0
FL 68 46 10
FL 68 54 9
FL 68 82 5
FL 69 4 57
FL 69 5 9
FL 69 8 998
FL 69 10 0
FL 69 12 69
FL 69 13 41
FL 69 14 8
FL 69 16 0
FL 69 21 0
FL 69 22 1
FL 69 24 16
FL 69 26 1
FL 69 29 0
FL 69 33 34
FL 69 36 0
FL 69 37 483
FL 69 44 0
FL 69 47 1
FL 69 49 64
FL 69 50 0
FL 69 51 13
FL 69 52 17
FL 69 57 88
FL 69 58 0
FL 69 60 251
FL 69 64 2
FL 69 66 47
FL 69 67 32
FL 69 70 59
FL 69 71 0
FL 69 73 30
FL 69 75 0
FL 69 76 50
FL 69 83 191
FL 69 84 74
FL 69 87 8
FL 69 91 59
FL 69 93 137
FL 69 94 515
FL 69 99 12
FL 70 8 3
FL 70 51 18
FL 70 60 10
FL 70 84 50
FL 71 1 0
FL 71 3 13
FL 71 4 11
FL 71 5 26
FL 71 9 43
FL 71 11 0
FL 71 15 1
FL 71 16 0
FL 71 22 1
FL 71 25 16
FL 71 26 2
FL 71 29 0
FL 71 31 19
FL 71 33 0
FL 71 36 0
FL 71 49 0
FL 71 51 14
FL 71 62 0
FL 71 67 37
FL 71 69 0
FL 71 74 0
FL 71 75 0
FL 71 83 0
FL 71 87 5
FL 71 93 69
FL 71 95 6
FL 72 3 10
FL 72 4 10
FL 72 5 50
FL 72 11 0
FL 72 18 0
FL 72 22 998
FL 72 25 38
FL 72 27 19
FL 72 28 35
FL 72 29 0
FL 72 31 301
FL 72 35 72
FL 72 43 34
FL 72 49 36
FL 72 55 7
FL 72 56 39
FL 72 62 55
FL 72 63 0
FL 72 74 392
FL 72 78 42
FL 72 79 43
FL 72 81 1
FL 72 96 18
FL 73 26 0
FL 73 29 0
FL 73 32 23
FL 73 35 0
FL 73 38 0
FL 73 69 0
FL 74 1 0
FL 74 2 431
FL 74 3 10
FL 74 4 18
FL 74 5 15
FL 74 11 0
FL 74 15 0
FL 74 16 0
FL 74 18 0
FL 74 22 1
FL 74 25 11
FL 74 26 0
FL 74 27 14
FL 74 28 0
FL 74 29 0
FL 74 30 0
FL 74 31 13
FL 74 33 0
FL 74 35 0
FL 74 36 0
FL 74 43 29
FL 74 44 0
FL 74 49 0
FL 74 51 14
FL 74 52 21
FL 74 55 37
FL 74 56 0
FL 74 62 0
FL 74 63 0
FL 74 67 33
FL 74 71 0
FL 74 72 1
FL 74 75 0
FL 74 78 2
FL 74 79 77
FL 74 81 0
FL 74 83 0
FL 74 87 48
FL 74 93 30
FL 74 95 25
FL 74 96 8
FL 75 1 0
FL 75 2 1
FL 75 7 0
FL 75 8 0
FL 75 9 25
FL 75 10 0
FL 75 12 78
FL 75 13 50
FL 75 14 74
FL 75 15 0
FL 75 18 0
FL 75 20 0
FL 75 21 0
FL 75 24 20
FL 75 26 0
FL 75 29 0
FL 75 36 0
FL 75 37 0
FL 75 41 6
FL 75 44 0
FL 75 47 0
FL 75 48 15
FL 75 50 0
FL 75 51 35
FL 75 52 34
FL 75 53 50
FL 75 57 9
FL 75 58 0
FL 75 59 42
FL 75 60 6
FL 75 61 13
FL 75 64 3
FL 75 66 19
FL 75 69 0
FL 75 70 53
FL 75 71 0
FL 75 73 34
FL 75 74 0
FL 75 76 56
FL 75 83 0
FL 75 84 47
FL 75 91 64
FL 75 92 0
FL 75 94 0
FL 75 97 0
FL 76 4 12
FL 76 7 0
FL 76 26 1
FL 76 29 0
FL 76 37 0
FL 76 47 0
FL 76 48 9
FL 76 50 0
FL 76 52 34
FL 76 53 52
FL 76 57 13
FL 76 58 0
FL 76 69 0
FL 76 84 19
FL 76 91 61
FL 76 94 0
FL 76 99 92
FL 77 1 0
FL 77 2 1
FL 77 5 12
FL 77 6 0
FL 77 7 0
FL 77 18 0
FL 77 19 0
FL 77 20 0
FL 77 22 2
FL 77 23 0
FL 77 24 17
FL 77 26 0
FL 77 29 0
FL 77 30 0
FL 77 34 17
FL 77 35 0
FL 77 37 0
FL 77 39 5
FL 77 42 0
FL 77 46 5
FL 77 47 0
FL 77 48 32
FL 77 51 10
FL 77 52 29
FL 77 54 21
FL 77 57 9
FL 77 59 59
FL 77 60 11
FL 77 61 12
FL 77 65 42
FL 77 66 11
FL 77 68 41
FL 77 73 35
FL 77 82 66
FL 77 90 0
FL 77 92 0
FL 77 94 0
FL 78 3 33
FL 78 4 9
FL 78 11 4
FL 78 15 2
FL 78 16 1
FL 78 25 18
FL 78 26 2
FL 78 27 39
FL 78 28 0
FL 78 29 0
FL 78 31 31
FL 78 33 0
FL 78 35 0
FL 78 43 28
FL 78 49 0
FL 78 55 17
FL 78 56 0
FL 78 67 71
FL 78 72 0
FL 78 79 0
FL 78 81 0
FL 78 83 216
FL 78 87 75
FL 78 96 48
FL 79 1 0
FL 79 4 4
FL 79 5 16
FL 79 11 318
FL 79 16 73
FL 79 18 0
FL 79 22 1
FL 79 25 28
FL 79 26 0
FL 79 27 7
FL 79 28 50
FL 79 29 0
FL 79 30 295
FL 79 33 18
FL 79 35 73
FL 79 43 16
FL 79 49 97
FL 79 55 9
FL 79 56 38
FL 79 62 73
FL 79 63 0
FL 79 72 1
FL 79 74 90
FL 79 78 24
FL 79 81 0
FL 79 95 24
FL 81 3 8
FL 81 4 4
FL 81 5 10
FL 81 11 0
FL 81 15 998
FL 81 16 70
FL 81 18 0
FL 81 22 1
FL 81 25 16
FL 81 26 0
FL 81 27 22
FL 81 28 67
FL 81 29 0
FL 81 31 13
FL 81 33 48
FL 81 35 75
FL 81 43 10
FL 81 49 31
FL 81 55 18
FL 81 56 52
FL 81 62 59
FL 81 63 0
FL 81 67 34
FL 81 72 0
FL 81 74 0
FL 81 78 3
FL 81 79 15
FL 81 95 65
FL 81 96 50
FL 82 2 2
FL 82 6 178
FL 82 19 89
FL 82 20 0
FL 82 22 1
FL 82 23 112
FL 82 24 34
FL 82 29 0
FL 82 30 0
FL 82 39 9
FL 82 42 25
FL 82 46 11
FL 82 47 0
FL 82 54 11
FL 82 68 65
FL 82 77 0
FL 82 97 0
FL 83 3 12
FL 83 4 8
FL 83 5 28
FL 83 11 0
FL 83 15 4
FL 83 16 0
FL 83 22 2
FL 83 25 25
FL 83 26 1
FL 83 28 0
FL 83 31 32
FL 83 33 0
FL 83 36 1
FL 83 43 22
FL 83 44 3
FL 83 49 0
FL 83 51 36
FL 83 56 33
FL 83 62 0
FL 83 67 39
FL 83 69 1
FL 83 71 1
FL 83 74 0
FL 83 75 0
FL 83 78 2
FL 83 87 50
FL 83 89 114
FL 83 93 64
FL 84 60 19
FL 86 9 33
FL 86 12 45
FL 86 14 72
FL 86 21 2
FL 86 24 52
FL 86 32 32
FL 86 38 1
FL 86 41 35
FL 86 53 42
FL 86 59 32
FL 86 88 0
FL 86 99 60
FL 87 3 10
FL 87 4 8
FL 87 5 37
FL 87 11 0
FL 87 15 1
FL 87 16 0
FL 87 22 1
FL 87 25 6
FL 87 26 2
FL 87 28 0
FL 87 29 0
FL 87 31 15
FL 87 33 0
FL 87 36 1
FL 87 43 36
FL 87 44 0
FL 87 49 0
FL 87 51 33
FL 87 56 0
FL 87 62 0
FL 87 67 41
FL 87 69 0
FL 87 71 0
FL 87 74 0
FL 87 78 13
FL 87 83 0
FL 87 89 126
FL 87 93 103
FL 87 95 59
FL 88 1 0
FL 88 7 0
FL 88 8 0
FL 88 9 23
FL 88 10 0
FL 88 12 12
FL 88 13 59
FL 88 14 11
FL 88 21 0
FL 88 24 4
FL 88 32 69
FL 88 34 18
FL 88 37 0
FL 88 38 0
FL 88 41 5
FL 88 47 0
FL 88 53 8
FL 88 57 3
FL 88 58 0
FL 88 59 9
FL 88 60 17
FL 88 61 28
FL 88 64 1
FL 88 86 12
FL 89 33 0
FL 90 1 0
FL 90 2 1
FL 90 6 0
FL 90 7 0
FL 90 18 0
FL 90 19 0
FL 90 20 0
FL 90 23 0
FL 90 24 16
FL 90 30 0
FL 90 34 25
FL 90 35 0
FL 90 39 19
FL 90 42 0
FL 90 46 9
FL 90 48 10
FL 90 52 20
FL 90 54 16
FL 90 57 6
FL 90 60 6
FL 90 61 35
FL 90 65 17
FL 90 66 16
FL 90 68 14
FL 90 77 0
FL 90 82 13
FL 90 92 0
FL 90 97 0
FL 91 9 21
FL 91 59 50
FL 92 1 0
FL 92 2 1
FL 92 6 0
FL 92 7 0
FL 92 9 33
FL 92 18 0
FL 92 19 0
FL 92 20 0
FL 92 24 13
FL 92 26 0
FL 92 29 0
FL 92 30 0
FL 92 32 28
FL 92 34 27
FL 92 35 0
FL 92 37 0
FL 92 38 0
FL 92 39 20
FL 92 41 31
FL 92 42 0
FL 92 46 19
FL 92 47 0
FL 92 48 12
FL 92 51 14
FL 92 52 9
FL 92 54 14
FL 92 57 9
FL 92 58 268
FL 92 59 27
FL 92 60 20
FL 92 61 26
FL 92 65 45
FL 92 75 0
FL 92 77 0
FL 92 82 33
FL 92 90 0
FL 92 94 0
FL 93 51 20
FL 94 1 0
FL 94 2 1
FL 94 6 0
FL 94 7 0
FL 94 8 0
FL 94 10 0
FL 94 13 45
FL 94 18 0
FL 94 19 0
FL 94 20 0
FL 94 23 0
FL 94 29 0
FL 94 30 0
FL 94 34 49
FL 94 35 0
FL 94 37 0
FL 94 39 16
FL 94 42 0
FL 94 44 0
FL 94 46 8
FL 94 47 0
FL 94 48 18
FL 94 50 0
FL 94 51 27
FL 94 54 68
FL 94 57 22
FL 94 58 0
FL 94 60 10
FL 94 61 58
FL 94 64 1
FL 94 65 53
FL 94 66 77
FL 94 68 41
FL 94 69 0
FL 94 73 30
FL 94 75 0
FL 94 76 26
FL 94 77 0
FL 94 82 14
FL 94 84 49
FL 94 91 38
FL 94 92 0
FL 94 97 1
FL 95 1 0
FL 95 3 10
FL 95 4 11
FL 95 5 40
FL 95 16 0
FL 95 18 0
FL 95 27 31
FL 95 28 0
FL 95 29 0
FL 95 30 0
FL 95 31 11
FL 95 33 0
FL 95 35 0
FL 95 43 38
FL 95 49 0
FL 95 51 48
FL 95 55 5
FL 95 56 0
FL 95 62 0
FL 95 67 63
FL 95 71 0
FL 95 74 0
FL 95 78 1
FL 95 79 0
FL 95 81 0
FL 95 87 80
FL 95 93 60
FL 95 96 20
FL 96 3 42
FL 96 25 48
FL 96 27 59
FL 96 31 43
FL 96 35 0
FL 96 43 68
FL 96 49 32
FL 96 55 28
FL 96 56 0
FL 96 62 227
FL 96 72 0
FL 96 78 40
FL 96 81 0
FL 97 1 0
FL 97 6 0
FL 97 7 0
FL 97 9 33
FL 97 19 0
FL 97 20 0
FL 97 24 27
FL 97 26 1
FL 97 29 0
FL 97 30 0
FL 97 34 4
FL 97 35 0
FL 97 37 0
FL 97 38 0
FL 97 41 3
FL 97 42 0
FL 97 46 13
FL 97 47 0
FL 97 48 50
FL 97 51 33
FL 97 52 25
FL 97 54 10
FL 97 57 12
FL 97 59 46
FL 97 61 27
FL 97 65 68
FL 97 75 0
FL 97 82 45
FL 97 90 0
FL 97 94 0
FL 99 8 1
FL 99 10 0
FL 99 12 96
FL 99 13 29
FL 99 14 42
FL 99 21 4
FL 99 44 3
FL 99 50 0
FL 99 53 59
FL 99 58 0
FL 99 64 3
FL 99 69 0
FL 99 70 45
FL 99 76 15
FL 99 86 145
FL 99 91 58
FL 100 1 0
FL 100 6 0
FL 100 9 49
FL 100 19 0
FL 100 24 36
FL 100 26 1
FL 100 30 0
FL 100 35 0
FL 100 37 0
FL 100 38 5
FL 100 41 4
FL 100 46 7
FL 100 47 0
FL 100 51 22
FL 100 52 16
FL 100 54 40
FL 100 59 33
FL 100 82 15
FU 0 74 20
FU 0 88 16
FU 0 21 5
FU 0 20 2
FU 0 6 3
FU 0 81 2
FU 0 94 2
FU 0 72 2
FU 0 56 6
FU 0 69 6
FU 0 87 350
FU 0 8 2
FU 0 10 3
FU 0 58 14
FU 0 15 3
FU 0 28 5
FU 0 95 61
FU 0 35 2
FU 0 49 2
FU 0 38 7
FU 0 86 362
FU 0 36 16
FU 0 62 25
FU 0 42 2
FU 0 44 10
FU 0 90 2
FU 0 97 6
FU 0 99 407
FU 0 53 414
FU 0 92 2
FU 0 12 420
FU 0 33 2
FU 0 11 21
FU 0 83 22
FU 0 23 9
FU 0 1 2
FU 0 100 2
FU 0 7 2
FU 0 37 4
FU 0 50 2
FU 0 34 54
FU 0 41 198
FU 0 30 2
FU 0 75 2
FU 0 63 3
FU 0 47 2
FU 0 79 2
FU 0 71 2
FU 0 77 2
FU 0 16 4
FU 0 19 2
FU 0 14 416
FU 0 2 4
FU 0 3 216
FU 0 4 32
FU 0 5 39
FU 0 9 107
FU 0 13 73
FU 0 17 1000
FU 0 22 3
FU 0 24 37
FU 0 25 23
FU 0 26 3
FU 0 27 38
FU 0 29 2
FU 0 31 226
FU 0 32 25
FU 0 39 43
FU 0 40 1000
FU 0 43 91
FU 0 45 1000
FU 0 46 28
FU 0 48 60
FU 0 51 42
FU 0 52 45
FU 0 54 60
FU 0 55 35
FU 0 57 55
FU 0 59 54
FU 0 60 43
FU 0 61 70
FU 0 64 3
FU 0 65 111
FU 0 66 60
FU 0 67 61
FU 0 68 32
FU 0 70 113
FU 0 73 92
FU 0 76 170
FU 0 78 234
FU 0 80 1000
FU 0 82 33
FU 0 84 87
FU 0 85 1000
FU 0 89 117
FU 0 91 51
FU 0 93 49
FU 0 96 373
FU 0 98 1000
FU 1 2 0
FU 1 4 49
FU 1 5 26
FU 1 6 3
FU 1 7 1
FU 1 8 2
FU 1 9 50
FU 1 10 2
FU 1 13 85
FU 1 18 0
FU 1 19 0
FU 1 20 0
FU 1 23 4
FU 1 24 47
FU 1 26 1
FU 1 29 0
FU 1 30 0
FU 1 33 1
FU 1 34 64
FU 1 35 7
FU 1 36 18
FU 1 37 1
FU 1 39 31
FU 1 41 313
FU 1 42 0
FU 1 44 13
FU 1 46 33
FU 1 47 0
FU 1 48 49
FU 1 49 0
FU 1 50 3
FU 1 51 58
FU 1 52 69
FU 1 54 30
FU 1 57 12
FU 1 58 15
FU 1 59 45
FU 1 60 35
FU 1 61 33
FU 1 64 1
FU 1 65 8
FU 1 66 46
FU 1 67 53
FU 1 68 55
FU 1 71 1
FU 1 73 63
FU 1 74 5
FU 1 75 0
FU 1 76 155
FU 1 77 5
FU 1 79 0
FU 1 82 27
FU 1 88 7
FU 1 90 0
FU 1 92 0
FU 1 94 0
FU 1 95 103
FU 1 97 11
FU 1 100 1
FU 2 4 17
FU 2 6 0
FU 2 7 0
FU 2 19 0
FU 2 20 0
FU 2 22 1
FU 2 23 0
FU 2 24 23
FU 2 26 5
FU 2 29 0
FU 2 30 0
FU 2 34 20
FU 2 39 43
FU 2 42 0
FU 2 46 20
FU 2 47 0
FU 2 48 14
FU 2 50 995
FU 2 52 47
FU 2 54 33
FU 2 57 39
FU 2 60 14
FU 2 61 30
FU 2 68 22
FU 2 74 41
FU 2 75 0
FU 2 77 0
FU 2 82 19
FU 2 90 0
FU 2 92 0
FU 2 94 0
FU 3 4 23
FU 3 16 91
FU 3 26 67
FU 3 27 22
FU 3 28 46
FU 3 33 48
FU 3 62 216
FU 3 63 0
FU 3 71 0
FU 3 72 0
FU 3 78 43
FU 3 83 0
FU 3 89 103
FU 3 96 42
FU 4 2 79
FU 4 3 22
FU 4 10 14
FU 4 11 0
FU 4 16 0
FU 4 19 54
FU 4 25 18
FU 4 26 0
FU 4 27 19
FU 4 29 0
FU 4 30 0
FU 4 31 32
FU 4 33 0
FU 4 37 31
FU 4 43 29
FU 4 44 0
FU 4 48 25
FU 4 49 0
FU 4 51 18
FU 4 52 46
FU 4 54 20
FU 4 56 0
FU 4 57 9
FU 4 60 73
FU 4 62 8
FU 4 69 0
FU 4 71 0
FU 4 72 0
FU 4 76 51
FU 4 78 4
FU 4 79 0
FU 4 81 0
FU 4 83 0
FU 4 87 14
FU 4 89 58
FU 4 95 9
FU 5 23 154
FU 5 30 0
FU 5 61 42
FU 5 77 0
FU 6 1 0
FU 6 2 0
FU 6 7 0
FU 6 9 24
FU 6 10 0
FU 6 18 0
FU 6 19 0
FU 6 20 0
FU 6 23 0
FU 6 24 32
FU 6 26 0
FU 6 29 0
FU 6 30 0
FU 6 34 64
FU 6 35 0
FU 6 37 0
FU 6 39 41
FU 6 42 0
FU 6 46 27
FU 6 47 0
FU 6 48 62
FU 6 51 29
FU 6 52 51
FU 6 54 29
FU 6 57 28
FU 6 60 5
FU 6 61 23
FU 6 65 41
FU 6 66 35
FU 6 68 32
FU 6 73 5
FU 6 77 0
FU 6 82 15
FU 6 90 0
FU 6 92 0
FU 6 94 0
FU 6 97 0
FU 6 100 0
FU 7 1 0
FU 7 2 0
FU 7 6 0
FU 7 8 0
FU 7 9 29
FU 7 10 0
FU 7 13 49
FU 7 18 0
FU 7 19 0
FU 7 20 0
FU 7 22 0
FU 7 23 0
FU 7 24 21
FU 7 30 0
FU 7 32 30
FU 7 34 35
FU 7 36 0
FU 7 37 0
FU 7 38 0
FU 7 39 14
FU 7 41 41
FU 7 42 0
FU 7 44 0
FU 7 46 8
FU 7 47 0
FU 7 48 21
FU 7 50 0
FU 7 51 15
FU 7 52 23
FU 7 54 21
FU 7 57 19
FU 7 58 0
FU 7 59 37
FU 7 60 24
FU 7 61 34
FU 7 64 0
FU 7 65 18
FU 7 66 79
FU 7 68 35
FU 7 73 17
FU 7 75 0
FU 7 76 31
FU 7 77 0
FU 7 82 5
FU 7 88 0
FU 7 90 0
FU 7 92 0
FU 7 94 0
FU 7 97 0
FU 8 1 0
FU 8 7 0
FU 8 9 20
FU 8 20 0
FU 8 24 19
FU 8 32 39
FU 8 37 0
FU 8 38 0
FU 8 41 1
FU 8 47 0
FU 8 48 7
FU 8 50 0
FU 8 51 6
FU 8 52 25
FU 8 53 5
FU 8 57 22
FU 8 58 0
FU 8 59 35
FU 8 60 14
FU 8 61 11
FU 8 69 0
FU 8 70 32
FU 8 75 0
FU 8 84 18
FU 8 88 0
FU 8 91 58
FU 8 94 0
FU 8 99 3
FU 9 86 130
FU 9 91 65
FU 10 1 0
FU 10 2 0
FU 10 4 0
FU 10 6 0
FU 10 7 0
FU 10 9 19
FU 10 18 0
FU 10 20 0
FU 10 24 21
FU 10 26 0
FU 10 29 0
FU 10 32 52
FU 10 34 12
FU 10 37 0
FU 10 38 0
FU 10 41 17
FU 10 42 44
FU 10 46 12
FU 10 47 0
FU 10 48 28
FU 10 50 0
FU 10 51 19
FU 10 52 16
FU 10 53 38
FU 10 54 10
FU 10 57 6
FU 10 58 0
FU 10 59 55
FU 10 60 8
FU 10 61 28
FU 10 65 81
FU 10 69 0
FU 10 70 97
FU 10 75 0
FU 10 84 82
FU 10 88 0
FU 10 91 45
FU 10 94 0
FU 10 99 112
FU 11 3 54
FU 11 4 0
FU 11 5 64
FU 11 15 0
FU 11 16 0
FU 11 22 0
FU 11 25 19
FU 11 26 0
FU 11 27 15
FU 11 28 0
FU 11 31 27
FU 11 33 0
FU 11 43 25
FU 11 49 0
FU 11 55 41
FU 11 56 0
FU 11 62 0
FU 11 63 0
FU 11 67 46
FU 11 71 0
FU 11 72 0
FU 11 74 0
FU 11 78 3
FU 11 79 0
FU 11 81 0
FU 11 83 0
FU 11 87 12
FU 12 24 12
FU 12 32 42
FU 12 36 0
FU 12 38 0
FU 12 41 36
FU 12 47 0
FU 12 50 0
FU 12 51 22
FU 12 53 119
FU 12 57 21
FU 12 58 0
FU 12 59 22
FU 12 60 5
FU 12 69 0
FU 12 70 104
FU 12 75 0
FU 12 84 96
FU 12 86 122
FU 12 88 0
FU 12 91 83
FU 12 99 106
FU 13 20 0
FU 14 24 20
FU 14 32 70
FU 14 36 0
FU 14 38 0
FU 14 41 40
FU 14 47 0
FU 14 50 0
FU 14 51 16
FU 14 53 113
FU 14 57 8
FU 14 58 1
FU 14 59 27
FU 14 60 26
FU 14 69 0
FU 14 70 53
FU 14 75 0
FU 14 84 53
FU 14 86 48
FU 14 88 3
FU 14 91 79
FU 14 99 116
FU 15 3 17
FU 15 11 0
FU 15 16 0
FU 15 22 0
FU 15 25 46
FU 15 27 9
FU 15 28 0
FU 15 31 55
FU 15 33 0
FU 15 36 0
FU 15 43 24
FU 15 49 0
FU 15 51 19
FU 15 57 51
FU 15 67 16
FU 15 71 0
FU 15 74 0
FU 15 75 0
FU 15 78 12
FU 15 81 0
FU 15 83 0
FU 15 87 8
FU 15 89 78
FU 16 3 18
FU 16 4 0
FU 16 5 92
FU 16 11 0
FU 16 15 0
FU 16 18 0
FU 16 25 31
FU 16 26 138
FU 16 27 23
FU 16 31 3
FU 16 33 24
FU 16 35 66
FU 16 36 0
FU 16 43 26
FU 16 44 0
FU 16 49 38
FU 16 56 41
FU 16 62 38
FU 16 63 0
FU 16 67 22
FU 16 69 0
FU 16 71 0
FU 16 74 0
FU 16 78 1
FU 16 79 74
FU 16 81 1
FU 16 83 0
FU 16 87 90
FU 16 89 57
FU 16 93 29
FU 16 95 57
FU 18 1 998
FU 18 2 461
FU 18 5 85
FU 18 6 326
FU 18 7 509
FU 18 9 101
FU 18 10 504
FU 18 16 431
FU 18 19 310
FU 18 20 413
FU 18 23 327
FU 18 25 356
FU 18 26 466
FU 18 27 480
FU 18 28 458
FU 18 29 998
FU 18 30 429
FU 18 33 432
FU 18 34 289
FU 18 35 334
FU 18 37 510
FU 18 39 168
FU 18 42 284
FU 18 43 351
FU 18 46 128
FU 18 47 997
FU 18 48 204
FU 18 49 499
FU 18 51 67
FU 18 52 98
FU 18 54 269
FU 18 55 433
FU 18 56 428
FU 18 57 314
FU 18 59 81
FU 18 60 185
FU 18 61 75
FU 18 63 500
FU 18 65 42
FU 18 66 72
FU 18 67 96
FU 18 68 119
FU 18 72 997
FU 18 73 81
FU 18 74 406
FU 18 75 998
FU 18 77 359
FU 18 79 490
FU 18 81 997
FU 18 82 214
FU 18 90 998
FU 18 92 520
FU 18 94 504
FU 18 95 298
FU 18 0 1000
FU 19 1 0
FU 19 2 0
FU 19 4 23
FU 19 6 71
FU 19 7 0
FU 19 9 12
FU 19 18 0
FU 19 20 0
FU 19 22 0
FU 19 23 0
FU 19 24 20
FU 19 26 0
FU 19 29 0
FU 19 30 0
FU 19 34 36
FU 19 35 0
FU 19 37 0
FU 19 39 9
FU 19 41 18
FU 19 42 56
FU 19 46 5
FU 19 47 0
FU 19 48 15
FU 19 51 12
FU 19 52 9
FU 19 54 32
FU 19 57 25
FU 19 59 36
FU 19 60 27
FU 19 61 14
FU 19 65 51
FU 19 66 9
FU 19 68 10
FU 19 73 41
FU 19 77 0
FU 19 82 11
FU 19 90 0
FU 19 92 0
FU 19 94 0
FU 19 97 0
FU 19 100 0
FU 20 1 0
FU 20 2 0
FU 20 6 0
FU 20 7 0
FU 20 8 0
FU 20 10 0
FU 20 13 53
FU 20 18 0
FU 20 19 0
FU 20 23 0
FU 20 30 0
FU 20 34 41
FU 20 35 0
FU 20 37 0
FU 20 39 7
FU 20 41 41
FU 20 42 0
FU 20 46 3
FU 20 47 0
FU 20 48 19
FU 20 50 0
FU 20 51 12
FU 20 54 11
FU 20 60 18
FU 20 61 12
FU 20 64 0
FU 20 65 22
FU 20 66 55
FU 20 68 29
FU 20 73 75
FU 20 75 0
FU 20 77 0
FU 20 82 25
FU 20 90 0
FU 20 92 0
FU 20 94 0
FU 20 97 0
FU 21 24 13
FU 21 32 40
FU 21 36 0
FU 21 38 0
FU 21 41 2
FU 21 47 0
FU 21 50 0
FU 21 51 9
FU 21 53 16
FU 21 57 9
FU 21 58 0
FU 21 59 39
FU 21 60 9
FU 21 69 0
FU 21 70 12
FU 21 75 0
FU 21 84 70
FU 21 86 7
FU 21 88 0
FU 21 91 52
FU 21 99 2
FU 22 2 0
FU 22 5 43
FU 22 7 0
FU 22 23 0
FU 22 25 30
FU 22 26 1
FU 22 27 7
FU 22 29 0
FU 22 30 0
FU 22 33 0
FU 22 39 9
FU 22 41 5
FU 22 42 0
FU 22 43 43
FU 22 50 0
FU 22 56 0
FU 22 58 364
FU 22 60 8
FU 22 62 3
FU 22 63 497
FU 22 69 978
FU 22 72 0
FU 22 77 0
FU 22 79 0
FU 22 82 25
FU 22 83 172
FU 22 87 8
FU 23 1 0
FU 23 2 0
FU 23 5 33
FU 23 6 0
FU 23 7 0
FU 23 18 0
FU 23 19 0
FU 23 20 0
FU 23 22 0
FU 23 24 14
FU 23 26 0
FU 23 29 0
FU 23 30 0
FU 23 34 36
FU 23 35 0
FU 23 37 0
FU 23 39 20
FU 23 42 0
FU 23 46 7
FU 23 47 0
FU 23 48 18
FU 23 51 5
FU 23 52 8
FU 23 54 30
FU 23 57 1
FU 23 59 43
FU 23 60 10
FU 23 61 40
FU 23 65 16
FU 23 66 80
FU 23 68 7
FU 23 73 48
FU 23 77 0
FU 23 82 9
FU 23 90 0
FU 23 94 0
FU 24 42 0
FU 24 46 14
FU 24 82 22
FU 25 16 73
FU 25 27 10
FU 25 28 10
FU 25 33 42
FU 25 35 60
FU 25 36 315
FU 25 49 42
FU 25 55 17
FU 25 56 48
FU 25 72 0
FU 25 79 22
FU 25 81 0
FU 25 96 51
FU 26 19 61
FU 26 23 67
FU 26 47 0
FU 26 48 32
FU 26 60 7
FU 26 65 40
FU 26 77 227
FU 26 97 311
FU 26 100 997
FU 27 3 312
FU 27 4 0
FU 27 11 280
FU 27 16 105
FU 27 18 0
FU 27 22 0
FU 27 25 29
FU 27 28 43
FU 27 29 0
FU 27 35 26
FU 27 49 10
FU 27 55 37
FU 27 56 69
FU 27 62 80
FU 27 72 0
FU 27 78 74
FU 27 79 34
FU 27 81 0
FU 28 3 11
FU 28 5 10
FU 28 11 175
FU 28 15 0
FU 28 18 0
FU 28 22 0
FU 28 25 29
FU 28 26 0
FU 28 27 6
FU 28 31 12
FU 28 33 0
FU 28 35 63
FU 28 36 168
FU 28 43 25
FU 28 49 40
FU 28 55 13
FU 28 56 77
FU 28 62 43
FU 28 63 0
FU 28 67 49
FU 28 72 0
FU 28 74 0
FU 28 78 1
FU 28 79 75
FU 28 81 0
FU 28 83 0
FU 28 87 61
FU 28 89 91
FU 28 93 51
FU 28 95 35
FU 28 96 30
FU 29 2 0
FU 29 4 0
FU 29 6 0
FU 29 18 0
FU 29 19 0
FU 29 23 0
FU 29 27 15
FU 29 33 77
FU 29 34 17
FU 29 35 49
FU 29 39 391
FU 29 42 420
FU 29 46 418
FU 29 47 0
FU 29 48 32
FU 29 49 29
FU 29 56 46
FU 29 58 359
FU 29 61 42
FU 29 62 17
FU 29 64 996
FU 29 65 40
FU 29 68 27
FU 29 71 997
FU 29 72 0
FU 29 77 0
FU 29 78 20
FU 29 79 41
FU 29 81 0
FU 29 82 192
FU 29 92 0
FU 30 1 0
FU 30 2 0
FU 30 4 0
FU 30 5 44
FU 30 6 67
FU 30 7 0
FU 30 9 32
FU 30 18 0
FU 30 19 137
FU 30 20 0
FU 30 22 0
FU 30 23 0
FU 30 24 27
FU 30 26 0
FU 30 29 0
FU 30 34 11
FU 30 35 0
FU 30 37 0
FU 30 39 23
FU 30 46 4
FU 30 48 31
FU 30 51 7
FU 30 52 14
FU 30 54 26
FU 30 57 14
FU 30 60 9
FU 30 61 33
FU 30 65 28
FU 30 66 25
FU 30 68 31
FU 30 73 35
FU 30 74 0
FU 30 77 0
FU 30 79 0
FU 30 82 15
FU 30 90 0
FU 30 92 0
FU 30 94 0
FU 30 95 78
FU 30 97 0
FU 30 100 0
FU 31 3 37
FU 31 4 3
FU 31 5 60
FU 31 11 1
FU 31 16 0
FU 31 25 11
FU 31 26 87
FU 31 28 0
FU 31 33 106
FU 31 43 22
FU 31 49 0
FU 31 55 16
FU 31 56 0
FU 31 62 1
FU 31 63 0
FU 31 71 0
FU 31 72 0
FU 31 74 0
FU 31 78 84
FU 31 89 65
FU 31 95 44
FU 31 96 196
FU 32 68 29
FU 33 1 0
FU 33 3 11
FU 33 4 0
FU 33 5 34
FU 33 9 20
FU 33 11 0
FU 33 13 80
FU 33 15 0
FU 33 16 0
FU 33 18 0
FU 33 22 0
FU 33 25 25
FU 33 26 0
FU 33 27 4
FU 33 28 0
FU 33 29 0
FU 33 31 21
FU 33 35 0
FU 33 36 270
FU 33 43 14
FU 33 44 0
FU 33 49 0
FU 33 51 56
FU 33 52 27
FU 33 55 62
FU 33 56 0
FU 33 62 6
FU 33 63 0
FU 33 67 57
FU 33 69 0
FU 33 71 0
FU 33 74 0
FU 33 78 0
FU 33 79 40
FU 33 81 0
FU 33 83 0
FU 33 87 36
FU 33 89 131
FU 33 93 71
FU 33 95 31
FU 34 1 0
FU 34 2 0
FU 34 6 0
FU 34 7 0
FU 34 9 22
FU 34 10 0
FU 34 18 0
FU 34 19 0
FU 34 20 0
FU 34 23 0
FU 34 24 11
FU 34 29 0
FU 34 30 0
FU 34 32 76
FU 34 35 0
FU 34 37 0
FU 34 38 0
FU 34 39 13
FU 34 41 91
FU 34 42 0
FU 34 46 5
FU 34 47 0
FU 34 48 14
FU 34 52 21
FU 34 54 8
FU 34 57 18
FU 34 59 17
FU 34 60 8
FU 34 61 25
FU 34 65 44
FU 34 66 35
FU 34 68 34
FU 34 73 36
FU 34 77 0
FU 34 82 22
FU 34 88 0
FU 34 90 0
FU 34 92 0
FU 34 94 0
FU 34 97 0
FU 35 1 0
FU 35 2 0
FU 35 4 0
FU 35 6 0
FU 35 9 16
FU 35 16 35
FU 35 18 0
FU 35 19 0
FU 35 20 0
FU 35 22 0
FU 35 23 0
FU 35 25 12
FU 35 26 0
FU 35 27 47
FU 35 28 68
FU 35 29 0
FU 35 30 0
FU 35 33 0
FU 35 34 25
FU 35 37 0
FU 35 39 7
FU 35 42 0
FU 35 43 17
FU 35 46 13
FU 35 48 8
FU 35 51 4
FU 35 52 42
FU 35 54 49
FU 35 55 12
FU 35 56 0
FU 35 57 13
FU 35 63 0
FU 35 65 39
FU 35 66 22
FU 35 68 22
FU 35 72 0
FU 35 73 44
FU 35 74 0
FU 35 77 0
FU 35 78 1
FU 35 79 0
FU 35 81 0
FU 35 82 26
FU 35 90 0
FU 35 92 0
FU 35 94 0
FU 35 95 31
FU 35 96 9
FU 35 97 0
FU 35 100 0
FU 36 1 0
FU 36 5 8
FU 36 7 0
FU 36 9 22
FU 36 12 14
FU 36 14 16
FU 36 15 0
FU 36 16 0
FU 36 21 0
FU 36 22 0
FU 36 24 9
FU 36 25 5
FU 36 28 62
FU 36 31 14
FU 36 33 0
FU 36 41 2
FU 36 44 0
FU 36 48 47
FU 36 49 21
FU 36 51 31
FU 36 52 21
FU 36 58 0
FU 36 59 32
FU 36 60 11
FU 36 67 26
FU 36 69 0
FU 36 70 16
FU 36 71 0
FU 36 74 0
FU 36 75 0
FU 36 76 64
FU 36 83 0
FU 36 84 40
FU 36 87 9
FU 37 1 0
FU 37 2 0
FU 37 4 0
FU 37 6 0
FU 37 7 0
FU 37 8 0
FU 37 9 16
FU 37 10 0
FU 37 13 39
FU 37 18 0
FU 37 19 0
FU 37 20 0
FU 37 23 0
FU 37 24 39
FU 37 26 0
FU 37 29 0
FU 37 30 0
FU 37 32 91
FU 37 34 42
FU 37 35 0
FU 37 38 0
FU 37 39 9
FU 37 41 31
FU 37 42 0
FU 37 44 0
FU 37 46 4
FU 37 47 0
FU 37 48 0
FU 37 50 0
FU 37 51 5
FU 37 52 34
FU 37 54 30
FU 37 57 23
FU 37 58 0
FU 37 59 14
FU 37 60 9
FU 37 61 8
FU 37 64 0
FU 37 65 32
FU 37 66 16
FU 37 68 35
FU 37 69 0
FU 37 73 47
FU 37 75 0
FU 37 76 29
FU 37 77 0
FU 37 82 36
FU 37 88 0
FU 37 92 0
FU 37 94 0
FU 37 97 0
FU 37 100 0
FU 38 7 0
FU 38 8 0
FU 38 9 46
FU 38 10 0
FU 38 12 6
FU 38 13 50
FU 38 14 14
FU 38 21 0
FU 38 24 49
FU 38 32 85
FU 38 34 10
FU 38 37 0
FU 38 41 5
FU 38 48 62
FU 38 53 9
FU 38 58 0
FU 38 59 34
FU 38 61 52
FU 38 64 0
FU 38 68 68
FU 38 73 46
FU 38 86 9
FU 38 88 0
FU 38 92 0
FU 38 97 0
FU 38 100 0
FU 39 2 0
FU 39 6 119
FU 39 19 111
FU 39 20 262
FU 39 23 83
FU 39 24 25
FU 39 29 0
FU 39 30 141
FU 39 42 81
FU 39 46 32
FU 39 54 34
FU 39 68 16
FU 39 77 94
FU 39 82 17
FU 41 1 0
FU 41 7 0
FU 41 8 0
FU 41 9 24
FU 41 10 0
FU 41 12 70
FU 41 13 71
FU 41 14 102
FU 41 19 0
FU 41 20 0
FU 41 21 0
FU 41 22 0
FU 41 24 84
FU 41 32 22
FU 41 34 12
FU 41 36 0
FU 41 37 0
FU 41 38 0
FU 41 39 10
FU 41 42 0
FU 41 44 0
FU 41 46 29
FU 41 47 0
FU 41 48 16
FU 41 50 0
FU 41 51 13
FU 41 52 15
FU 41 53 26
FU 41 57 15
FU 41 58 0
FU 41 59 10
FU 41 60 14
FU 41 61 18
FU 41 64 0
FU 41 65 26
FU 41 66 32
FU 41 68 55
FU 41 73 56
FU 41 75 0
FU 41 76 61
FU 41 86 39
FU 41 88 0
FU 41 91 24
FU 41 92 0
FU 41 97 1
FU 41 100 0
FU 42 1 0
FU 42 2 0
FU 42 6 89
FU 42 7 0
FU 42 10 477
FU 42 18 0
FU 42 19 107
FU 42 20 198
FU 42 22 0
FU 42 23 116
FU 42 24 47
FU 42 29 0
FU 42 34 26
FU 42 35 0
FU 42 37 0
FU 42 39 16
FU 42 41 10
FU 42 46 27
FU 42 47 0
FU 42 48 22
FU 42 51 25
FU 42 52 8
FU 42 54 25
FU 42 57 16
FU 42 59 29
FU 42 60 22
FU 42 61 35
FU 42 65 60
FU 42 66 61
FU 42 68 34
FU 42 73 37
FU 42 77 142
FU 42 82 5
FU 42 90 0
FU 42 92 0
FU 42 94 0
FU 42 97 370
FU 43 4 0
FU 43 15 0
FU 43 16 0
FU 43 22 0
FU 43 26 0
FU 43 27 29
FU 43 29 0
FU 43 33 0
FU 43 35 0
FU 43 49 0
FU 43 55 32
FU 43 56 0
FU 43 62 0
FU 43 72 0
FU 43 78 36
FU 43 79 0
FU 43 81 0
FU 43 83 230
FU 43 96 35
FU 44 1 0
FU 44 4 5
FU 44 7 0
FU 44 9 17
FU 44 16 0
FU 44 22 0
FU 44 26 0
FU 44 29 0
FU 44 33 0
FU 44 36 0
FU 44 37 0
FU 44 41 2
FU 44 47 0
FU 44 48 16
FU 44 49 0
FU 44 50 0
FU 44 51 13
FU 44 52 17
FU 44 57 10
FU 44 58 0
FU 44 60 12
FU 44 62 0
FU 44 67 33
FU 44 69 0
FU 44 70 49
FU 44 74 0
FU 44 75 0
FU 44 83 0
FU 44 84 70
FU 44 87 12
FU 44 91 57
FU 44 93 121
FU 44 94 0
FU 44 99 11
FU 46 2 0
FU 46 6 62
FU 46 19 65
FU 46 20 125
FU 46 23 136
FU 46 24 24
FU 46 29 0
FU 46 30 138
FU 46 39 16
FU 46 42 72
FU 46 47 0
FU 46 51 37
FU 46 54 33
FU 46 68 37
FU 46 77 171
FU 46 82 2
FU 46 97 300
FU 47 1 0
FU 47 2 0
FU 47 6 0
FU 47 7 0
FU 47 8 0
FU 47 9 7
FU 47 10 0
FU 47 12 58
FU 47 13 39
FU 47 14 90
FU 47 18 0
FU 47 19 0
FU 47 20 0
FU 47 21 995
FU 47 23 0
FU 47 24 14
FU 47 26 0
FU 47 29 0
FU 47 34 57
FU 47 37 0
FU 47 39 4
FU 47 41 8
FU 47 42 0
FU 47 44 0
FU 47 46 10
FU 47 48 23
FU 47 50 0
FU 47 51 26
FU 47 52 62
FU 47 54 8
FU 47 57 10
FU 47 58 0
FU 47 59 21
FU 47 60 14
FU 47 61 19
FU 47 64 0
FU 47 65 77
FU 47 66 75
FU 47 68 47
FU 47 69 16
FU 47 73 42
FU 47 75 0
FU 47 76 84
FU 47 77 0
FU 47 82 19
FU 47 88 366
FU 47 92 0
FU 47 94 0
FU 47 97 0
FU 47 100 0
FU 48 2 0
FU 48 4 9
FU 48 5 27
FU 48 6 0
FU 48 7 0
FU 48 8 0
FU 48 13 43
FU 48 19 0
FU 48 20 0
FU 48 23 0
FU 48 26 0
FU 48 29 0
FU 48 30 0
FU 48 32 36
FU 48 36 0
FU 48 37 0
FU 48 38 0
FU 48 39 23
FU 48 42 0
FU 48 46 11
FU 48 50 0
FU 48 52 10
FU 48 54 29
FU 48 57 34
FU 48 61 15
FU 48 64 0
FU 48 68 27
FU 48 76 36
FU 48 77 0
FU 48 82 20
FU 48 90 0
FU 48 92 0
FU 48 97 0
FU 49 1 0
FU 49 3 2
FU 49 4 0
FU 49 5 17
FU 49 9 22
FU 49 11 0
FU 49 15 0
FU 49 16 24
FU 49 18 0
FU 49 22 0
FU 49 25 9
FU 49 26 75
FU 49 27 36
FU 49 28 73
FU 49 29 0
FU 49 31 6
FU 49 33 19
FU 49 36 210
FU 49 43 9
FU 49 44 470
FU 49 51 2
FU 49 55 14
FU 49 56 66
FU 49 62 0
FU 49 63 0
FU 49 67 16
FU 49 69 0
FU 49 71 0
FU 49 72 0
FU 49 74 0
FU 49 78 103
FU 49 79 24
FU 49 81 0
FU 49 83 0
FU 49 87 84
FU 49 93 105
FU 49 95 28
FU 49 96 16
FU 50 1 0
FU 50 2 0
FU 50 5 15
FU 50 7 0
FU 50 8 0
FU 50 9 28
FU 50 10 0
FU 50 12 5
FU 50 13 40
FU 50 14 11
FU 50 20 0
FU 50 21 0
FU 50 22 0
FU 50 24 18
FU 50 26 1
FU 50 29 0
FU 50 37 0
FU 50 41 2
FU 50 44 0
FU 50 47 0
FU 50 48 11
FU 50 51 16
FU 50 52 15
FU 50 53 11
FU 50 57 8
FU 50 58 0
FU 50 59 16
FU 50 60 16
FU 50 61 70
FU 50 64 0
FU 50 66 70
FU 50 69 0
FU 50 70 96
FU 50 73 27
FU 50 75 0
FU 50 76 75
FU 50 84 92
FU 50 91 39
FU 50 94 0
FU 50 99 6
FU 51 4 0
FU 51 26 0
FU 51 35 0
FU 51 42 0
FU 51 46 10
FU 51 47 0
FU 51 49 0
FU 51 62 0
FU 51 70 55
FU 51 93 59
FU 52 4 28
FU 52 13 45
FU 52 69 0
FU 52 90 0
FU 53 8 0
FU 53 9 87
FU 53 10 0
FU 53 12 41
FU 53 13 46
FU 53 14 45
FU 53 21 0
FU 53 24 55
FU 53 32 43
FU 53 38 0
FU 53 41 28
FU 53 50 0
FU 53 58 0
FU 53 59 46
FU 53 60 18
FU 53 64 0
FU 53 70 47
FU 53 75 0
FU 53 76 79
FU 53 84 40
FU 53 86 136
FU 53 88 0
FU 53 91 18
FU 53 99 79
FU 54 2 0
FU 54 4 36
FU 54 6 91
FU 54 7 0
FU 54 19 58
FU 54 20 0
FU 54 23 0
FU 54 24 17
FU 54 26 0
FU 54 29 0
FU 54 30 0
FU 54 34 5
FU 54 35 0
FU 54 37 0
FU 54 39 8
FU 54 42 0
FU 54 46 12
FU 54 47 0
FU 54 48 22
FU 54 52 20
FU 54 57 19
FU 54 60 8
FU 54 61 36
FU 54 68 25
FU 54 77 0
FU 54 82 20
FU 54 90 0
FU 54 92 0
FU 54 94 0
FU 54 97 0
FU 54 100 0
FU 55 11 202
FU 55 18 0
FU 55 25 66
FU 55 26 99
FU 55 27 18
FU 55 28 17
FU 55 33 98
FU 55 35 97
FU 55 49 25
FU 55 56 62
FU 55 62 47
FU 55 72 0
FU 55 78 88
FU 55 79 43
FU 55 81 0
FU 56 3 7
FU 56 4 2
FU 56 5 14
FU 56 11 0
FU 56 16 90
FU 56 18 0
FU 56 22 0
FU 56 25 38
FU 56 26 53
FU 56 27 21
FU 56 28 53
FU 56 29 0
FU 56 31 30
FU 56 33 49
FU 56 35 80
FU 56 43 20
FU 56 49 38
FU 56 55 35
FU 56 62 86
FU 56 63 0
FU 56 67 111
FU 56 72 0
FU 56 74 0
FU 56 78 42
FU 56 79 48
FU 56 81 0
FU 56 83 174
FU 56 87 63
FU 56 93 26
FU 56 95 30
FU 56 96 6
FU 57 4 39
FU 57 12 42
FU 57 14 79
FU 57 15 0
FU 57 21 0
FU 57 24 19
FU 57 26 0
FU 57 37 0
FU 57 44 0
FU 57 47 0
FU 57 64 0
FU 57 69 0
FU 57 88 343
FU 57 91 56
FU 58 1 0
FU 58 7 0
FU 58 8 0
FU 58 9 25
FU 58 10 0
FU 58 12 3
FU 58 13 65
FU 58 14 27
FU 58 21 0
FU 58 22 0
FU 58 24 29
FU 58 29 0
FU 58 32 112
FU 58 36 0
FU 58 37 0
FU 58 38 0
FU 58 41 2
FU 58 44 0
FU 58 47 0
FU 58 48 10
FU 58 50 0
FU 58 51 11
FU 58 52 46
FU 58 53 9
FU 58 57 5
FU 58 59 12
FU 58 60 5
FU 58 61 31
FU 58 64 0
FU 58 66 60
FU 58 69 0
FU 58 70 119
FU 58 73 75
FU 58 75 0
FU 58 76 39
FU 58 84 69
FU 58 88 0
FU 58 91 28
FU 58 92 478
FU 58 94 0
FU 58 99 9
FU 59 12 56
FU 59 91 50
FU 60 2 0
FU 60 4 38
FU 60 6 0
FU 60 19 0
FU 60 22 0
FU 60 23 0
FU 60 26 0
FU 60 29 0
FU 60 30 0
FU 60 39 17
FU 60 42 0
FU 60 46 21
FU 60 47 0
FU 60 53 52
FU 60 54 36
FU 60 57 15
FU 60 58 0
FU 60 61 18
FU 60 68 22
FU 60 69 0
FU 60 70 56
FU 60 77 0
FU 60 82 29
FU 60 84 54
FU 60 88 265
FU 60 90 0
FU 61 5 69
FU 61 29 0
FU 62 3 21
FU 62 4 2
FU 62 5 45
FU 62 11 0
FU 62 16 0
FU 62 22 0
FU 62 25 22
FU 62 26 1
FU 62 27 8
FU 62 28 0
FU 62 29 0
FU 62 31 35
FU 62 33 0
FU 62 43 37
FU 62 44 504
FU 62 49 0
FU 62 51 68
FU 62 55 54
FU 62 56 0
FU 62 63 0
FU 62 67 60
FU 62 71 0
FU 62 72 0
FU 62 74 0
FU 62 78 31
FU 62 79 0
FU 62 81 0
FU 62 83 0
FU 62 87 11
FU 62 89 68
FU 62 93 33
FU 62 95 8
FU 62 96 15
FU 63 3 8
FU 63 4 221
FU 63 5 25
FU 63 11 0
FU 63 16 0
FU 63 18 0
FU 63 22 0
FU 63 25 18
FU 63 26 0
FU 63 28 0
FU 63 29 0
FU 63 31 20
FU 63 33 0
FU 63 35 0
FU 63 43 18
FU 63 49 0
FU 63 55 33
FU 63 56 0
FU 63 62 0
FU 63 67 17
FU 63 72 0
FU 63 74 112
FU 63 78 2
FU 63 79 0
FU 63 81 0
FU 63 96 7
FU 64 7 488
FU 64 29 0
FU 64 32 56
FU 64 38 993
FU 64 47 0
FU 64 57 4
FU 65 26 0
FU 66 26 0
FU 66 29 0
FU 66 35 0
FU 66 47 0
FU 66 58 0
FU 66 69 0
FU 67 1 0
FU 67 5 8
FU 67 18 0
FU 67 28 0
FU 67 33 0
FU 67 55 33
FU 67 69 0
FU 67 71 0
FU 67 78 1
FU 67 81 0
FU 68 6 0
FU 68 19 0
FU 68 23 0
FU 68 29 0
FU 68 30 0
FU 68 32 33
FU 68 38 0
FU 68 39 8
FU 68 42 0
FU 68 46 19
FU 68 54 16
FU 68 82 5
FU 69 4 64
FU 69 5 11
FU 69 8 996
FU 69 10 0
FU 69 12 52
FU 69 13 41
FU 69 14 7
FU 69 16 0
FU 69 21 0
FU 69 22 0
FU 69 24 22
FU 69 26 0
FU 69 29 0
FU 69 33 28
FU 69 36 0
FU 69 37 454
FU 69 44 0
FU 69 47 1
FU 69 49 60
FU 69 50 0
FU 69 51 9
FU 69 52 16
FU 69 57 86
FU 69 58 0
FU 69 60 234
FU 69 64 0
FU 69 66 42
FU 69 67 29
FU 69 70 55
FU 69 71 0
FU 69 73 30
FU 69 75 0
FU 69 76 37
FU 69 83 195
FU 69 84 71
FU 69 87 9
FU 69 91 55
FU 69 93 131
FU 69 94 494
FU 69 99 11
FU 70 8 0
FU 70 51 18
FU 70 60 29
FU 70 84 46
FU 71 1 0
FU 71 3 15
FU 71 4 12
FU 71 5 25
FU 71 9 46
FU 71 11 0
FU 71 15 0
FU 71 16 0
FU 71 22 0
FU 71 25 15
FU 71 26 0
FU 71 29 0
FU 71 31 29
FU 71 33 0
FU 71 36 0
FU 71 49 0
FU 71 51 19
FU 71 62 0
FU 71 67 36
FU 71 69 0
FU 71 74 0
FU 71 75 0
FU 71 83 0
FU 71 87 3
FU 71 93 77
FU 71 95 4
FU 72 3 8
FU 72 4 88
FU 72 5 44
FU 72 11 0
FU 72 18 0
FU 72 22 996
FU 72 25 36
FU 72 27 23
FU 72 28 39
FU 72 29 0
FU 72 31 268
FU 72 35 70
FU 72 43 30
FU 72 49 33
FU 72 55 8
FU 72 56 46
FU 72 62 61
FU 72 63 0
FU 72 74 298
FU 72 78 77
FU 72 79 41
FU 72 81 0
FU 72 96 45
FU 73 26 0
FU 73 29 0
FU 73 32 26
FU 73 35 0
FU 73 38 0
FU 73 69 0
FU 74 1 0
FU 74 2 452
FU 74 3 24
FU 74 4 128
FU 74 5 12
FU 74 11 0
FU 74 15 0
FU 74 16 0
FU 74 18 0
FU 74 22 0
FU 74 25 10
FU 74 26 0
FU 74 27 14
FU 74 28 0
FU 74 29 0
FU 74 30 0
FU 74 31 26
FU 74 33 0
FU 74 35 0
FU 74 36 0
FU 74 43 30
FU 74 44 0
FU 74 49 0
FU 74 51 11
FU 74 52 17
FU 74 55 33
FU 74 56 0
FU 74 62 0
FU 74 63 0
FU 74 67 29
FU 74 71 0
FU 74 72 0
FU 74 75 0
FU 74 78 3
FU 74 79 52
FU 74 81 0
FU 74 83 0
FU 74 87 56
FU 74 93 29
FU 74 95 33
FU 74 96 17
FU 75 1 0
FU 75 2 0
FU 75 7 0
FU 75 8 0
FU 75 9 25
FU 75 10 0
FU 75 12 88
FU 75 13 51
FU 75 14 71
FU 75 15 0
FU 75 18 0
FU 75 20 0
FU 75 21 0
FU 75 24 22
FU 75 26 0
FU 75 29 0
FU 75 36 0
FU 75 37 0
FU 75 41 11
FU 75 44 0
FU 75 47 0
FU 75 48 11
FU 75 50 0
FU 75 51 34
FU 75 52 43
FU 75 53 50
FU 75 57 11
FU 75 58 0
FU 75 59 45
FU 75 60 2
FU 75 61 12
FU 75 64 0
FU 75 66 23
FU 75 69 0
FU 75 70 45
FU 75 71 0
FU 75 73 38
FU 75 74 0
FU 75 76 50
FU 75 83 0
FU 75 84 44
FU 75 91 76
FU 75 92 0
FU 75 94 0
FU 75 97 0
FU 76 4 84
FU 76 7 0
FU 76 26 2
FU 76 29 0
FU 76 37 0
FU 76 47 0
FU 76 48 6
FU 76 50 0
FU 76 52 30
FU 76 53 45
FU 76 57 14
FU 76 58 0
FU 76 69 0
FU 76 84 20
FU 76 91 67
FU 76 94 0
FU 76 99 84
FU 77 1 0
FU 77 2 0
FU 77 5 8
FU 77 6 0
FU 77 7 0
FU 77 18 0
FU 77 19 0
FU 77 20 0
FU 77 22 0
FU 77 23 0
FU 77 24 32
FU 77 26 0
FU 77 29 0
FU 77 30 0
FU 77 34 15
FU 77 35 0
FU 77 37 0
FU 77 39 4
FU 77 42 0
FU 77 46 7
FU 77 47 0
FU 77 48 31
FU 77 51 9
FU 77 52 33
FU 77 54 24
FU 77 57 9
FU 77 59 51
FU 77 60 8
FU 77 61 17
FU 77 65 38
FU 77 66 11
FU 77 68 37
FU 77 73 37
FU 77 82 63
FU 77 90 0
FU 77 92 0
FU 77 94 0
FU 78 3 51
FU 78 4 9
FU 78 11 3
FU 78 15 0
FU 78 16 0
FU 78 25 27
FU 78 26 0
FU 78 27 33
FU 78 28 0
FU 78 29 0
FU 78 31 33
FU 78 33 0
FU 78 35 0
FU 78 43 22
FU 78 49 0
FU 78 55 17
FU 78 56 0
FU 78 67 73
FU 78 72 0
FU 78 79 0
FU 78 81 0
FU 78 83 207
FU 78 87 60
FU 78 96 81
FU 79 1 0
FU 79 4 3
FU 79 5 21
FU 79 11 318
FU 79 16 64
FU 79 18 0
FU 79 22 0
FU 79 25 23
FU 79 26 0
FU 79 27 6
FU 79 28 56
FU 79 29 0
FU 79 30 290
FU 79 33 30
FU 79 35 80
FU 79 43 17
FU 79 49 106
FU 79 55 8
FU 79 56 30
FU 79 62 76
FU 79 63 0
FU 79 72 1
FU 79 74 118
FU 79 78 51
FU 79 81 0
FU 79 95 27
FU 81 3 41
FU 81 4 4
FU 81 5 13
FU 81 11 0
FU 81 15 997
FU 81 16 83
FU 81 18 0
FU 81 22 0
FU 81 25 13
FU 81 26 0
FU 81 27 24
FU 81 28 70
FU 81 29 0
FU 81 31 34
FU 81 33 44
FU 81 35 66
FU 81 43 6
FU 81 49 31
FU 81 55 24
FU 81 56 45
FU 81 62 82
FU 81 63 0
FU 81 67 32
FU 81 72 0
FU 81 74 0
FU 81 78 4
FU 81 79 14
FU 81 95 70
FU 81 96 35
FU 82 2 4
FU 82 6 169
FU 82 19 95
FU 82 20 0
FU 82 22 0
FU 82 23 104
FU 82 24 39
FU 82 29 0
FU 82 30 0
FU 82 39 14
FU 82 42 41
FU 82 46 9
FU 82 47 0
FU 82 54 10
FU 82 68 64
FU 82 77 0
FU 82 97 0
FU 83 3 27
FU 83 4 23
FU 83 5 23
FU 83 11 0
FU 83 15 0
FU 83 16 0
FU 83 22 0
FU 83 25 26
FU 83 26 0
FU 83 28 0
FU 83 31 64
FU 83 33 0
FU 83 36 2
FU 83 43 17
FU 83 44 1
FU 83 49 0
FU 83 51 38
FU 83 56 36
FU 83 62 0
FU 83 67 38
FU 83 69 0
FU 83 71 0
FU 83 74 0
FU 83 75 0
FU 83 78 2
FU 83 87 42
FU 83 89 111
FU 83 93 65
FU 84 60 15
FU 86 9 30
FU 86 12 46
FU 86 14 72
FU 86 21 0
FU 86 24 53
FU 86 32 29
FU 86 38 0
FU 86 41 29
FU 86 53 31
FU 86 59 27
FU 86 88 0
FU 86 99 54
FU 87 3 21
FU 87 4 6
FU 87 5 45
FU 87 11 0
FU 87 15 0
FU 87 16 0
FU 87 22 0
FU 87 25 4
FU 87 26 0
FU 87 28 0
FU 87 29 0
FU 87 31 18
FU 87 33 0
FU 87 36 1
FU 87 43 36
FU 87 44 0
FU 87 49 0
FU 87 51 29
FU 87 56 0
FU 87 62 0
FU 87 67 38
FU 87 69 0
FU 87 71 0
FU 87 74 0
FU 87 78 36
FU 87 83 0
FU 87 89 121
FU 87 93 97
FU 87 95 53
FU 88 1 0
FU 88 7 0
FU 88 8 0
FU 88 9 24
FU 88 10 0
FU 88 12 10
FU 88 13 57
FU 88 14 10
FU 88 21 0
FU 88 24 5
FU 88 32 66
FU 88 34 12
FU 88 37 0
FU 88 38 0
FU 88 41 8
FU 88 47 0
FU 88 53 8
FU 88 57 4
FU 88 58 0
FU 88 59 7
FU 88 60 17
FU 88 61 25
FU 88 64 0
FU 88 86 14
FU 89 33 0
FU 90 1 0
FU 90 2 0
FU 90 6 0
FU 90 7 0
FU 90 18 0
FU 90 19 0
FU 90 20 0
FU 90 23 0
FU 90 24 15
FU 90 30 0
FU 90 34 25
FU 90 35 0
FU 90 39 15
FU 90 42 0
FU 90 46 12
FU 90 48 10
FU 90 52 19
FU 90 54 14
FU 90 57 6
FU 90 60 12
FU 90 61 32
FU 90 65 21
FU 90 66 13
FU 90 68 8
FU 90 77 0
FU 90 82 13
FU 90 92 0
FU 90 97 0
FU 91 9 17
FU 91 59 47
FU 92 1 0
FU 92 2 0
FU 92 6 0
FU 92 7 0
FU 92 9 28
FU 92 18 0
FU 92 19 0
FU 92 20 0
FU 92 24 9
FU 92 26 0
FU 92 29 0
FU 92 30 0
FU 92 32 27
FU 92 34 29
FU 92 35 0
FU 92 37 0
FU 92 38 0
FU 92 39 27
FU 92 41 36
FU 92 42 0
FU 92 46 25
FU 92 47 0
FU 92 48 16
FU 92 51 19
FU 92 52 9
FU 92 54 8
FU 92 57 15
FU 92 58 247
FU 92 59 26
FU 92 60 17
FU 92 61 24
FU 92 65 46
FU 92 75 0
FU 92 77 0
FU 92 82 38
FU 92 90 0
FU 92 94 0
FU 93 51 18
FU 94 1 0
FU 94 2 0
FU 94 6 0
FU 94 7 0
FU 94 8 0
FU 94 10 0
FU 94 13 41
FU 94 18 0
FU 94 19 0
FU 94 20 0
FU 94 23 0
FU 94 29 0
FU 94 30 0
FU 94 34 62
FU 94 35 0
FU 94 37 0
FU 94 39 10
FU 94 42 0
FU 94 44 0
FU 94 46 4
FU 94 47 0
FU 94 48 12
FU 94 50 0
FU 94 51 24
FU 94 54 57
FU 94 57 21
FU 94 58 0
FU 94 60 9
FU 94 61 52
FU 94 64 0
FU 94 65 50
FU 94 66 79
FU 94 68 41
FU 94 69 0
FU 94 73 28
FU 94 75 0
FU 94 76 27
FU 94 77 0
FU 94 82 11
FU 94 84 48
FU 94 91 37
FU 94 92 0
FU 94 97 1
FU 95 1 0
FU 95 3 27
FU 95 4 52
FU 95 5 40
FU 95 16 0
FU 95 18 0
FU 95 27 37
FU 95 28 0
FU 95 29 0
FU 95 30 0
FU 95 31 15
FU 95 33 0
FU 95 35 0
FU 95 43 26
FU 95 49 0
FU 95 51 41
FU 95 55 7
FU 95 56 0
FU 95 62 0
FU 95 67 62
FU 95 71 0
FU 95 74 0
FU 95 78 5
FU 95 79 0
FU 95 81 0
FU 95 87 72
FU 95 93 57
FU 95 96 42
FU 96 3 50
FU 96 25 59
FU 96 27 56
FU 96 31 32
FU 96 35 0
FU 96 43 65
FU 96 49 26
FU 96 55 36
FU 96 56 0
FU 96 62 211
FU 96 72 0
FU 96 78 42
FU 96 81 0
FU 97 1 0
FU 97 6 0
FU 97 7 0
FU 97 9 32
FU 97 19 0
FU 97 20 0
FU 97 24 26
FU 97 26 1
FU 97 29 0
FU 97 30 0
FU 97 34 1
FU 97 35 0
FU 97 37 0
FU 97 38 0
FU 97 41 15
FU 97 42 0
FU 97 46 23
FU 97 47 0
FU 97 48 46
FU 97 51 45
FU 97 52 27
FU 97 54 14
FU 97 57 11
FU 97 59 52
FU 97 61 24
FU 97 65 69
FU 97 75 0
FU 97 82 42
FU 97 90 0
FU 97 94 0
FU 99 8 0
FU 99 10 0
FU 99 12 89
FU 99 13 32
FU 99 14 40
FU 99 21 0
FU 99 44 2
FU 99 50 0
FU 99 53 54
FU 99 58 0
FU 99 64 0
FU 99 69 0
FU 99 70 51
FU 99 76 12
FU 99 86 133
FU 99 91 60
FU 100 1 0
FU 100 6 0
FU 100 9 52
FU 100 19 0
FU 100 24 31
FU 100 26 0
FU 100 30 0
FU 100 35 0
FU 100 37 0
FU 100 38 0
FU 100 41 8
FU 100 46 20
FU 100 47 0
FU 100 51 23
FU 100 52 17
FU 100 54 34
FU 100 59 40
FU 100 82 20
