Nodes: 176
Arcs: 6048
MVE: 13
MAE: 2099
SAE: 381693
Terminals_rem: 0
Nodes_rem: 22
Arcs_rem: 2912
First LB: 18
LB: 18
Iter. LB: 0
First UB: 70
UB: 44
Iter. UB: 100
gap: 59.0909
BM. Time: 0
Runtime: 1801
FL 0 147 282
FL 0 15 16
FL 0 116 20
FL 0 134 273
FL 0 98 18
FL 0 52 12
FL 0 136 2
FL 0 1 18
FL 0 57 14
FL 0 84 11
FL 0 18 41
FL 0 48 290
FL 0 24 24
FL 0 168 14
FL 0 149 279
FL 0 56 27
FL 0 159 9
FL 0 82 16
FL 0 137 6
FL 0 158 8
FL 0 43 274
FL 0 3 20
FL 0 65 14
FL 0 86 240
FL 0 160 13
FL 0 146 14
FL 0 118 3
FL 0 114 11
FL 0 46 19
FL 0 95 14
FL 0 163 282
FL 0 172 7
FL 0 165 292
FL 0 124 18
FL 0 92 19
FL 0 13 0
FL 0 145 305
FL 0 49 16
FL 0 79 265
FL 0 80 20
FL 0 51 15
FL 0 83 11
FL 0 119 11
FL 0 96 14
FL 0 16 20
FL 0 164 351
FL 0 112 14
FL 0 122 233
FL 0 23 0
FL 0 4 38
FL 0 44 251
FL 0 88 16
FL 0 156 9
FL 0 47 0
FL 0 107 246
FL 0 64 231
FL 0 138 0
FL 0 91 0
FL 0 54 26
FL 0 123 10
FL 0 169 10
FL 0 60 18
FL 0 70 24
FL 0 29 180
FL 0 120 284
FL 0 67 17
FL 0 75 17
FL 0 174 20
FL 0 127 0
FL 0 31 300
FL 0 59 24
FL 0 139 25
FL 0 97 25
FL 0 125 6
FL 0 2 164
FL 0 5 196
FL 0 6 151
FL 0 7 74
FL 0 8 666
FL 0 9 15
FL 0 10 666
FL 0 11 78
FL 0 12 321
FL 0 14 667
FL 0 17 24
FL 0 19 666
FL 0 20 107
FL 0 21 26
FL 0 22 86
FL 0 25 242
FL 0 26 69
FL 0 27 181
FL 0 28 56
FL 0 30 666
FL 0 32 141
FL 0 33 96
FL 0 34 49
FL 0 35 70
FL 0 36 47
FL 0 37 62
FL 0 38 47
FL 0 39 76
FL 0 40 202
FL 0 41 53
FL 0 45 666
FL 0 50 666
FL 0 53 33
FL 0 55 108
FL 0 58 71
FL 0 61 666
FL 0 62 666
FL 0 63 67
FL 0 66 3
FL 0 68 666
FL 0 69 666
FL 0 71 140
FL 0 72 87
FL 0 73 131
FL 0 74 95
FL 0 76 666
FL 0 77 13
FL 0 78 666
FL 0 81 40
FL 0 85 666
FL 0 87 24
FL 0 89 233
FL 0 90 206
FL 0 93 90
FL 0 94 33
FL 0 99 145
FL 0 100 57
FL 0 101 102
FL 0 102 263
FL 0 103 158
FL 0 104 666
FL 0 105 220
FL 0 106 161
FL 0 108 26
FL 0 109 49
FL 0 110 50
FL 0 111 78
FL 0 113 199
FL 0 115 42
FL 0 117 87
FL 0 121 160
FL 0 126 238
FL 0 128 47
FL 0 129 60
FL 0 130 666
FL 0 131 666
FL 0 132 195
FL 0 133 181
FL 0 135 89
FL 0 140 666
FL 0 141 46
FL 0 142 69
FL 0 143 666
FL 0 144 132
FL 0 148 191
FL 0 150 59
FL 0 151 666
FL 0 152 66
FL 0 153 76
FL 0 154 7
FL 0 155 242
FL 0 157 191
FL 0 161 121
FL 0 162 153
FL 0 166 191
FL 0 167 267
FL 0 170 281
FL 0 171 666
FL 0 173 252
FL 0 175 666
FL 1 2 8
FL 1 5 6
FL 1 11 12
FL 1 13 0
FL 1 15 0
FL 1 16 0
FL 1 18 0
FL 1 20 5
FL 1 35 23
FL 1 36 25
FL 1 38 18
FL 1 49 0
FL 1 51 0
FL 1 52 0
FL 1 56 0
FL 1 57 0
FL 1 58 0
FL 1 60 0
FL 1 67 0
FL 1 70 0
FL 1 75 0
FL 1 77 0
FL 1 82 0
FL 1 87 3
FL 1 91 0
FL 1 96 0
FL 1 98 0
FL 1 101 17
FL 1 106 19
FL 1 108 32
FL 1 111 0
FL 1 115 0
FL 1 117 118
FL 1 119 0
FL 1 121 10
FL 1 129 0
FL 1 132 105
FL 1 137 57
FL 1 139 0
FL 1 142 0
FL 1 146 0
FL 1 152 0
FL 1 154 0
FL 1 156 0
FL 1 157 8
FL 1 158 0
FL 1 159 0
FL 1 161 0
FL 1 170 7
FL 1 173 11
FL 2 12 61
FL 2 48 71
FL 2 56 8
FL 2 111 10
FL 2 142 41
FL 3 4 0
FL 3 17 2
FL 3 31 9
FL 3 40 6
FL 3 59 0
FL 3 63 7
FL 3 65 0
FL 3 66 0
FL 3 83 0
FL 3 86 17
FL 3 90 3
FL 3 92 0
FL 3 100 2
FL 3 114 0
FL 3 116 0
FL 3 124 0
FL 3 125 0
FL 3 126 18
FL 3 128 6
FL 3 138 0
FL 3 160 0
FL 3 166 39
FL 4 3 0
FL 4 16 15
FL 4 17 1
FL 4 34 150
FL 4 36 12
FL 4 37 63
FL 4 39 14
FL 4 40 3
FL 4 41 68
FL 4 43 6
FL 4 44 14
FL 4 53 8
FL 4 59 0
FL 4 63 40
FL 4 66 0
FL 4 67 0
FL 4 83 0
FL 4 90 4
FL 4 91 0
FL 4 92 0
FL 4 93 5
FL 4 95 1
FL 4 97 0
FL 4 100 5
FL 4 106 68
FL 4 110 8
FL 4 111 0
FL 4 114 0
FL 4 115 0
FL 4 116 0
FL 4 118 0
FL 4 119 106
FL 4 124 0
FL 4 126 31
FL 4 127 4
FL 4 128 4
FL 4 129 2
FL 4 135 131
FL 4 136 0
FL 4 138 0
FL 4 141 125
FL 4 146 0
FL 4 150 23
FL 4 152 2
FL 4 160 0
FL 4 161 0
FL 4 170 17
FL 5 11 2
FL 5 12 33
FL 5 13 0
FL 5 35 10
FL 5 36 8
FL 5 38 15
FL 5 52 0
FL 5 56 0
FL 5 57 0
FL 5 58 6
FL 5 60 0
FL 5 67 0
FL 5 70 0
FL 5 74 139
FL 5 81 4
FL 5 82 0
FL 5 87 3
FL 5 91 0
FL 5 96 0
FL 5 111 3
FL 5 115 2
FL 5 121 8
FL 5 124 158
FL 5 135 4
FL 5 139 0
FL 5 152 2
FL 5 154 0
FL 5 156 0
FL 5 158 0
FL 5 161 2
FL 6 9 0
FL 6 15 0
FL 6 53 1
FL 6 70 73
FL 6 91 0
FL 6 94 1
FL 6 105 47
FL 6 109 1
FL 6 149 77
FL 7 21 126
FL 7 22 152
FL 7 23 96
FL 7 28 123
FL 7 37 107
FL 7 41 285
FL 7 42 0
FL 7 53 67
FL 7 87 58
FL 7 91 1
FL 7 100 337
FL 7 110 79
FL 7 118 289
FL 7 127 187
FL 7 136 294
FL 7 141 53
FL 7 150 92
FL 7 153 149
FL 9 6 6
FL 9 11 8
FL 9 25 9
FL 9 29 77
FL 9 38 5
FL 9 54 0
FL 9 64 105
FL 9 89 8
FL 9 94 2
FL 9 99 33
FL 9 105 19
FL 9 109 1
FL 9 168 666
FL 11 5 4
FL 11 9 0
FL 11 13 0
FL 11 15 0
FL 11 24 0
FL 11 25 19
FL 11 26 17
FL 11 51 45
FL 11 53 1
FL 11 56 27
FL 11 58 4
FL 11 60 0
FL 11 70 19
FL 11 71 6
FL 11 73 68
FL 11 77 2
FL 11 87 3
FL 11 91 0
FL 11 94 2
FL 11 98 0
FL 11 108 70
FL 11 111 1
FL 11 115 3
FL 11 135 5
FL 11 152 4
FL 12 164 313
FL 13 1 161
FL 13 2 46
FL 13 5 214
FL 13 11 93
FL 13 15 384
FL 13 16 307
FL 13 20 35
FL 13 27 161
FL 13 33 47
FL 13 35 5
FL 13 36 24
FL 13 38 10
FL 13 42 0
FL 13 49 2
FL 13 51 0
FL 13 52 666
FL 13 55 86
FL 13 56 19
FL 13 57 334
FL 13 58 13
FL 13 60 3
FL 13 67 666
FL 13 70 310
FL 13 77 530
FL 13 81 49
FL 13 82 288
FL 13 87 13
FL 13 91 0
FL 13 93 42
FL 13 95 286
FL 13 96 1
FL 13 98 25
FL 13 101 14
FL 13 106 18
FL 13 108 29
FL 13 111 57
FL 13 115 5
FL 13 119 1
FL 13 121 44
FL 13 129 16
FL 13 136 222
FL 13 139 470
FL 13 142 69
FL 13 144 68
FL 13 146 0
FL 13 152 10
FL 13 154 666
FL 13 156 328
FL 13 157 23
FL 13 158 568
FL 13 159 2
FL 13 161 373
FL 13 170 51
FL 13 173 34
FL 13 174 112
FL 15 1 0
FL 15 2 12
FL 15 6 23
FL 15 11 8
FL 15 13 0
FL 15 17 1
FL 15 20 5
FL 15 25 14
FL 15 35 14
FL 15 36 17
FL 15 38 25
FL 15 51 0
FL 15 53 0
FL 15 54 0
FL 15 56 0
FL 15 57 0
FL 15 58 0
FL 15 65 0
FL 15 67 0
FL 15 70 0
FL 15 80 0
FL 15 84 0
FL 15 87 0
FL 15 89 40
FL 15 90 20
FL 15 91 0
FL 15 96 0
FL 15 97 0
FL 15 105 15
FL 15 108 68
FL 15 110 11
FL 15 111 0
FL 15 112 0
FL 15 113 23
FL 15 114 0
FL 15 115 0
FL 15 118 0
FL 15 119 0
FL 15 121 20
FL 15 124 0
FL 15 129 0
FL 15 133 59
FL 15 135 3
FL 15 139 0
FL 15 142 0
FL 15 148 34
FL 15 156 0
FL 15 161 0
FL 15 170 22
FL 15 174 0
FL 16 1 87
FL 16 4 16
FL 16 13 0
FL 16 17 1
FL 16 18 158
FL 16 23 0
FL 16 36 18
FL 16 37 18
FL 16 39 18
FL 16 40 9
FL 16 41 10
FL 16 49 0
FL 16 56 0
FL 16 57 0
FL 16 59 0
FL 16 66 0
FL 16 74 188
FL 16 82 0
FL 16 84 0
FL 16 87 2
FL 16 90 3
FL 16 92 0
FL 16 93 64
FL 16 95 0
FL 16 97 0
FL 16 100 2
FL 16 106 19
FL 16 110 37
FL 16 114 0
FL 16 116 0
FL 16 117 54
FL 16 118 0
FL 16 119 0
FL 16 121 18
FL 16 122 4
FL 16 124 0
FL 16 129 1
FL 16 132 79
FL 16 133 3
FL 16 136 0
FL 16 141 11
FL 16 142 0
FL 16 150 14
FL 16 154 0
FL 16 156 0
FL 16 160 0
FL 16 173 6
FL 16 174 0
FL 17 3 220
FL 17 59 516
FL 17 93 5
FL 17 103 34
FL 17 125 133
FL 17 166 30
FL 18 1 0
FL 18 5 7
FL 18 12 24
FL 18 16 0
FL 18 26 20
FL 18 32 50
FL 18 33 24
FL 18 35 19
FL 18 38 29
FL 18 43 8
FL 18 48 11
FL 18 49 0
FL 18 51 0
FL 18 52 0
FL 18 57 0
FL 18 67 0
FL 18 71 7
FL 18 75 0
FL 18 77 0
FL 18 81 13
FL 18 82 0
FL 18 88 0
FL 18 96 0
FL 18 99 23
FL 18 101 13
FL 18 106 7
FL 18 107 17
FL 18 108 15
FL 18 109 0
FL 18 115 0
FL 18 117 147
FL 18 119 0
FL 18 120 23
FL 18 121 6
FL 18 123 0
FL 18 132 43
FL 18 137 0
FL 18 142 0
FL 18 145 12
FL 18 146 0
FL 18 147 26
FL 18 148 14
FL 18 149 9
FL 18 152 2
FL 18 154 0
FL 18 156 0
FL 18 157 11
FL 18 158 0
FL 18 159 0
FL 18 161 0
FL 18 165 23
FL 18 169 0
FL 18 170 14
FL 18 173 5
FL 20 57 0
FL 20 82 0
FL 20 84 291
FL 20 96 0
FL 20 111 4
FL 20 124 11
FL 20 133 108
FL 20 139 0
FL 21 7 10
FL 21 23 4
FL 21 28 18
FL 21 33 36
FL 21 41 28
FL 21 42 0
FL 21 46 293
FL 21 81 155
FL 21 91 1
FL 21 117 147
FL 21 127 101
FL 21 132 211
FL 21 137 254
FL 21 142 5
FL 21 150 21
FL 21 154 7
FL 21 173 236
FL 22 28 21
FL 22 37 11
FL 22 66 2
FL 22 93 17
FL 22 144 76
FL 23 7 7
FL 23 16 0
FL 23 17 0
FL 23 21 16
FL 23 36 40
FL 23 39 15
FL 23 40 12
FL 23 41 10
FL 23 42 0
FL 23 46 22
FL 23 55 61
FL 23 56 0
FL 23 59 0
FL 23 74 144
FL 23 82 0
FL 23 84 0
FL 23 87 0
FL 23 91 0
FL 23 92 562
FL 23 93 46
FL 23 103 45
FL 23 106 16
FL 23 110 79
FL 23 111 0
FL 23 112 0
FL 23 118 0
FL 23 121 10
FL 23 122 74
FL 23 124 5
FL 23 127 6
FL 23 129 0
FL 23 133 6
FL 23 136 0
FL 23 150 27
FL 23 154 0
FL 23 174 0
FL 24 6 14
FL 24 11 10
FL 24 31 11
FL 24 34 2
FL 24 35 24
FL 24 38 13
FL 24 43 14
FL 24 53 0
FL 24 63 45
FL 24 65 0
FL 24 73 103
FL 24 75 0
FL 24 79 63
FL 24 80 0
FL 24 89 15
FL 24 97 0
FL 24 98 0
FL 24 111 0
FL 24 112 0
FL 24 114 0
FL 24 126 56
FL 24 134 14
FL 24 135 4
FL 24 139 0
FL 24 161 19
FL 24 163 6
FL 24 168 0
FL 24 172 0
FL 24 174 0
FL 25 6 16
FL 25 11 6
FL 25 15 0
FL 25 17 4
FL 25 35 50
FL 25 38 60
FL 25 44 77
FL 25 53 1
FL 25 64 91
FL 25 71 8
FL 25 72 17
FL 25 89 21
FL 25 97 0
FL 25 99 101
FL 25 111 2
FL 25 112 0
FL 25 113 13
FL 25 142 1
FL 25 146 0
FL 25 152 2
FL 25 155 10
FL 26 11 8
FL 26 71 17
FL 26 111 5
FL 26 112 135
FL 26 139 86
FL 26 148 12
FL 26 158 106
FL 26 161 2
FL 27 22 42
FL 27 47 2
FL 28 22 47
FL 28 33 42
FL 28 81 15
FL 28 137 129
FL 29 6 8
FL 29 9 0
FL 29 11 1
FL 29 54 0
FL 29 64 45
FL 29 65 0
FL 29 73 27
FL 29 89 7
FL 29 94 1
FL 29 105 28
FL 29 113 35
FL 29 155 12
FL 29 163 36
FL 29 168 0
FL 31 3 0
FL 31 17 3
FL 31 24 0
FL 31 34 3
FL 31 43 130
FL 31 63 16
FL 31 66 1
FL 31 73 33
FL 31 79 74
FL 31 97 0
FL 31 114 0
FL 31 128 13
FL 31 134 159
FL 31 135 8
FL 31 163 79
FL 31 168 0
FL 31 172 0
FL 32 71 8
FL 32 149 42
FL 33 13 1
FL 33 21 28
FL 33 22 48
FL 33 28 184
FL 33 37 33
FL 33 42 0
FL 33 46 279
FL 33 127 19
FL 34 4 31
FL 34 53 8
FL 34 65 0
FL 34 66 130
FL 34 90 46
FL 34 94 3
FL 34 97 111
FL 34 100 16
FL 34 105 55
FL 34 126 19
FL 34 172 0
FL 35 25 8
FL 36 5 3
FL 36 17 3
FL 36 82 0
FL 36 101 4
FL 36 124 0
FL 36 142 3
FL 36 154 0
FL 37 16 0
FL 37 22 57
FL 37 66 0
FL 37 92 0
FL 37 106 33
FL 37 114 0
FL 37 116 0
FL 37 126 14
FL 37 160 0
FL 37 167 13
FL 38 25 21
FL 38 111 1
FL 39 47 0
FL 39 93 18
FL 39 167 19
FL 40 3 0
FL 40 17 3
FL 40 37 9
FL 40 39 5
FL 40 56 1
FL 40 58 1
FL 40 59 0
FL 40 66 1
FL 40 82 0
FL 40 90 26
FL 40 91 0
FL 40 92 3
FL 40 111 2
FL 40 116 3
FL 40 122 11
FL 40 127 7
FL 40 129 2
FL 40 142 76
FL 40 160 47
FL 40 167 29
FL 41 4 24
FL 41 82 192
FL 41 162 275
FL 42 7 390
FL 42 13 667
FL 42 21 343
FL 42 23 563
FL 42 27 207
FL 42 28 186
FL 42 33 317
FL 42 47 558
FL 42 55 119
FL 42 66 105
FL 42 91 666
FL 42 127 341
FL 42 128 201
FL 42 138 234
FL 42 0 668
FL 43 4 0
FL 43 9 0
FL 43 18 0
FL 43 24 0
FL 43 26 9
FL 43 31 15
FL 43 34 0
FL 43 39 21
FL 43 53 0
FL 43 54 0
FL 43 63 11
FL 43 65 0
FL 43 80 0
FL 43 89 9
FL 43 105 35
FL 43 111 0
FL 43 112 0
FL 43 115 0
FL 43 134 84
FL 43 135 2
FL 43 139 0
FL 43 146 0
FL 43 152 1
FL 43 163 83
FL 43 168 0
FL 44 4 0
FL 44 9 0
FL 44 25 15
FL 44 26 12
FL 44 39 73
FL 44 51 0
FL 44 53 1
FL 44 54 0
FL 44 63 52
FL 44 71 1
FL 44 73 12
FL 44 80 0
FL 44 89 12
FL 44 94 3
FL 44 100 5
FL 44 105 10
FL 44 111 0
FL 44 112 0
FL 44 122 33
FL 44 139 0
FL 44 142 0
FL 44 148 23
FL 44 149 19
FL 46 21 17
FL 46 23 0
FL 46 28 9
FL 46 33 39
FL 46 55 65
FL 46 84 388
FL 46 91 0
FL 46 111 0
FL 46 142 0
FL 46 162 45
FL 46 164 15
FL 47 7 7
FL 47 22 20
FL 47 27 136
FL 47 39 39
FL 47 42 0
FL 47 66 14
FL 47 116 473
FL 47 125 348
FL 47 138 0
FL 47 141 16
FL 47 166 337
FL 48 2 3
FL 48 12 14
FL 48 18 0
FL 48 49 0
FL 48 52 0
FL 48 60 0
FL 48 75 0
FL 48 77 0
FL 48 88 0
FL 48 96 0
FL 48 101 6
FL 48 107 113
FL 48 109 0
FL 48 123 0
FL 48 145 92
FL 48 146 0
FL 48 157 9
FL 48 158 0
FL 48 159 0
FL 48 165 100
FL 49 1 0
FL 49 2 15
FL 49 5 6
FL 49 11 0
FL 49 13 0
FL 49 16 0
FL 49 18 0
FL 49 35 27
FL 49 36 31
FL 49 38 6
FL 49 48 11
FL 49 51 0
FL 49 52 0
FL 49 58 3
FL 49 60 0
FL 49 67 0
FL 49 75 0
FL 49 77 0
FL 49 91 0
FL 49 101 3
FL 49 108 12
FL 49 121 11
FL 49 123 0
FL 49 139 0
FL 49 142 0
FL 49 146 0
FL 49 152 1
FL 49 154 0
FL 49 156 0
FL 49 157 4
FL 49 158 0
FL 49 159 0
FL 49 161 0
FL 49 162 33
FL 49 165 7
FL 49 170 3
FL 51 1 0
FL 51 6 14
FL 51 11 0
FL 51 13 0
FL 51 15 0
FL 51 18 0
FL 51 20 3
FL 51 25 18
FL 51 26 16
FL 51 35 12
FL 51 38 9
FL 51 44 6
FL 51 49 0
FL 51 52 0
FL 51 57 0
FL 51 58 2
FL 51 60 0
FL 51 64 3
FL 51 67 0
FL 51 70 0
FL 51 71 1
FL 51 72 29
FL 51 75 0
FL 51 77 0
FL 51 80 0
FL 51 91 0
FL 51 96 0
FL 51 98 0
FL 51 99 38
FL 51 101 4
FL 51 108 8
FL 51 109 0
FL 51 111 0
FL 51 113 32
FL 51 115 0
FL 51 119 0
FL 51 122 5
FL 51 129 1
FL 51 139 0
FL 51 142 0
FL 51 146 0
FL 51 149 6
FL 51 152 1
FL 51 155 6
FL 51 157 6
FL 51 158 0
FL 51 159 0
FL 51 161 0
FL 51 169 0
FL 51 170 3
FL 52 1 0
FL 52 2 7
FL 52 5 8
FL 52 13 0
FL 52 18 0
FL 52 26 17
FL 52 48 3
FL 52 49 0
FL 52 51 0
FL 52 58 0
FL 52 60 0
FL 52 67 0
FL 52 75 0
FL 52 77 0
FL 52 80 0
FL 52 88 0
FL 52 91 0
FL 52 96 0
FL 52 101 13
FL 52 108 49
FL 52 109 1
FL 52 115 0
FL 52 123 0
FL 52 139 0
FL 52 145 9
FL 52 146 0
FL 52 148 21
FL 52 149 5
FL 52 157 2
FL 52 165 3
FL 53 6 18
FL 53 7 50
FL 53 11 0
FL 53 15 0
FL 53 17 1
FL 53 25 14
FL 53 34 4
FL 53 44 12
FL 53 54 0
FL 53 64 6
FL 53 65 132
FL 53 72 92
FL 53 83 0
FL 53 89 11
FL 53 90 76
FL 53 94 0
FL 53 111 0
FL 53 112 0
FL 53 113 7
FL 53 114 0
FL 53 124 0
FL 53 127 0
FL 53 139 0
FL 53 142 69
FL 53 155 24
FL 54 2 8
FL 54 6 15
FL 54 9 0
FL 54 11 0
FL 54 15 0
FL 54 25 10
FL 54 26 13
FL 54 29 15
FL 54 35 23
FL 54 38 24
FL 54 43 15
FL 54 44 2
FL 54 53 1
FL 54 57 47
FL 54 63 24
FL 54 64 2
FL 54 71 53
FL 54 72 8
FL 54 80 144
FL 54 89 14
FL 54 90 39
FL 54 94 3
FL 54 97 0
FL 54 98 0
FL 54 99 18
FL 54 105 23
FL 54 111 7
FL 54 112 0
FL 54 113 27
FL 54 114 0
FL 54 119 157
FL 54 134 5
FL 54 139 0
FL 54 142 0
FL 54 155 19
FL 54 163 8
FL 54 168 0
FL 55 84 0
FL 55 162 59
FL 56 1 0
FL 56 2 134
FL 56 5 24
FL 56 11 55
FL 56 13 0
FL 56 15 0
FL 56 16 32
FL 56 17 1
FL 56 20 9
FL 56 23 0
FL 56 36 16
FL 56 40 7
FL 56 41 14
FL 56 55 70
FL 56 57 15
FL 56 58 0
FL 56 59 0
FL 56 63 19
FL 56 66 146
FL 56 70 0
FL 56 82 0
FL 56 84 0
FL 56 87 0
FL 56 91 0
FL 56 92 12
FL 56 93 27
FL 56 95 0
FL 56 96 109
FL 56 98 119
FL 56 100 6
FL 56 106 3
FL 56 110 61
FL 56 111 0
FL 56 115 0
FL 56 118 0
FL 56 119 41
FL 56 121 5
FL 56 122 42
FL 56 124 0
FL 56 129 1
FL 56 133 12
FL 56 136 0
FL 56 142 0
FL 56 144 47
FL 56 146 609
FL 56 150 21
FL 56 152 172
FL 56 156 24
FL 56 161 100
FL 56 174 0
FL 57 1 0
FL 57 5 7
FL 57 13 0
FL 57 15 0
FL 57 16 144
FL 57 18 122
FL 57 20 5
FL 57 25 23
FL 57 26 11
FL 57 51 0
FL 57 54 219
FL 57 56 1
FL 57 58 1
FL 57 60 0
FL 57 67 0
FL 57 70 0
FL 57 71 5
FL 57 77 0
FL 57 80 0
FL 57 87 0
FL 57 89 102
FL 57 91 0
FL 57 94 324
FL 57 96 0
FL 57 98 0
FL 57 101 79
FL 57 108 21
FL 57 111 0
FL 57 115 0
FL 57 129 0
FL 57 137 57
FL 57 139 0
FL 57 142 0
FL 57 146 0
FL 57 149 3
FL 57 152 2
FL 57 157 53
FL 58 1 0
FL 58 5 6
FL 58 11 11
FL 58 13 0
FL 58 15 0
FL 58 17 2
FL 58 38 11
FL 58 40 5
FL 58 49 0
FL 58 51 0
FL 58 52 0
FL 58 56 2
FL 58 57 0
FL 58 60 0
FL 58 70 0
FL 58 77 1
FL 58 91 0
FL 58 92 3
FL 58 98 0
FL 58 99 150
FL 58 101 19
FL 58 108 8
FL 58 109 5
FL 58 111 4
FL 58 112 358
FL 58 115 4
FL 58 116 0
FL 58 119 0
FL 58 121 23
FL 58 122 29
FL 58 139 0
FL 58 156 0
FL 58 157 10
FL 58 158 0
FL 58 159 0
FL 58 160 0
FL 58 161 5
FL 58 170 26
FL 59 3 0
FL 59 4 0
FL 59 16 0
FL 59 17 3
FL 59 23 0
FL 59 37 19
FL 59 39 23
FL 59 40 7
FL 59 56 0
FL 59 58 6
FL 59 66 1
FL 59 70 0
FL 59 82 0
FL 59 84 0
FL 59 87 8
FL 59 90 11
FL 59 91 0
FL 59 92 0
FL 59 93 20
FL 59 106 4
FL 59 110 66
FL 59 114 0
FL 59 116 0
FL 59 118 0
FL 59 122 5
FL 59 124 0
FL 59 126 12
FL 59 128 4
FL 59 129 1
FL 59 133 8
FL 59 136 0
FL 59 141 77
FL 59 150 101
FL 59 160 0
FL 59 167 12
FL 59 174 0
FL 60 1 0
FL 60 2 10
FL 60 5 3
FL 60 11 1
FL 60 13 0
FL 60 20 6
FL 60 35 12
FL 60 36 66
FL 60 38 32
FL 60 48 6
FL 60 49 0
FL 60 51 0
FL 60 52 0
FL 60 57 0
FL 60 58 3
FL 60 67 0
FL 60 70 0
FL 60 75 0
FL 60 77 0
FL 60 80 0
FL 60 81 11
FL 60 87 1
FL 60 91 0
FL 60 96 0
FL 60 98 0
FL 60 101 13
FL 60 108 13
FL 60 115 0
FL 60 119 0
FL 60 121 13
FL 60 123 666
FL 60 129 2
FL 60 139 0
FL 60 142 0
FL 60 146 0
FL 60 152 4
FL 60 154 0
FL 60 156 0
FL 60 157 10
FL 60 158 0
FL 60 159 0
FL 60 161 1
FL 60 165 10
FL 60 170 3
FL 63 73 36
FL 64 9 0
FL 64 25 12
FL 64 26 6
FL 64 29 122
FL 64 51 0
FL 64 53 1
FL 64 54 0
FL 64 71 3
FL 64 80 0
FL 64 89 6
FL 64 94 3
FL 64 105 11
FL 64 111 0
FL 64 112 0
FL 64 139 0
FL 64 142 0
FL 64 148 73
FL 64 149 27
FL 65 3 0
FL 65 15 0
FL 65 24 0
FL 65 29 34
FL 65 34 1
FL 65 43 2
FL 65 53 5
FL 65 79 3
FL 65 83 0
FL 65 86 74
FL 65 90 3
FL 65 94 1
FL 65 100 58
FL 65 112 0
FL 65 114 0
FL 65 126 10
FL 65 128 13
FL 65 134 9
FL 65 135 2
FL 65 168 0
FL 65 172 0
FL 66 3 0
FL 66 16 19
FL 66 17 0
FL 66 22 97
FL 66 31 34
FL 66 34 40
FL 66 37 17
FL 66 39 32
FL 66 40 13
FL 66 47 0
FL 66 56 152
FL 66 83 666
FL 66 92 0
FL 66 93 36
FL 66 110 19
FL 66 114 0
FL 66 116 3
FL 66 118 0
FL 66 126 13
FL 66 127 0
FL 66 128 21
FL 66 129 0
FL 66 135 89
FL 66 138 252
FL 66 160 35
FL 66 167 8
FL 67 1 0
FL 67 2 16
FL 67 4 0
FL 67 5 7
FL 67 6 11
FL 67 11 1
FL 67 12 5
FL 67 13 0
FL 67 15 0
FL 67 18 0
FL 67 20 2
FL 67 35 26
FL 67 36 26
FL 67 38 12
FL 67 49 0
FL 67 51 0
FL 67 52 0
FL 67 57 0
FL 67 58 2
FL 67 60 0
FL 67 70 0
FL 67 75 0
FL 67 77 1
FL 67 81 11
FL 67 82 0
FL 67 87 8
FL 67 91 0
FL 67 96 0
FL 67 98 0
FL 67 101 5
FL 67 108 10
FL 67 111 0
FL 67 115 0
FL 67 119 0
FL 67 121 9
FL 67 129 3
FL 67 139 0
FL 67 142 0
FL 67 146 0
FL 67 152 2
FL 67 156 0
FL 67 157 6
FL 67 158 0
FL 67 159 0
FL 67 161 4
FL 67 170 20
FL 67 174 0
FL 70 1 0
FL 70 2 6
FL 70 5 11
FL 70 6 18
FL 70 11 1
FL 70 13 0
FL 70 15 0
FL 70 17 1
FL 70 20 8
FL 70 35 18
FL 70 36 12
FL 70 38 9
FL 70 41 7
FL 70 51 0
FL 70 56 0
FL 70 57 0
FL 70 58 2
FL 70 59 0
FL 70 60 0
FL 70 67 0
FL 70 77 1
FL 70 87 1
FL 70 91 0
FL 70 92 0
FL 70 96 0
FL 70 98 0
FL 70 101 116
FL 70 108 53
FL 70 111 0
FL 70 115 0
FL 70 119 0
FL 70 121 10
FL 70 122 5
FL 70 124 0
FL 70 129 3
FL 70 133 5
FL 70 139 0
FL 70 142 0
FL 70 146 0
FL 70 150 9
FL 70 152 4
FL 70 156 0
FL 70 157 215
FL 70 161 1
FL 70 170 7
FL 71 6 10
FL 71 11 1
FL 71 25 8
FL 71 26 16
FL 71 32 103
FL 71 51 0
FL 71 54 111
FL 71 72 112
FL 71 89 23
FL 71 94 3
FL 71 113 16
FL 71 115 194
FL 71 155 38
FL 71 170 12
FL 72 51 0
FL 73 6 28
FL 73 11 9
FL 73 24 0
FL 73 63 22
FL 73 139 0
FL 73 155 17
FL 74 5 3
FL 74 16 64
FL 74 23 0
FL 74 82 0
FL 75 1 0
FL 75 18 0
FL 75 24 0
FL 75 26 12
FL 75 35 4
FL 75 38 59
FL 75 48 3
FL 75 49 0
FL 75 51 0
FL 75 52 0
FL 75 60 0
FL 75 67 0
FL 75 77 1
FL 75 80 0
FL 75 88 0
FL 75 101 8
FL 75 109 1
FL 75 115 0
FL 75 120 8
FL 75 123 0
FL 75 146 0
FL 75 147 14
FL 75 148 12
FL 75 157 5
FL 75 158 0
FL 75 159 0
FL 75 161 1
FL 75 165 5
FL 75 169 0
FL 75 170 3
FL 77 1 0
FL 77 6 65
FL 77 11 10
FL 77 13 0
FL 77 35 25
FL 77 38 41
FL 77 49 0
FL 77 51 0
FL 77 57 0
FL 77 58 1
FL 77 70 0
FL 77 75 666
FL 77 87 9
FL 77 91 0
FL 77 108 17
FL 77 111 5
FL 77 115 3
FL 77 119 0
FL 77 156 0
FL 77 158 0
FL 79 6 14
FL 79 11 0
FL 79 24 0
FL 79 31 71
FL 79 34 3
FL 79 63 14
FL 79 65 0
FL 79 73 15
FL 79 128 10
FL 79 163 139
FL 79 168 0
FL 79 172 0
FL 80 6 12
FL 80 9 0
FL 80 11 0
FL 80 15 0
FL 80 20 4
FL 80 24 0
FL 80 25 14
FL 80 26 12
FL 80 35 8
FL 80 38 27
FL 80 43 8
FL 80 44 8
FL 80 51 0
FL 80 52 0
FL 80 54 19
FL 80 57 0
FL 80 60 0
FL 80 64 4
FL 80 71 6
FL 80 72 8
FL 80 75 0
FL 80 81 14
FL 80 82 0
FL 80 89 10
FL 80 94 81
FL 80 98 0
FL 80 99 16
FL 80 105 22
FL 80 109 0
FL 80 111 19
FL 80 113 30
FL 80 115 0
FL 80 119 0
FL 80 129 1
FL 80 139 0
FL 80 142 20
FL 80 146 0
FL 80 148 13
FL 80 149 4
FL 80 152 3
FL 80 155 40
FL 80 157 3
FL 80 158 0
FL 80 159 0
FL 80 161 0
FL 80 170 6
FL 80 174 0
FL 81 5 6
FL 81 12 39
FL 81 13 0
FL 81 17 1
FL 81 21 15
FL 81 28 33
FL 81 41 20
FL 81 60 0
FL 81 67 0
FL 81 80 0
FL 81 95 132
FL 81 96 173
FL 81 102 142
FL 81 123 0
FL 81 129 3
FL 81 137 95
FL 81 150 5
FL 81 173 44
FL 82 1 0
FL 82 5 7
FL 82 13 0
FL 82 16 0
FL 82 17 1
FL 82 18 0
FL 82 20 10
FL 82 23 0
FL 82 36 12
FL 82 40 3
FL 82 41 8
FL 82 56 0
FL 82 59 0
FL 82 67 0
FL 82 74 117
FL 82 80 0
FL 82 84 0
FL 82 87 0
FL 82 91 0
FL 82 93 10
FL 82 95 0
FL 82 102 278
FL 82 106 15
FL 82 110 16
FL 82 111 0
FL 82 118 0
FL 82 121 33
FL 82 122 2
FL 82 124 0
FL 82 127 0
FL 82 129 2
FL 82 133 20
FL 82 136 0
FL 82 150 18
FL 82 154 0
FL 82 173 5
FL 82 174 0
FL 83 3 0
FL 83 4 0
FL 83 17 0
FL 83 34 1
FL 83 53 10
FL 83 65 0
FL 83 66 0
FL 83 86 137
FL 83 90 40
FL 83 100 5
FL 83 114 666
FL 83 125 0
FL 83 128 16
FL 83 166 22
FL 83 174 0
FL 84 15 0
FL 84 16 0
FL 84 17 1
FL 84 20 79
FL 84 23 0
FL 84 37 12
FL 84 39 6
FL 84 40 17
FL 84 46 92
FL 84 55 87
FL 84 56 0
FL 84 59 0
FL 84 82 0
FL 84 87 7
FL 84 90 14
FL 84 91 0
FL 84 92 0
FL 84 93 23
FL 84 100 2
FL 84 106 13
FL 84 110 25
FL 84 114 0
FL 84 116 0
FL 84 118 0
FL 84 122 6
FL 84 124 0
FL 84 129 0
FL 84 133 3
FL 84 136 0
FL 84 141 19
FL 84 142 0
FL 84 160 0
FL 84 174 0
FL 86 3 0
FL 86 65 0
FL 86 83 0
FL 86 125 0
FL 86 128 5
FL 86 166 13
FL 87 5 5
FL 87 7 29
FL 87 11 0
FL 87 13 0
FL 87 22 42
FL 87 35 71
FL 87 38 15
FL 87 56 0
FL 87 57 3
FL 87 60 0
FL 87 67 0
FL 87 77 0
FL 87 82 0
FL 87 91 0
FL 87 92 0
FL 87 93 23
FL 87 95 0
FL 87 98 0
FL 87 108 26
FL 87 115 0
FL 87 116 26
FL 87 117 97
FL 87 121 10
FL 87 127 0
FL 87 132 27
FL 87 133 5
FL 87 136 0
FL 87 139 0
FL 87 142 0
FL 87 146 70
FL 87 150 19
FL 87 156 0
FL 87 170 10
FL 87 173 67
FL 88 12 4
FL 88 18 0
FL 88 26 6
FL 88 32 40
FL 88 48 5
FL 88 52 0
FL 88 72 61
FL 88 75 0
FL 88 81 9
FL 88 96 0
FL 88 99 22
FL 88 107 7
FL 88 109 2
FL 88 120 10
FL 88 123 0
FL 88 145 3
FL 88 147 11
FL 88 148 27
FL 88 149 3
FL 88 157 5
FL 88 165 2
FL 88 169 0
FL 89 6 9
FL 89 9 0
FL 89 15 0
FL 89 25 13
FL 89 35 14
FL 89 44 72
FL 89 53 7
FL 89 54 0
FL 89 57 4
FL 89 63 95
FL 89 64 50
FL 89 71 74
FL 89 72 17
FL 89 80 0
FL 89 94 2
FL 89 97 2
FL 89 111 4
FL 89 112 0
FL 89 119 0
FL 89 139 0
FL 89 142 3
FL 89 155 8
FL 90 3 1
FL 90 4 1
FL 90 16 0
FL 90 34 9
FL 90 39 10
FL 90 40 10
FL 90 53 16
FL 90 54 118
FL 90 65 0
FL 90 66 2
FL 90 114 0
FL 90 160 0
FL 90 167 38
FL 91 1 0
FL 91 2 22
FL 91 4 0
FL 91 5 4
FL 91 6 96
FL 91 7 7
FL 91 11 5
FL 91 13 0
FL 91 15 0
FL 91 17 0
FL 91 20 2
FL 91 21 16
FL 91 23 0
FL 91 35 72
FL 91 36 60
FL 91 38 57
FL 91 39 9
FL 91 40 8
FL 91 41 46
FL 91 42 0
FL 91 46 1
FL 91 49 667
FL 91 51 0
FL 91 52 0
FL 91 55 95
FL 91 56 0
FL 91 57 0
FL 91 58 0
FL 91 59 0
FL 91 60 0
FL 91 67 0
FL 91 70 0
FL 91 77 0
FL 91 82 0
FL 91 84 0
FL 91 87 0
FL 91 96 0
FL 91 98 0
FL 91 100 2
FL 91 101 27
FL 91 108 40
FL 91 111 0
FL 91 112 0
FL 91 115 0
FL 91 118 0
FL 91 119 0
FL 91 121 9
FL 91 122 46
FL 91 124 0
FL 91 127 0
FL 91 129 0
FL 91 133 6
FL 91 139 0
FL 91 141 110
FL 91 142 0
FL 91 146 0
FL 91 150 12
FL 91 152 0
FL 91 156 0
FL 91 157 8
FL 91 158 0
FL 91 159 0
FL 91 161 1
FL 91 170 12
FL 92 3 244
FL 92 4 0
FL 92 16 0
FL 92 23 3
FL 92 37 15
FL 92 39 22
FL 92 40 6
FL 92 41 11
FL 92 56 118
FL 92 58 1
FL 92 59 53
FL 92 66 0
FL 92 70 0
FL 92 84 0
FL 92 87 3
FL 92 90 11
FL 92 93 16
FL 92 100 2
FL 92 103 57
FL 92 106 15
FL 92 110 25
FL 92 114 0
FL 92 116 1
FL 92 118 0
FL 92 122 12
FL 92 124 0
FL 92 127 2
FL 92 128 163
FL 92 129 119
FL 92 133 3
FL 92 136 0
FL 92 141 10
FL 92 150 18
FL 92 160 32
FL 92 167 6
FL 92 174 506
FL 93 4 2
FL 93 16 0
FL 93 17 1
FL 93 22 19
FL 93 59 0
FL 93 82 0
FL 93 114 0
FL 93 122 22
FL 94 6 21
FL 94 11 6
FL 94 29 11
FL 94 34 9
FL 94 53 6
FL 94 54 0
FL 94 57 17
FL 94 64 5
FL 94 65 0
FL 94 71 50
FL 94 72 43
FL 94 80 217
FL 94 89 43
FL 94 97 3
FL 94 105 41
FL 94 111 4
FL 94 112 0
FL 94 119 86
FL 94 142 3
FL 94 155 68
FL 94 168 0
FL 94 172 666
FL 95 4 0
FL 95 7 14
FL 95 12 51
FL 95 13 0
FL 95 16 0
FL 95 17 1
FL 95 21 30
FL 95 56 0
FL 95 81 1
FL 95 82 0
FL 95 87 0
FL 95 93 15
FL 95 118 0
FL 95 127 0
FL 95 133 3
FL 95 141 19
FL 95 142 0
FL 95 144 151
FL 95 154 0
FL 95 162 63
FL 96 1 0
FL 96 2 7
FL 96 5 6
FL 96 11 0
FL 96 12 19
FL 96 13 0
FL 96 15 0
FL 96 18 0
FL 96 20 3
FL 96 35 12
FL 96 36 8
FL 96 38 17
FL 96 48 5
FL 96 51 0
FL 96 52 0
FL 96 56 0
FL 96 57 0
FL 96 58 1
FL 96 60 0
FL 96 67 0
FL 96 70 0
FL 96 77 0
FL 96 81 10
FL 96 87 1
FL 96 88 666
FL 96 91 0
FL 96 98 0
FL 96 108 22
FL 96 109 2
FL 96 119 0
FL 96 121 16
FL 96 124 124
FL 96 129 2
FL 96 139 0
FL 96 142 0
FL 96 146 0
FL 96 152 2
FL 96 154 0
FL 96 156 0
FL 96 157 3
FL 96 161 0
FL 96 170 3
FL 96 174 0
FL 97 4 0
FL 97 7 21
FL 97 15 0
FL 97 16 0
FL 97 24 0
FL 97 25 8
FL 97 26 18
FL 97 31 13
FL 97 34 10
FL 97 37 29
FL 97 39 38
FL 97 53 1
FL 97 54 0
FL 97 63 40
FL 97 66 0
FL 97 87 5
FL 97 89 31
FL 97 94 2
FL 97 100 5
FL 97 105 12
FL 97 111 0
FL 97 112 0
FL 97 116 0
FL 97 124 0
FL 97 126 12
FL 97 134 7
FL 97 135 2
FL 97 136 0
FL 97 163 8
FL 97 168 0
FL 98 1 0
FL 98 2 17
FL 98 5 7
FL 98 6 59
FL 98 9 0
FL 98 11 0
FL 98 13 0
FL 98 20 2
FL 98 24 0
FL 98 26 15
FL 98 35 36
FL 98 36 15
FL 98 38 17
FL 98 51 0
FL 98 54 1
FL 98 56 19
FL 98 57 7
FL 98 58 2
FL 98 60 1
FL 98 67 1
FL 98 70 1
FL 98 77 1
FL 98 80 1
FL 98 81 17
FL 98 87 1
FL 98 91 1
FL 98 96 1
FL 98 101 27
FL 98 108 22
FL 98 109 2
FL 98 111 113
FL 98 115 1
FL 98 119 1
FL 98 121 24
FL 98 129 7
FL 98 139 1
FL 98 142 75
FL 98 146 1
FL 98 152 1
FL 98 156 1
FL 98 157 3
FL 98 159 1
FL 98 161 2
FL 98 170 20
FL 98 174 17
FL 99 9 1
FL 99 25 5
FL 99 51 1
FL 99 54 1
FL 99 58 3
FL 99 115 2
FL 99 145 28
FL 100 7 35
FL 100 34 6
FL 100 37 21
FL 100 44 19
FL 100 65 427
FL 100 129 1
FL 100 135 271
FL 101 1 1
FL 101 18 1
FL 101 36 20
FL 101 57 1
FL 101 58 2
FL 101 70 144
FL 101 91 1
FL 101 137 89
FL 101 142 1
FL 101 154 0
FL 101 156 0
FL 102 82 0
FL 103 17 4
FL 103 92 3
FL 103 116 6
FL 103 118 132
FL 103 153 211
FL 105 6 5
FL 105 9 1
FL 105 29 151
FL 105 34 13
FL 105 80 0
FL 105 94 2
FL 105 97 4
FL 105 112 0
FL 105 142 3
FL 105 168 0
FL 105 172 0
FL 106 1 75
FL 106 17 1
FL 106 37 35
FL 106 129 4
FL 106 160 51
FL 106 167 28
FL 106 174 1
FL 107 18 1
FL 107 32 60
FL 107 48 65
FL 107 88 1
FL 107 99 32
FL 107 120 98
FL 107 145 39
FL 107 148 11
FL 107 149 38
FL 108 11 3
FL 109 6 16
FL 109 9 667
FL 109 26 14
FL 109 58 362
FL 109 96 1
FL 109 115 277
FL 109 119 278
FL 109 152 2
FL 109 169 0
FL 109 170 127
FL 110 112 0
FL 111 1 41
FL 111 2 39
FL 111 5 11
FL 111 6 18
FL 111 11 13
FL 111 13 1
FL 111 15 1
FL 111 17 5
FL 111 20 103
FL 111 23 1
FL 111 24 90
FL 111 25 29
FL 111 26 151
FL 111 35 44
FL 111 38 65
FL 111 39 32
FL 111 40 27
FL 111 44 81
FL 111 51 1
FL 111 53 3
FL 111 54 125
FL 111 56 3
FL 111 58 4
FL 111 64 23
FL 111 67 1
FL 111 70 68
FL 111 72 38
FL 111 77 140
FL 111 80 126
FL 111 82 63
FL 111 89 27
FL 111 94 4
FL 111 98 20
FL 111 112 1
FL 111 113 148
FL 111 120 22
FL 111 124 92
FL 111 133 109
FL 111 148 27
FL 111 150 15
FL 111 152 4
FL 111 155 58
FL 111 161 3
FL 111 169 214
FL 111 174 4
FL 112 15 1
FL 112 17 2
FL 112 23 1
FL 112 24 1
FL 112 25 17
FL 112 26 20
FL 112 34 9
FL 112 43 8
FL 112 44 4
FL 112 53 9
FL 112 54 1
FL 112 58 2
FL 112 63 22
FL 112 64 7
FL 112 65 1
FL 112 72 61
FL 112 89 13
FL 112 91 1
FL 112 94 4
FL 112 97 1
FL 112 105 14
FL 112 110 13
FL 112 111 1
FL 112 113 20
FL 112 114 1
FL 112 124 1
FL 112 134 4
FL 112 135 3
FL 112 142 1
FL 112 155 43
FL 113 15 1
FL 113 25 18
FL 113 51 127
FL 113 53 10
FL 113 71 14
FL 113 80 1
FL 113 111 4
FL 113 112 1
FL 113 139 1
FL 113 142 5
FL 113 148 21
FL 114 3 1
FL 114 4 1
FL 114 15 1
FL 114 16 1
FL 114 24 1
FL 114 31 4
FL 114 37 13
FL 114 39 11
FL 114 40 7
FL 114 53 1
FL 114 54 1
FL 114 59 1
FL 114 65 1
FL 114 66 1
FL 114 73 16
FL 114 83 1
FL 114 84 1
FL 114 90 6
FL 114 92 0
FL 114 93 10
FL 114 100 2
FL 114 112 0
FL 114 116 0
FL 114 118 0
FL 114 124 0
FL 114 126 18
FL 114 128 9
FL 114 133 2
FL 114 134 5
FL 114 135 2
FL 114 136 0
FL 114 141 40
FL 114 160 0
FL 114 163 5
FL 114 167 4
FL 115 5 17
FL 115 6 12
FL 115 11 8
FL 115 13 0
FL 115 36 33
FL 115 52 0
FL 115 58 6
FL 115 60 0
FL 115 70 0
FL 115 71 73
FL 115 77 7
FL 115 87 7
FL 115 98 0
FL 115 99 69
FL 115 109 2
FL 115 121 16
FL 115 152 2
FL 115 156 0
FL 115 161 1
FL 115 169 461
FL 115 174 1
FL 116 3 13
FL 116 4 0
FL 116 16 0
FL 116 37 3
FL 116 39 20
FL 116 40 8
FL 116 41 7
FL 116 47 113
FL 116 58 0
FL 116 59 0
FL 116 66 0
FL 116 84 0
FL 116 87 82
FL 116 90 12
FL 116 92 2
FL 116 93 16
FL 116 97 564
FL 116 100 3
FL 116 103 65
FL 116 106 16
FL 116 110 18
FL 116 114 0
FL 116 118 0
FL 116 122 40
FL 116 124 0
FL 116 127 0
FL 116 128 69
FL 116 129 49
FL 116 133 13
FL 116 136 0
FL 116 141 11
FL 116 150 39
FL 116 160 60
FL 116 167 6
FL 116 174 5
FL 117 1 60
FL 117 18 55
FL 118 4 0
FL 118 7 8
FL 118 15 0
FL 118 16 0
FL 118 17 4
FL 118 23 0
FL 118 37 77
FL 118 39 14
FL 118 40 18
FL 118 53 6
FL 118 56 1
FL 118 59 0
FL 118 63 35
FL 118 66 1
FL 118 82 0
FL 118 84 0
FL 118 87 5
FL 118 90 13
FL 118 91 0
FL 118 92 1
FL 118 93 54
FL 118 95 0
FL 118 103 31
FL 118 106 7
FL 118 111 1
FL 118 114 0
FL 118 116 0
FL 118 122 4
FL 118 124 0
FL 118 126 36
FL 118 127 0
FL 118 129 3
FL 118 133 26
FL 118 136 0
FL 118 141 17
FL 118 142 0
FL 118 144 47
FL 118 150 28
FL 118 160 61
FL 118 174 0
FL 119 1 0
FL 119 4 14
FL 119 5 10
FL 119 13 0
FL 119 15 0
FL 119 16 0
FL 119 18 0
FL 119 25 4
FL 119 26 20
FL 119 51 0
FL 119 54 79
FL 119 56 0
FL 119 58 3
FL 119 60 0
FL 119 67 0
FL 119 70 0
FL 119 71 1
FL 119 77 0
FL 119 80 0
FL 119 89 9
FL 119 91 0
FL 119 94 266
FL 119 96 0
FL 119 98 0
FL 119 101 7
FL 119 108 23
FL 119 109 2
FL 119 111 0
FL 119 115 0
FL 119 139 0
FL 119 142 0
FL 119 146 0
FL 119 149 5
FL 119 152 2
FL 120 9 0
FL 120 18 0
FL 120 25 6
FL 120 26 14
FL 120 32 96
FL 120 75 0
FL 120 88 0
FL 120 107 145
FL 120 109 1
FL 120 111 0
FL 120 123 0
FL 120 139 0
FL 120 145 52
FL 120 148 33
FL 120 157 3
FL 120 165 94
FL 121 15 0
FL 121 56 2
FL 121 58 4
FL 121 82 0
FL 121 91 0
FL 121 108 49
FL 121 115 5
FL 121 137 1
FL 121 139 0
FL 121 142 6
FL 121 154 0
FL 121 157 61
FL 122 16 0
FL 122 17 1
FL 122 23 0
FL 122 37 27
FL 122 40 6
FL 122 44 68
FL 122 51 0
FL 122 53 0
FL 122 56 0
FL 122 58 3
FL 122 59 0
FL 122 63 81
FL 122 66 0
FL 122 70 0
FL 122 82 0
FL 122 84 0
FL 122 87 4
FL 122 90 16
FL 122 91 0
FL 122 92 0
FL 122 93 13
FL 122 106 14
FL 122 110 32
FL 122 111 0
FL 122 116 0
FL 122 118 0
FL 122 124 0
FL 122 126 4
FL 122 129 2
FL 122 133 4
FL 122 136 0
FL 122 141 11
FL 122 150 45
FL 122 160 0
FL 122 174 0
FL 123 12 13
FL 123 18 0
FL 123 20 1
FL 123 48 4
FL 123 49 0
FL 123 52 0
FL 123 60 0
FL 123 75 0
FL 123 81 8
FL 123 88 0
FL 123 101 7
FL 123 109 2
FL 123 120 4
FL 123 145 5
FL 123 147 6
FL 123 157 3
FL 123 158 0
FL 123 159 0
FL 123 165 6
FL 123 169 0
FL 124 3 0
FL 124 4 0
FL 124 5 25
FL 124 15 115
FL 124 16 0
FL 124 17 2
FL 124 20 76
FL 124 23 0
FL 124 36 30
FL 124 37 31
FL 124 39 58
FL 124 40 7
FL 124 41 5
FL 124 53 7
FL 124 56 0
FL 124 58 2
FL 124 59 0
FL 124 66 0
FL 124 70 0
FL 124 82 0
FL 124 84 0
FL 124 87 5
FL 124 91 0
FL 124 92 0
FL 124 93 23
FL 124 96 390
FL 124 97 0
FL 124 100 3
FL 124 106 19
FL 124 110 13
FL 124 111 33
FL 124 112 0
FL 124 114 0
FL 124 116 0
FL 124 118 0
FL 124 122 26
FL 124 129 0
FL 124 133 2
FL 124 136 0
FL 124 141 40
FL 124 142 25
FL 124 150 36
FL 124 156 331
FL 124 160 0
FL 124 174 0
FL 125 3 0
FL 125 17 233
FL 125 47 0
FL 125 83 1
FL 125 86 4
FL 125 128 11
FL 125 166 30
FL 126 24 123
FL 126 34 27
FL 126 37 18
FL 126 39 36
FL 126 59 105
FL 126 65 112
FL 126 66 3
FL 126 114 0
FL 126 118 0
FL 126 122 29
FL 126 128 18
FL 126 129 7
FL 126 135 11
FL 126 136 39
FL 127 4 301
FL 127 7 10
FL 127 21 27
FL 127 22 21
FL 127 23 1
FL 127 33 23
FL 127 36 21
FL 127 37 14
FL 127 40 208
FL 127 41 20
FL 127 42 0
FL 127 53 102
FL 127 66 1
FL 127 82 135
FL 127 87 34
FL 127 91 1
FL 127 92 12
FL 127 93 41
FL 127 95 0
FL 127 103 88
FL 127 110 13
FL 127 116 0
FL 127 118 170
FL 127 133 77
FL 127 136 129
FL 127 141 24
FL 127 144 90
FL 127 150 108
FL 127 153 124
FL 127 160 240
FL 127 167 219
FL 128 4 0
FL 128 31 48
FL 128 65 0
FL 128 66 0
FL 128 79 155
FL 128 83 0
FL 128 86 208
FL 128 92 0
FL 128 114 0
FL 128 116 3
FL 128 125 0
FL 128 126 16
FL 128 138 196
FL 128 160 26
FL 128 166 13
FL 129 13 0
FL 129 15 0
FL 129 16 0
FL 129 17 3
FL 129 35 45
FL 129 38 34
FL 129 39 68
FL 129 40 23
FL 129 56 2
FL 129 57 0
FL 129 59 4
FL 129 66 0
FL 129 70 0
FL 129 81 13
FL 129 82 1
FL 129 84 4
FL 129 91 0
FL 129 92 44
FL 129 93 54
FL 129 96 0
FL 129 98 56
FL 129 100 4
FL 129 106 35
FL 129 110 57
FL 129 116 120
FL 129 118 0
FL 129 121 12
FL 129 122 14
FL 129 126 142
FL 129 139 120
FL 129 142 3
FL 129 156 0
FL 129 174 3
FL 132 1 19
FL 132 16 1
FL 132 18 150
FL 132 21 8
FL 132 142 1
FL 133 15 181
FL 133 17 3
FL 133 20 167
FL 133 41 19
FL 133 82 2
FL 133 87 7
FL 133 91 0
FL 133 111 5
FL 133 118 0
FL 133 136 0
FL 134 9 0
FL 134 11 0
FL 134 24 0
FL 134 31 128
FL 134 34 0
FL 134 43 105
FL 134 53 0
FL 134 54 0
FL 134 63 11
FL 134 65 0
FL 134 73 25
FL 134 94 0
FL 134 97 0
FL 134 105 11
FL 134 112 0
FL 134 114 0
FL 134 135 4
FL 134 163 26
FL 134 168 0
FL 134 172 0
FL 135 4 112
FL 135 5 17
FL 135 11 11
FL 135 66 384
FL 135 100 134
FL 135 126 37
FL 135 139 2
FL 136 4 0
FL 136 7 15
FL 136 13 0
FL 136 16 0
FL 136 22 19
FL 136 23 0
FL 136 36 22
FL 136 37 16
FL 136 39 14
FL 136 40 9
FL 136 41 34
FL 136 56 0
FL 136 59 0
FL 136 66 0
FL 136 82 0
FL 136 84 0
FL 136 87 0
FL 136 90 12
FL 136 92 0
FL 136 93 14
FL 136 97 0
FL 136 100 6
FL 136 103 29
FL 136 106 11
FL 136 110 41
FL 136 114 0
FL 136 116 0
FL 136 118 0
FL 136 122 2
FL 136 124 0
FL 136 126 4
FL 136 127 0
FL 136 129 0
FL 136 133 4
FL 136 141 62
FL 136 144 73
FL 136 160 0
FL 136 167 10
FL 136 174 0
FL 137 1 29
FL 137 12 12
FL 137 17 2
FL 137 18 60
FL 137 21 16
FL 137 28 52
FL 137 41 3
FL 137 57 46
FL 137 81 13
FL 137 101 125
FL 137 106 11
FL 137 121 25
FL 137 142 25
FL 137 154 0
FL 138 3 0
FL 138 4 0
FL 138 42 0
FL 138 47 0
FL 138 66 1
FL 138 128 73
FL 139 1 0
FL 139 2 7
FL 139 5 2
FL 139 6 30
FL 139 11 1
FL 139 13 0
FL 139 15 0
FL 139 20 5
FL 139 24 0
FL 139 25 8
FL 139 26 34
FL 139 35 34
FL 139 36 40
FL 139 38 13
FL 139 43 9
FL 139 44 52
FL 139 49 0
FL 139 51 0
FL 139 52 0
FL 139 53 1
FL 139 54 0
FL 139 57 0
FL 139 58 1
FL 139 60 0
FL 139 64 5
FL 139 67 0
FL 139 70 0
FL 139 72 46
FL 139 73 84
FL 139 77 1
FL 139 80 0
FL 139 87 3
FL 139 89 14
FL 139 91 0
FL 139 96 0
FL 139 98 0
FL 139 101 11
FL 139 108 8
FL 139 111 0
FL 139 113 33
FL 139 115 4
FL 139 119 0
FL 139 120 10
FL 139 121 9
FL 139 129 10
FL 139 135 6
FL 139 142 0
FL 139 146 0
FL 139 152 1
FL 139 155 38
FL 139 156 0
FL 139 157 6
FL 139 158 0
FL 139 159 0
FL 139 161 1
FL 139 169 0
FL 139 170 10
FL 139 174 0
FL 141 84 0
FL 141 124 6
FL 142 1 0
FL 142 2 119
FL 142 13 0
FL 142 18 123
FL 142 21 22
FL 142 25 32
FL 142 36 33
FL 142 40 28
FL 142 53 17
FL 142 54 3
FL 142 57 0
FL 142 72 55
FL 142 80 199
FL 142 87 5
FL 142 89 35
FL 142 94 6
FL 142 95 1
FL 142 98 43
FL 142 101 21
FL 142 105 57
FL 142 110 8
FL 142 112 186
FL 142 113 28
FL 142 117 35
FL 142 118 0
FL 142 119 2
FL 142 121 77
FL 142 124 126
FL 142 129 11
FL 142 132 27
FL 142 137 1
FL 142 154 0
FL 142 155 70
FL 142 159 666
FL 142 173 25
FL 142 174 3
FL 144 22 47
FL 144 154 0
FL 145 12 19
FL 145 18 0
FL 145 26 12
FL 145 32 63
FL 145 48 87
FL 145 52 0
FL 145 81 9
FL 145 88 0
FL 145 99 27
FL 145 107 57
FL 145 109 0
FL 145 120 104
FL 145 123 0
FL 145 147 113
FL 145 148 18
FL 145 149 40
FL 145 165 69
FL 145 169 0
FL 146 1 0
FL 146 2 9
FL 146 4 0
FL 146 5 8
FL 146 11 0
FL 146 13 0
FL 146 18 0
FL 146 20 4
FL 146 25 20
FL 146 35 7
FL 146 36 21
FL 146 38 14
FL 146 39 15
FL 146 43 5
FL 146 48 31
FL 146 49 0
FL 146 51 0
FL 146 52 0
FL 146 56 0
FL 146 57 0
FL 146 58 1
FL 146 60 0
FL 146 67 0
FL 146 70 0
FL 146 75 0
FL 146 77 0
FL 146 80 0
FL 146 87 0
FL 146 91 0
FL 146 96 0
FL 146 98 0
FL 146 101 3
FL 146 108 51
FL 146 111 0
FL 146 115 0
FL 146 119 0
FL 146 121 26
FL 146 129 0
FL 146 139 0
FL 146 142 0
FL 146 152 2
FL 146 156 0
FL 146 157 13
FL 146 158 0
FL 146 159 0
FL 146 161 0
FL 146 170 5
FL 147 18 0
FL 147 26 21
FL 147 32 84
FL 147 71 3
FL 147 75 0
FL 147 88 0
FL 147 109 0
FL 147 123 0
FL 147 145 19
FL 147 148 8
FL 147 149 81
FL 147 157 3
FL 147 165 70
FL 148 26 14
FL 148 64 77
FL 148 111 3
FL 148 113 87
FL 148 170 15
FL 149 6 11
FL 149 9 0
FL 149 18 0
FL 149 25 10
FL 149 26 13
FL 149 32 50
FL 149 44 31
FL 149 51 0
FL 149 52 0
FL 149 57 0
FL 149 64 43
FL 149 71 4
FL 149 72 29
FL 149 80 0
FL 149 88 0
FL 149 99 21
FL 149 107 94
FL 149 109 0
FL 149 115 0
FL 149 119 0
FL 149 145 38
FL 149 147 141
FL 149 148 14
FL 149 152 1
FL 149 157 2
FL 149 158 0
FL 149 159 0
FL 149 161 0
FL 149 169 0
FL 149 170 6
FL 150 111 0
FL 152 4 58
FL 152 5 17
FL 152 11 20
FL 152 25 13
FL 152 51 0
FL 152 56 67
FL 152 67 0
FL 152 109 666
FL 152 111 8
FL 152 115 6
FL 152 146 0
FL 152 149 45
FL 152 158 0
FL 152 161 1
FL 152 174 29
FL 153 103 24
FL 154 5 12
FL 154 18 9
FL 154 60 667
FL 155 51 0
FL 155 71 26
FL 155 73 72
FL 155 80 3
FL 155 112 1
FL 155 142 14
FL 156 1 0
FL 156 2 9
FL 156 5 3
FL 156 13 0
FL 156 15 0
FL 156 16 0
FL 156 17 1
FL 156 18 0
FL 156 20 5
FL 156 49 0
FL 156 56 0
FL 156 58 2
FL 156 60 0
FL 156 67 0
FL 156 70 0
FL 156 77 0
FL 156 87 0
FL 156 91 0
FL 156 96 0
FL 156 98 0
FL 156 101 7
FL 156 108 16
FL 156 115 0
FL 156 124 126
FL 156 129 2
FL 156 139 0
FL 156 142 0
FL 156 146 0
FL 156 152 2
FL 156 154 0
FL 156 157 3
FL 156 174 0
FL 157 51 0
FL 157 57 194
FL 157 58 7
FL 157 70 67
FL 157 121 78
FL 157 156 0
FL 158 1 0
FL 158 2 14
FL 158 5 10
FL 158 13 0
FL 158 18 0
FL 158 25 11
FL 158 26 27
FL 158 48 6
FL 158 49 0
FL 158 51 0
FL 158 58 2
FL 158 60 0
FL 158 67 0
FL 158 75 0
FL 158 77 0
FL 158 80 0
FL 158 91 0
FL 158 101 4
FL 158 108 12
FL 158 109 0
FL 158 115 0
FL 158 123 0
FL 158 139 0
FL 158 146 0
FL 158 149 2
FL 158 152 2
FL 158 157 2
FL 158 165 6
FL 159 1 0
FL 159 2 7
FL 159 13 0
FL 159 18 0
FL 159 25 17
FL 159 26 15
FL 159 48 3
FL 159 49 0
FL 159 51 0
FL 159 58 2
FL 159 60 0
FL 159 67 0
FL 159 75 0
FL 159 77 0
FL 159 80 0
FL 159 91 0
FL 159 98 0
FL 159 101 20
FL 159 108 19
FL 159 109 0
FL 159 115 0
FL 159 123 0
FL 159 139 0
FL 159 142 0
FL 159 146 0
FL 159 149 4
FL 159 152 1
FL 159 157 7
FL 159 165 3
FL 160 3 204
FL 160 4 0
FL 160 16 0
FL 160 37 21
FL 160 39 10
FL 160 40 15
FL 160 41 8
FL 160 58 2
FL 160 59 0
FL 160 66 0
FL 160 84 0
FL 160 90 10
FL 160 92 4
FL 160 93 8
FL 160 100 2
FL 160 103 69
FL 160 106 16
FL 160 114 0
FL 160 116 1
FL 160 118 83
FL 160 122 4
FL 160 124 0
FL 160 127 0
FL 160 128 5
FL 160 133 11
FL 160 136 0
FL 160 141 9
FL 160 153 132
FL 160 167 3
FL 161 1 0
FL 161 5 21
FL 161 13 0
FL 161 24 462
FL 161 26 18
FL 161 49 0
FL 161 56 13
FL 161 58 9
FL 161 60 1
FL 161 70 1
FL 161 91 0
FL 161 98 2
FL 161 111 20
FL 161 115 10
FL 161 146 0
FL 162 41 33
FL 162 95 263
FL 163 9 0
FL 163 11 0
FL 163 24 0
FL 163 29 89
FL 163 31 45
FL 163 34 1
FL 163 43 104
FL 163 53 7
FL 163 54 0
FL 163 63 29
FL 163 73 15
FL 163 79 117
FL 163 97 0
FL 163 105 26
FL 163 114 0
FL 163 134 122
FL 163 135 2
FL 163 155 12
FL 163 168 0
FL 163 172 0
FL 164 12 64
FL 164 33 55
FL 164 46 2
FL 164 162 48
FL 165 12 13
FL 165 18 0
FL 165 20 4
FL 165 48 83
FL 165 49 0
FL 165 52 0
FL 165 60 0
FL 165 75 0
FL 165 81 7
FL 165 88 0
FL 165 101 12
FL 165 109 0
FL 165 120 130
FL 165 123 0
FL 165 145 93
FL 165 147 94
FL 165 157 3
FL 165 158 0
FL 165 159 0
FL 165 169 0
FL 166 17 288
FL 166 47 0
FL 166 83 5
FL 166 125 200
FL 167 37 20
FL 167 39 30
FL 167 40 23
FL 167 59 7
FL 167 66 3
FL 167 90 123
FL 167 92 17
FL 167 103 79
FL 167 106 131
FL 167 116 23
FL 167 127 0
FL 167 136 0
FL 167 160 129
FL 168 9 0
FL 168 11 0
FL 168 24 0
FL 168 29 6
FL 168 31 2
FL 168 34 0
FL 168 43 7
FL 168 53 0
FL 168 54 0
FL 168 63 55
FL 168 65 0
FL 168 73 17
FL 168 79 4
FL 168 89 12
FL 168 94 0
FL 168 97 0
FL 168 105 12
FL 168 134 6
FL 168 135 2
FL 168 163 6
FL 168 172 0
FL 169 9 0
FL 169 18 0
FL 169 25 25
FL 169 26 12
FL 169 51 509
FL 169 75 0
FL 169 88 0
FL 169 109 2
FL 169 111 7
FL 169 115 3
FL 169 123 0
FL 169 139 0
FL 169 145 2
FL 169 148 41
FL 169 149 5
FL 169 165 2
FL 170 4 6
FL 170 15 2
FL 170 25 48
FL 170 51 1
FL 170 58 17
FL 170 70 5
FL 170 71 138
FL 170 87 10
FL 170 91 0
FL 170 98 3
FL 170 109 7
FL 170 148 114
FL 172 24 0
FL 172 31 6
FL 172 34 1
FL 172 63 19
FL 172 65 0
FL 172 73 48
FL 172 79 2
FL 172 94 1
FL 172 105 29
FL 172 134 3
FL 172 135 2
FL 172 163 5
FL 172 168 0
FL 173 1 209
FL 173 16 6
FL 173 18 3
FL 173 82 8
FL 174 2 14
FL 174 11 8
FL 174 13 0
FL 174 15 0
FL 174 16 100
FL 174 20 5
FL 174 23 0
FL 174 24 0
FL 174 35 17
FL 174 36 54
FL 174 38 32
FL 174 40 16
FL 174 53 8
FL 174 56 0
FL 174 59 1
FL 174 67 0
FL 174 80 0
FL 174 82 0
FL 174 83 2
FL 174 84 0
FL 174 87 5
FL 174 92 7
FL 174 93 12
FL 174 96 0
FL 174 98 43
FL 174 106 47
FL 174 110 37
FL 174 111 0
FL 174 115 1
FL 174 116 4
FL 174 118 0
FL 174 121 12
FL 174 122 54
FL 174 124 0
FL 174 129 0
FL 174 133 10
FL 174 136 0
FL 174 139 0
FL 174 142 0
FL 174 152 495
FL 174 156 0
FL 174 161 1
FL 174 170 15
FU 0 147 288
FU 0 15 13
FU 0 116 23
FU 0 134 289
FU 0 98 22
FU 0 52 3
FU 0 136 4
FU 0 1 15
FU 0 57 13
FU 0 84 11
FU 0 18 42
FU 0 48 291
FU 0 24 22
FU 0 168 2
FU 0 149 286
FU 0 56 15
FU 0 159 2
FU 0 82 14
FU 0 137 6
FU 0 158 5
FU 0 43 284
FU 0 3 14
FU 0 65 12
FU 0 86 245
FU 0 160 10
FU 0 146 9
FU 0 118 6
FU 0 114 3
FU 0 46 20
FU 0 95 9
FU 0 163 293
FU 0 172 4
FU 0 165 302
FU 0 124 15
FU 0 92 14
FU 0 13 2
FU 0 145 313
FU 0 49 14
FU 0 79 274
FU 0 80 16
FU 0 51 16
FU 0 83 3
FU 0 119 11
FU 0 96 10
FU 0 16 14
FU 0 164 349
FU 0 112 11
FU 0 122 241
FU 0 23 3
FU 0 4 24
FU 0 44 258
FU 0 88 4
FU 0 156 9
FU 0 47 3
FU 0 107 249
FU 0 64 231
FU 0 138 2
FU 0 91 2
FU 0 54 17
FU 0 123 3
FU 0 169 7
FU 0 60 12
FU 0 70 16
FU 0 29 184
FU 0 120 285
FU 0 67 4
FU 0 75 5
FU 0 174 12
FU 0 127 2
FU 0 31 301
FU 0 59 18
FU 0 139 21
FU 0 97 13
FU 0 125 7
FU 0 2 142
FU 0 5 149
FU 0 6 153
FU 0 7 66
FU 0 8 668
FU 0 9 9
FU 0 10 668
FU 0 11 71
FU 0 12 329
FU 0 14 668
FU 0 17 23
FU 0 19 668
FU 0 20 95
FU 0 21 27
FU 0 22 89
FU 0 25 250
FU 0 26 69
FU 0 27 184
FU 0 28 52
FU 0 30 668
FU 0 32 146
FU 0 33 96
FU 0 34 69
FU 0 35 73
FU 0 36 48
FU 0 37 62
FU 0 38 51
FU 0 39 83
FU 0 40 152
FU 0 41 54
FU 0 45 668
FU 0 50 668
FU 0 53 27
FU 0 55 113
FU 0 58 74
FU 0 61 668
FU 0 62 668
FU 0 63 69
FU 0 66 9
FU 0 68 668
FU 0 69 668
FU 0 71 127
FU 0 72 89
FU 0 73 128
FU 0 74 99
FU 0 76 668
FU 0 77 9
FU 0 78 668
FU 0 81 41
FU 0 85 668
FU 0 87 23
FU 0 89 214
FU 0 90 201
FU 0 93 98
FU 0 94 26
FU 0 99 152
FU 0 100 57
FU 0 101 99
FU 0 102 261
FU 0 103 147
FU 0 104 668
FU 0 105 235
FU 0 106 156
FU 0 108 29
FU 0 109 11
FU 0 110 50
FU 0 111 44
FU 0 113 190
FU 0 115 48
FU 0 117 81
FU 0 121 147
FU 0 126 220
FU 0 128 37
FU 0 129 50
FU 0 130 668
FU 0 131 668
FU 0 132 192
FU 0 133 179
FU 0 135 70
FU 0 140 668
FU 0 141 48
FU 0 142 59
FU 0 143 668
FU 0 144 131
FU 0 148 197
FU 0 150 59
FU 0 151 668
FU 0 152 28
FU 0 153 73
FU 0 154 3
FU 0 155 252
FU 0 157 157
FU 0 161 116
FU 0 162 138
FU 0 166 121
FU 0 167 242
FU 0 170 260
FU 0 171 668
FU 0 173 250
FU 0 175 668
FU 1 2 3
FU 1 5 7
FU 1 11 29
FU 1 13 0
FU 1 15 0
FU 1 16 0
FU 1 18 0
FU 1 20 16
FU 1 35 20
FU 1 36 22
FU 1 38 14
FU 1 49 0
FU 1 51 0
FU 1 52 0
FU 1 56 0
FU 1 57 0
FU 1 58 0
FU 1 60 0
FU 1 67 0
FU 1 70 0
FU 1 75 0
FU 1 77 0
FU 1 82 0
FU 1 87 13
FU 1 91 0
FU 1 96 0
FU 1 98 0
FU 1 101 17
FU 1 106 29
FU 1 108 33
FU 1 111 0
FU 1 115 0
FU 1 117 92
FU 1 119 0
FU 1 121 3
FU 1 129 0
FU 1 132 86
FU 1 137 67
FU 1 139 0
FU 1 142 0
FU 1 146 0
FU 1 152 0
FU 1 154 0
FU 1 156 0
FU 1 157 7
FU 1 158 0
FU 1 159 0
FU 1 161 0
FU 1 170 21
FU 1 173 7
FU 2 12 51
FU 2 48 67
FU 2 56 11
FU 2 111 7
FU 2 142 32
FU 3 4 0
FU 3 17 1
FU 3 31 8
FU 3 40 9
FU 3 59 0
FU 3 63 9
FU 3 65 0
FU 3 66 0
FU 3 83 0
FU 3 86 16
FU 3 90 4
FU 3 92 0
FU 3 100 3
FU 3 114 0
FU 3 116 0
FU 3 124 0
FU 3 125 0
FU 3 126 14
FU 3 128 15
FU 3 138 0
FU 3 160 0
FU 3 166 32
FU 4 3 0
FU 4 16 17
FU 4 17 3
FU 4 34 178
FU 4 36 8
FU 4 37 58
FU 4 39 13
FU 4 40 2
FU 4 41 58
FU 4 43 5
FU 4 44 11
FU 4 53 67
FU 4 59 0
FU 4 63 33
FU 4 66 0
FU 4 67 0
FU 4 83 0
FU 4 90 8
FU 4 91 0
FU 4 92 0
FU 4 93 6
FU 4 95 1
FU 4 97 0
FU 4 100 5
FU 4 106 53
FU 4 110 10
FU 4 111 0
FU 4 114 0
FU 4 115 0
FU 4 116 0
FU 4 118 0
FU 4 119 110
FU 4 124 0
FU 4 126 34
FU 4 127 5
FU 4 128 5
FU 4 129 19
FU 4 135 123
FU 4 136 0
FU 4 138 0
FU 4 141 122
FU 4 146 0
FU 4 150 26
FU 4 152 0
FU 4 160 0
FU 4 161 0
FU 4 170 15
FU 5 11 60
FU 5 12 34
FU 5 13 0
FU 5 35 12
FU 5 36 8
FU 5 38 12
FU 5 52 0
FU 5 56 1
FU 5 57 0
FU 5 58 6
FU 5 60 0
FU 5 67 0
FU 5 70 0
FU 5 74 139
FU 5 81 2
FU 5 82 0
FU 5 87 3
FU 5 91 0
FU 5 96 0
FU 5 111 18
FU 5 115 1
FU 5 121 11
FU 5 124 167
FU 5 135 9
FU 5 139 0
FU 5 152 0
FU 5 154 0
FU 5 156 0
FU 5 158 0
FU 5 161 8
FU 6 9 0
FU 6 15 0
FU 6 53 1
FU 6 70 63
FU 6 91 0
FU 6 94 0
FU 6 105 49
FU 6 109 0
FU 6 149 67
FU 7 21 99
FU 7 22 162
FU 7 23 57
FU 7 28 105
FU 7 37 113
FU 7 41 270
FU 7 42 0
FU 7 53 64
FU 7 87 67
FU 7 91 1
FU 7 100 327
FU 7 110 78
FU 7 118 299
FU 7 127 184
FU 7 136 296
FU 7 141 49
FU 7 150 89
FU 7 153 142
FU 9 6 11
FU 9 11 17
FU 9 25 17
FU 9 29 62
FU 9 38 4
FU 9 54 0
FU 9 64 111
FU 9 89 9
FU 9 94 2
FU 9 99 25
FU 9 105 17
FU 9 109 0
FU 9 168 666
FU 11 5 2
FU 11 9 0
FU 11 13 0
FU 11 15 0
FU 11 24 0
FU 11 25 23
FU 11 26 12
FU 11 51 39
FU 11 53 3
FU 11 56 10
FU 11 58 37
FU 11 60 0
FU 11 70 43
FU 11 71 4
FU 11 73 61
FU 11 77 0
FU 11 87 2
FU 11 91 0
FU 11 94 4
FU 11 98 0
FU 11 108 62
FU 11 111 3
FU 11 115 1
FU 11 135 3
FU 11 152 10
FU 12 164 305
FU 13 1 151
FU 13 2 32
FU 13 5 215
FU 13 11 91
FU 13 15 388
FU 13 16 308
FU 13 20 32
FU 13 27 157
FU 13 33 36
FU 13 35 7
FU 13 36 25
FU 13 38 12
FU 13 42 0
FU 13 49 0
FU 13 51 0
FU 13 52 665
FU 13 55 86
FU 13 56 19
FU 13 57 323
FU 13 58 23
FU 13 60 1
FU 13 67 664
FU 13 70 303
FU 13 77 531
FU 13 81 49
FU 13 82 287
FU 13 87 11
FU 13 91 0
FU 13 93 35
FU 13 95 286
FU 13 96 0
FU 13 98 72
FU 13 101 8
FU 13 106 31
FU 13 108 21
FU 13 111 148
FU 13 115 5
FU 13 119 1
FU 13 121 36
FU 13 129 19
FU 13 136 203
FU 13 139 467
FU 13 142 57
FU 13 144 73
FU 13 146 0
FU 13 152 0
FU 13 154 664
FU 13 156 334
FU 13 157 18
FU 13 158 563
FU 13 159 0
FU 13 161 358
FU 13 170 36
FU 13 173 69
FU 13 174 66
FU 15 1 0
FU 15 2 8
FU 15 6 22
FU 15 11 28
FU 15 13 0
FU 15 17 2
FU 15 20 8
FU 15 25 7
FU 15 35 16
FU 15 36 17
FU 15 38 22
FU 15 51 0
FU 15 53 0
FU 15 54 0
FU 15 56 0
FU 15 57 0
FU 15 58 0
FU 15 65 0
FU 15 67 0
FU 15 70 0
FU 15 80 0
FU 15 84 0
FU 15 87 0
FU 15 89 39
FU 15 90 25
FU 15 91 0
FU 15 96 0
FU 15 97 0
FU 15 105 13
FU 15 108 58
FU 15 110 11
FU 15 111 0
FU 15 112 0
FU 15 113 30
FU 15 114 0
FU 15 115 0
FU 15 118 0
FU 15 119 0
FU 15 121 24
FU 15 124 0
FU 15 129 0
FU 15 133 45
FU 15 135 11
FU 15 139 0
FU 15 142 0
FU 15 148 26
FU 15 156 0
FU 15 161 0
FU 15 170 25
FU 15 174 0
FU 16 1 85
FU 16 4 35
FU 16 13 0
FU 16 17 0
FU 16 18 142
FU 16 23 0
FU 16 36 12
FU 16 37 20
FU 16 39 17
FU 16 40 3
FU 16 41 9
FU 16 49 0
FU 16 56 0
FU 16 57 0
FU 16 59 0
FU 16 66 0
FU 16 74 181
FU 16 82 0
FU 16 84 0
FU 16 87 12
FU 16 90 3
FU 16 92 0
FU 16 93 57
FU 16 95 0
FU 16 97 0
FU 16 100 4
FU 16 106 16
FU 16 110 36
FU 16 114 0
FU 16 116 0
FU 16 117 69
FU 16 118 0
FU 16 119 0
FU 16 121 26
FU 16 122 9
FU 16 124 0
FU 16 129 289
FU 16 132 79
FU 16 133 7
FU 16 136 0
FU 16 141 11
FU 16 142 0
FU 16 150 13
FU 16 154 0
FU 16 156 0
FU 16 160 0
FU 16 173 22
FU 16 174 0
FU 17 3 215
FU 17 59 515
FU 17 93 2
FU 17 103 45
FU 17 125 105
FU 17 166 31
FU 18 1 0
FU 18 5 0
FU 18 12 24
FU 18 16 0
FU 18 26 16
FU 18 32 46
FU 18 33 34
FU 18 35 17
FU 18 38 29
FU 18 43 6
FU 18 48 12
FU 18 49 0
FU 18 51 0
FU 18 52 0
FU 18 57 0
FU 18 67 0
FU 18 71 15
FU 18 75 0
FU 18 77 0
FU 18 81 31
FU 18 82 0
FU 18 88 0
FU 18 96 0
FU 18 99 22
FU 18 101 8
FU 18 106 8
FU 18 107 27
FU 18 108 12
FU 18 109 0
FU 18 115 0
FU 18 117 129
FU 18 119 0
FU 18 120 12
FU 18 121 5
FU 18 123 0
FU 18 132 36
FU 18 137 0
FU 18 142 0
FU 18 145 10
FU 18 146 0
FU 18 147 33
FU 18 148 11
FU 18 149 8
FU 18 152 0
FU 18 154 0
FU 18 156 0
FU 18 157 8
FU 18 158 0
FU 18 159 0
FU 18 161 0
FU 18 165 31
FU 18 169 0
FU 18 170 11
FU 18 173 4
FU 20 57 0
FU 20 82 0
FU 20 84 284
FU 20 96 0
FU 20 111 14
FU 20 124 3
FU 20 133 80
FU 20 139 0
FU 21 7 14
FU 21 23 4
FU 21 28 25
FU 21 33 39
FU 21 41 20
FU 21 42 0
FU 21 46 288
FU 21 81 158
FU 21 91 0
FU 21 117 148
FU 21 127 77
FU 21 132 226
FU 21 137 242
FU 21 142 14
FU 21 150 16
FU 21 154 1
FU 21 173 188
FU 22 28 30
FU 22 37 25
FU 22 66 12
FU 22 93 11
FU 22 144 76
FU 23 7 19
FU 23 16 0
FU 23 17 0
FU 23 21 11
FU 23 36 35
FU 23 39 13
FU 23 40 14
FU 23 41 9
FU 23 42 0
FU 23 46 40
FU 23 55 54
FU 23 56 0
FU 23 59 0
FU 23 74 127
FU 23 82 0
FU 23 84 0
FU 23 87 0
FU 23 91 0
FU 23 92 572
FU 23 93 46
FU 23 103 49
FU 23 106 17
FU 23 110 77
FU 23 111 0
FU 23 112 0
FU 23 118 0
FU 23 121 10
FU 23 122 65
FU 23 124 17
FU 23 127 12
FU 23 129 0
FU 23 133 4
FU 23 136 0
FU 23 150 24
FU 23 154 0
FU 23 174 0
FU 24 6 9
FU 24 11 28
FU 24 31 5
FU 24 34 25
FU 24 35 20
FU 24 38 11
FU 24 43 19
FU 24 53 0
FU 24 63 37
FU 24 65 0
FU 24 73 95
FU 24 75 0
FU 24 79 64
FU 24 80 0
FU 24 89 8
FU 24 97 0
FU 24 98 0
FU 24 111 0
FU 24 112 0
FU 24 114 0
FU 24 126 48
FU 24 134 15
FU 24 135 16
FU 24 139 0
FU 24 161 21
FU 24 163 5
FU 24 168 0
FU 24 172 0
FU 24 174 0
FU 25 6 10
FU 25 11 30
FU 25 15 0
FU 25 17 1
FU 25 35 47
FU 25 38 56
FU 25 44 76
FU 25 53 1
FU 25 64 84
FU 25 71 41
FU 25 72 14
FU 25 89 28
FU 25 97 0
FU 25 99 94
FU 25 111 39
FU 25 112 0
FU 25 113 12
FU 25 142 0
FU 25 146 0
FU 25 152 1
FU 25 155 7
FU 26 11 13
FU 26 71 18
FU 26 111 81
FU 26 112 130
FU 26 139 71
FU 26 148 10
FU 26 158 100
FU 26 161 0
FU 27 22 34
FU 27 47 1
FU 28 22 42
FU 28 33 46
FU 28 81 44
FU 28 137 99
FU 29 6 4
FU 29 9 0
FU 29 11 4
FU 29 54 0
FU 29 64 33
FU 29 65 0
FU 29 73 28
FU 29 89 5
FU 29 94 0
FU 29 105 19
FU 29 113 31
FU 29 155 10
FU 29 163 44
FU 29 168 0
FU 31 3 0
FU 31 17 6
FU 31 24 0
FU 31 34 16
FU 31 43 116
FU 31 63 12
FU 31 66 3
FU 31 73 31
FU 31 79 71
FU 31 97 0
FU 31 114 0
FU 31 128 12
FU 31 134 145
FU 31 135 6
FU 31 163 44
FU 31 168 0
FU 31 172 0
FU 32 71 34
FU 32 149 50
FU 33 13 0
FU 33 21 25
FU 33 22 39
FU 33 28 159
FU 33 37 33
FU 33 42 0
FU 33 46 261
FU 33 127 28
FU 34 4 18
FU 34 53 15
FU 34 65 0
FU 34 66 75
FU 34 90 50
FU 34 94 5
FU 34 97 89
FU 34 100 24
FU 34 105 49
FU 34 126 67
FU 34 172 0
FU 35 25 3
FU 36 5 9
FU 36 17 0
FU 36 82 0
FU 36 101 4
FU 36 124 0
FU 36 142 48
FU 36 154 0
FU 37 16 0
FU 37 22 56
FU 37 66 0
FU 37 92 0
FU 37 106 31
FU 37 114 0
FU 37 116 0
FU 37 126 9
FU 37 160 0
FU 37 167 30
FU 38 25 12
FU 38 111 2
FU 39 47 0
FU 39 93 23
FU 39 167 37
FU 40 3 0
FU 40 17 10
FU 40 37 8
FU 40 39 9
FU 40 56 0
FU 40 58 13
FU 40 59 0
FU 40 66 0
FU 40 82 0
FU 40 90 20
FU 40 91 0
FU 40 92 9
FU 40 111 9
FU 40 116 8
FU 40 122 7
FU 40 127 13
FU 40 129 1
FU 40 142 75
FU 40 160 49
FU 40 167 30
FU 41 4 37
FU 41 82 186
FU 41 162 275
FU 42 7 381
FU 42 13 666
FU 42 21 344
FU 42 23 564
FU 42 27 200
FU 42 28 192
FU 42 33 319
FU 42 47 572
FU 42 55 116
FU 42 66 100
FU 42 91 665
FU 42 127 343
FU 42 128 198
FU 42 138 252
FU 42 0 668
FU 43 4 0
FU 43 9 0
FU 43 18 0
FU 43 24 0
FU 43 26 6
FU 43 31 18
FU 43 34 0
FU 43 39 17
FU 43 53 0
FU 43 54 0
FU 43 63 9
FU 43 65 0
FU 43 80 0
FU 43 89 8
FU 43 105 34
FU 43 111 0
FU 43 112 0
FU 43 115 0
FU 43 134 71
FU 43 135 0
FU 43 139 0
FU 43 146 0
FU 43 152 1
FU 43 163 66
FU 43 168 0
FU 44 4 0
FU 44 9 0
FU 44 25 10
FU 44 26 11
FU 44 39 69
FU 44 51 0
FU 44 53 2
FU 44 54 0
FU 44 63 54
FU 44 71 4
FU 44 73 13
FU 44 80 0
FU 44 89 17
FU 44 94 3
FU 44 100 7
FU 44 105 8
FU 44 111 0
FU 44 112 0
FU 44 122 26
FU 44 139 0
FU 44 142 0
FU 44 148 21
FU 44 149 13
FU 46 21 10
FU 46 23 0
FU 46 28 12
FU 46 33 34
FU 46 55 64
FU 46 84 369
FU 46 91 0
FU 46 111 0
FU 46 142 0
FU 46 162 51
FU 46 164 14
FU 47 7 15
FU 47 22 24
FU 47 27 127
FU 47 39 36
FU 47 42 0
FU 47 66 5
FU 47 116 440
FU 47 125 364
FU 47 138 0
FU 47 141 12
FU 47 166 317
FU 48 2 1
FU 48 12 8
FU 48 18 0
FU 48 49 0
FU 48 52 0
FU 48 60 0
FU 48 75 0
FU 48 77 0
FU 48 88 0
FU 48 96 0
FU 48 101 4
FU 48 107 100
FU 48 109 0
FU 48 123 0
FU 48 145 82
FU 48 146 0
FU 48 157 6
FU 48 158 0
FU 48 159 0
FU 48 165 83
FU 49 1 0
FU 49 2 16
FU 49 5 6
FU 49 11 0
FU 49 13 0
FU 49 16 0
FU 49 18 0
FU 49 35 23
FU 49 36 27
FU 49 38 6
FU 49 48 15
FU 49 51 0
FU 49 52 0
FU 49 58 2
FU 49 60 0
FU 49 67 0
FU 49 75 0
FU 49 77 0
FU 49 91 0
FU 49 101 3
FU 49 108 9
FU 49 121 14
FU 49 123 0
FU 49 139 0
FU 49 142 0
FU 49 146 0
FU 49 152 1
FU 49 154 0
FU 49 156 0
FU 49 157 6
FU 49 158 0
FU 49 159 0
FU 49 161 0
FU 49 162 38
FU 49 165 14
FU 49 170 11
FU 51 1 0
FU 51 6 9
FU 51 11 0
FU 51 13 0
FU 51 15 0
FU 51 18 0
FU 51 20 20
FU 51 25 9
FU 51 26 14
FU 51 35 13
FU 51 38 6
FU 51 44 11
FU 51 49 0
FU 51 52 0
FU 51 57 0
FU 51 58 2
FU 51 60 0
FU 51 64 9
FU 51 67 0
FU 51 70 0
FU 51 71 12
FU 51 72 26
FU 51 75 0
FU 51 77 0
FU 51 80 0
FU 51 91 0
FU 51 96 0
FU 51 98 0
FU 51 99 35
FU 51 101 4
FU 51 108 6
FU 51 109 0
FU 51 111 0
FU 51 113 26
FU 51 115 0
FU 51 119 0
FU 51 122 12
FU 51 129 1
FU 51 139 0
FU 51 142 0
FU 51 146 0
FU 51 149 9
FU 51 152 1
FU 51 155 4
FU 51 157 3
FU 51 158 0
FU 51 159 0
FU 51 161 0
FU 51 169 0
FU 51 170 3
FU 52 1 0
FU 52 2 11
FU 52 5 16
FU 52 13 0
FU 52 18 0
FU 52 26 21
FU 52 48 2
FU 52 49 0
FU 52 51 0
FU 52 58 0
FU 52 60 0
FU 52 67 0
FU 52 75 0
FU 52 77 0
FU 52 80 0
FU 52 88 0
FU 52 91 0
FU 52 96 0
FU 52 101 10
FU 52 108 40
FU 52 109 0
FU 52 115 0
FU 52 123 0
FU 52 139 0
FU 52 145 18
FU 52 146 0
FU 52 148 14
FU 52 149 4
FU 52 157 12
FU 52 165 3
FU 53 6 13
FU 53 7 38
FU 53 11 0
FU 53 15 0
FU 53 17 52
FU 53 25 8
FU 53 34 45
FU 53 44 10
FU 53 54 0
FU 53 64 5
FU 53 65 150
FU 53 72 88
FU 53 83 0
FU 53 89 8
FU 53 90 70
FU 53 94 0
FU 53 111 0
FU 53 112 0
FU 53 113 1
FU 53 114 0
FU 53 124 0
FU 53 127 0
FU 53 139 0
FU 53 142 48
FU 53 155 20
FU 54 2 11
FU 54 6 14
FU 54 9 0
FU 54 11 0
FU 54 15 0
FU 54 25 22
FU 54 26 19
FU 54 29 21
FU 54 35 19
FU 54 38 15
FU 54 43 17
FU 54 44 2
FU 54 53 27
FU 54 57 39
FU 54 63 25
FU 54 64 3
FU 54 71 47
FU 54 72 4
FU 54 80 139
FU 54 89 19
FU 54 90 32
FU 54 94 2
FU 54 97 0
FU 54 98 0
FU 54 99 22
FU 54 105 28
FU 54 111 9
FU 54 112 0
FU 54 113 19
FU 54 114 0
FU 54 119 129
FU 54 134 5
FU 54 139 0
FU 54 142 0
FU 54 155 16
FU 54 163 5
FU 54 168 0
FU 55 84 0
FU 55 162 57
FU 56 1 0
FU 56 2 123
FU 56 5 22
FU 56 11 67
FU 56 13 0
FU 56 15 0
FU 56 16 36
FU 56 17 0
FU 56 20 23
FU 56 23 0
FU 56 36 10
FU 56 40 3
FU 56 41 12
FU 56 55 63
FU 56 57 52
FU 56 58 0
FU 56 59 0
FU 56 63 18
FU 56 66 74
FU 56 70 0
FU 56 82 0
FU 56 84 0
FU 56 87 0
FU 56 91 0
FU 56 92 6
FU 56 93 25
FU 56 95 0
FU 56 96 91
FU 56 98 168
FU 56 100 8
FU 56 106 3
FU 56 110 59
FU 56 111 0
FU 56 115 0
FU 56 118 0
FU 56 119 37
FU 56 121 3
FU 56 122 30
FU 56 124 0
FU 56 129 1
FU 56 133 26
FU 56 136 0
FU 56 142 0
FU 56 144 43
FU 56 146 605
FU 56 150 16
FU 56 152 132
FU 56 156 22
FU 56 161 94
FU 56 174 0
FU 57 1 0
FU 57 5 4
FU 57 13 0
FU 57 15 0
FU 57 16 108
FU 57 18 104
FU 57 20 11
FU 57 25 30
FU 57 26 9
FU 57 51 0
FU 57 54 197
FU 57 56 14
FU 57 58 19
FU 57 60 0
FU 57 67 0
FU 57 70 0
FU 57 71 1
FU 57 77 0
FU 57 80 0
FU 57 87 0
FU 57 89 77
FU 57 91 0
FU 57 94 309
FU 57 96 0
FU 57 98 0
FU 57 101 66
FU 57 108 26
FU 57 111 0
FU 57 115 0
FU 57 129 0
FU 57 137 59
FU 57 139 0
FU 57 142 0
FU 57 146 0
FU 57 149 2
FU 57 152 0
FU 57 157 37
FU 58 1 0
FU 58 5 4
FU 58 11 10
FU 58 13 0
FU 58 15 0
FU 58 17 3
FU 58 38 10
FU 58 40 3
FU 58 49 0
FU 58 51 0
FU 58 52 0
FU 58 56 44
FU 58 57 0
FU 58 60 0
FU 58 70 0
FU 58 77 0
FU 58 91 0
FU 58 92 5
FU 58 98 0
FU 58 99 145
FU 58 101 20
FU 58 108 8
FU 58 109 0
FU 58 111 2
FU 58 112 347
FU 58 115 10
FU 58 116 0
FU 58 119 0
FU 58 121 21
FU 58 122 26
FU 58 139 0
FU 58 156 0
FU 58 157 22
FU 58 158 0
FU 58 159 0
FU 58 160 0
FU 58 161 1
FU 58 170 20
FU 59 3 0
FU 59 4 0
FU 59 16 0
FU 59 17 4
FU 59 23 0
FU 59 37 14
FU 59 39 23
FU 59 40 12
FU 59 56 0
FU 59 58 19
FU 59 66 7
FU 59 70 0
FU 59 82 0
FU 59 84 0
FU 59 87 10
FU 59 90 28
FU 59 91 0
FU 59 92 0
FU 59 93 17
FU 59 106 3
FU 59 110 62
FU 59 114 0
FU 59 116 0
FU 59 118 0
FU 59 122 4
FU 59 124 0
FU 59 126 19
FU 59 128 3
FU 59 129 2
FU 59 133 9
FU 59 136 0
FU 59 141 69
FU 59 150 96
FU 59 160 0
FU 59 167 14
FU 59 174 0
FU 60 1 0
FU 60 2 28
FU 60 5 28
FU 60 11 2
FU 60 13 0
FU 60 20 7
FU 60 35 9
FU 60 36 62
FU 60 38 30
FU 60 48 9
FU 60 49 0
FU 60 51 0
FU 60 52 0
FU 60 57 0
FU 60 58 3
FU 60 67 0
FU 60 70 0
FU 60 75 0
FU 60 77 0
FU 60 80 0
FU 60 81 35
FU 60 87 2
FU 60 91 0
FU 60 96 0
FU 60 98 0
FU 60 101 12
FU 60 108 14
FU 60 115 0
FU 60 119 0
FU 60 121 10
FU 60 123 665
FU 60 129 4
FU 60 139 0
FU 60 142 0
FU 60 146 0
FU 60 152 3
FU 60 154 0
FU 60 156 0
FU 60 157 11
FU 60 158 0
FU 60 159 0
FU 60 161 1
FU 60 165 9
FU 60 170 1
FU 63 73 30
FU 64 9 0
FU 64 25 17
FU 64 26 6
FU 64 29 114
FU 64 51 0
FU 64 53 0
FU 64 54 0
FU 64 71 5
FU 64 80 0
FU 64 89 9
FU 64 94 3
FU 64 105 6
FU 64 111 0
FU 64 112 0
FU 64 139 0
FU 64 142 0
FU 64 148 68
FU 64 149 25
FU 65 3 0
FU 65 15 0
FU 65 24 0
FU 65 29 44
FU 65 34 1
FU 65 43 1
FU 65 53 2
FU 65 79 1
FU 65 83 0
FU 65 86 71
FU 65 90 3
FU 65 94 0
FU 65 100 48
FU 65 112 0
FU 65 114 0
FU 65 126 9
FU 65 128 7
FU 65 134 10
FU 65 135 6
FU 65 168 0
FU 65 172 0
FU 66 3 0
FU 66 16 29
FU 66 17 0
FU 66 22 93
FU 66 31 38
FU 66 34 44
FU 66 37 12
FU 66 39 33
FU 66 40 29
FU 66 47 0
FU 66 56 337
FU 66 83 664
FU 66 92 0
FU 66 93 28
FU 66 110 14
FU 66 114 0
FU 66 116 8
FU 66 118 0
FU 66 126 24
FU 66 127 0
FU 66 128 26
FU 66 129 0
FU 66 135 96
FU 66 138 234
FU 66 160 39
FU 66 167 7
FU 67 1 0
FU 67 2 17
FU 67 4 0
FU 67 5 10
FU 67 6 15
FU 67 11 3
FU 67 12 5
FU 67 13 0
FU 67 15 0
FU 67 18 0
FU 67 20 5
FU 67 35 26
FU 67 36 21
FU 67 38 10
FU 67 49 0
FU 67 51 0
FU 67 52 0
FU 67 57 0
FU 67 58 3
FU 67 60 0
FU 67 70 0
FU 67 75 0
FU 67 77 0
FU 67 81 27
FU 67 82 0
FU 67 87 62
FU 67 91 0
FU 67 96 0
FU 67 98 0
FU 67 101 10
FU 67 108 9
FU 67 111 0
FU 67 115 0
FU 67 119 0
FU 67 121 12
FU 67 129 0
FU 67 139 0
FU 67 142 0
FU 67 146 0
FU 67 152 2
FU 67 156 0
FU 67 157 16
FU 67 158 0
FU 67 159 0
FU 67 161 36
FU 67 170 20
FU 67 174 0
FU 70 1 0
FU 70 2 7
FU 70 5 9
FU 70 6 13
FU 70 11 3
FU 70 13 0
FU 70 15 0
FU 70 17 0
FU 70 20 4
FU 70 35 15
FU 70 36 10
FU 70 38 8
FU 70 41 3
FU 70 51 0
FU 70 56 0
FU 70 57 0
FU 70 58 4
FU 70 59 0
FU 70 60 0
FU 70 67 0
FU 70 77 0
FU 70 87 1
FU 70 91 0
FU 70 92 0
FU 70 96 0
FU 70 98 0
FU 70 101 90
FU 70 108 61
FU 70 111 0
FU 70 115 0
FU 70 119 0
FU 70 121 30
FU 70 122 4
FU 70 124 0
FU 70 129 1
FU 70 133 5
FU 70 139 0
FU 70 142 0
FU 70 146 0
FU 70 150 9
FU 70 152 2
FU 70 156 0
FU 70 157 174
FU 70 161 2
FU 70 170 7
FU 71 6 8
FU 71 11 1
FU 71 25 7
FU 71 26 20
FU 71 32 102
FU 71 51 0
FU 71 54 101
FU 71 72 108
FU 71 89 24
FU 71 94 1
FU 71 113 23
FU 71 115 241
FU 71 155 35
FU 71 170 24
FU 72 51 0
FU 73 6 29
FU 73 11 13
FU 73 24 0
FU 73 63 28
FU 73 139 0
FU 73 155 20
FU 74 5 5
FU 74 16 65
FU 74 23 0
FU 74 82 0
FU 75 1 0
FU 75 18 0
FU 75 24 0
FU 75 26 10
FU 75 35 1
FU 75 38 58
FU 75 48 2
FU 75 49 0
FU 75 51 0
FU 75 52 0
FU 75 60 0
FU 75 67 0
FU 75 77 0
FU 75 80 0
FU 75 88 0
FU 75 101 7
FU 75 109 0
FU 75 115 0
FU 75 120 6
FU 75 123 0
FU 75 146 0
FU 75 147 12
FU 75 148 11
FU 75 157 4
FU 75 158 0
FU 75 159 0
FU 75 161 3
FU 75 165 3
FU 75 169 0
FU 75 170 1
FU 77 1 0
FU 77 6 52
FU 77 11 7
FU 77 13 0
FU 77 35 24
FU 77 38 35
FU 77 49 0
FU 77 51 0
FU 77 57 0
FU 77 58 1
FU 77 70 0
FU 77 75 663
FU 77 87 56
FU 77 91 0
FU 77 108 21
FU 77 111 30
FU 77 115 16
FU 77 119 0
FU 77 156 0
FU 77 158 0
FU 79 6 14
FU 79 11 0
FU 79 24 0
FU 79 31 57
FU 79 34 2
FU 79 63 10
FU 79 65 0
FU 79 73 12
FU 79 128 13
FU 79 163 148
FU 79 168 0
FU 79 172 0
FU 80 6 26
FU 80 9 0
FU 80 11 0
FU 80 15 0
FU 80 20 2
FU 80 24 0
FU 80 25 8
FU 80 26 6
FU 80 35 5
FU 80 38 23
FU 80 43 8
FU 80 44 11
FU 80 51 0
FU 80 52 0
FU 80 54 26
FU 80 57 0
FU 80 60 0
FU 80 64 2
FU 80 71 2
FU 80 72 4
FU 80 75 0
FU 80 81 41
FU 80 82 0
FU 80 89 14
FU 80 94 54
FU 80 98 0
FU 80 99 17
FU 80 105 16
FU 80 109 0
FU 80 111 9
FU 80 113 27
FU 80 115 0
FU 80 119 0
FU 80 129 1
FU 80 139 0
FU 80 142 33
FU 80 146 0
FU 80 148 16
FU 80 149 1
FU 80 152 1
FU 80 155 35
FU 80 157 37
FU 80 158 0
FU 80 159 0
FU 80 161 0
FU 80 170 11
FU 80 174 0
FU 81 5 17
FU 81 12 33
FU 81 13 0
FU 81 17 1
FU 81 21 13
FU 81 28 50
FU 81 41 18
FU 81 60 0
FU 81 67 0
FU 81 80 0
FU 81 95 121
FU 81 96 173
FU 81 102 139
FU 81 123 0
FU 81 129 15
FU 81 137 95
FU 81 150 10
FU 81 173 32
FU 82 1 0
FU 82 5 6
FU 82 13 0
FU 82 16 0
FU 82 17 0
FU 82 18 0
FU 82 20 33
FU 82 23 0
FU 82 36 14
FU 82 40 6
FU 82 41 7
FU 82 56 0
FU 82 59 0
FU 82 67 0
FU 82 74 122
FU 82 80 0
FU 82 84 0
FU 82 87 0
FU 82 91 0
FU 82 93 10
FU 82 95 0
FU 82 102 268
FU 82 106 14
FU 82 110 13
FU 82 111 0
FU 82 118 0
FU 82 121 20
FU 82 122 7
FU 82 124 0
FU 82 127 0
FU 82 129 26
FU 82 133 27
FU 82 136 0
FU 82 150 14
FU 82 154 0
FU 82 173 8
FU 82 174 0
FU 83 3 0
FU 83 4 0
FU 83 17 0
FU 83 34 6
FU 83 53 98
FU 83 65 0
FU 83 66 0
FU 83 86 132
FU 83 90 48
FU 83 100 14
FU 83 114 665
FU 83 125 0
FU 83 128 13
FU 83 166 47
FU 83 174 0
FU 84 15 0
FU 84 16 0
FU 84 17 0
FU 84 20 50
FU 84 23 0
FU 84 37 13
FU 84 39 4
FU 84 40 16
FU 84 46 54
FU 84 55 83
FU 84 56 0
FU 84 59 0
FU 84 82 0
FU 84 87 50
FU 84 90 13
FU 84 91 0
FU 84 92 0
FU 84 93 22
FU 84 100 10
FU 84 106 13
FU 84 110 19
FU 84 114 0
FU 84 116 0
FU 84 118 0
FU 84 122 6
FU 84 124 0
FU 84 129 0
FU 84 133 2
FU 84 136 0
FU 84 141 17
FU 84 142 0
FU 84 160 0
FU 84 174 0
FU 86 3 0
FU 86 65 0
FU 86 83 0
FU 86 125 0
FU 86 128 3
FU 86 166 36
FU 87 5 9
FU 87 7 24
FU 87 11 0
FU 87 13 0
FU 87 22 34
FU 87 35 65
FU 87 38 11
FU 87 56 0
FU 87 57 45
FU 87 60 0
FU 87 67 0
FU 87 77 0
FU 87 82 0
FU 87 91 0
FU 87 92 0
FU 87 93 29
FU 87 95 0
FU 87 98 0
FU 87 108 21
FU 87 115 0
FU 87 116 13
FU 87 117 112
FU 87 121 8
FU 87 127 0
FU 87 132 29
FU 87 133 5
FU 87 136 0
FU 87 139 0
FU 87 142 0
FU 87 146 54
FU 87 150 16
FU 87 156 0
FU 87 170 9
FU 87 173 51
FU 88 12 3
FU 88 18 0
FU 88 26 7
FU 88 32 36
FU 88 48 10
FU 88 52 0
FU 88 72 60
FU 88 75 0
FU 88 81 9
FU 88 96 0
FU 88 99 23
FU 88 107 7
FU 88 109 0
FU 88 120 26
FU 88 123 0
FU 88 145 1
FU 88 147 14
FU 88 148 22
FU 88 149 5
FU 88 157 13
FU 88 165 3
FU 88 169 0
FU 89 6 13
FU 89 9 0
FU 89 15 0
FU 89 25 14
FU 89 35 19
FU 89 44 59
FU 89 53 32
FU 89 54 0
FU 89 57 2
FU 89 63 98
FU 89 64 40
FU 89 71 76
FU 89 72 17
FU 89 80 0
FU 89 94 0
FU 89 97 3
FU 89 111 37
FU 89 112 0
FU 89 119 0
FU 89 139 0
FU 89 142 7
FU 89 155 9
FU 90 3 3
FU 90 4 1
FU 90 16 0
FU 90 34 41
FU 90 39 5
FU 90 40 15
FU 90 53 14
FU 90 54 141
FU 90 65 0
FU 90 66 0
FU 90 114 0
FU 90 160 0
FU 90 167 41
FU 91 1 0
FU 91 2 14
FU 91 4 0
FU 91 5 7
FU 91 6 90
FU 91 7 15
FU 91 11 37
FU 91 13 0
FU 91 15 0
FU 91 17 0
FU 91 20 7
FU 91 21 13
FU 91 23 0
FU 91 35 68
FU 91 36 53
FU 91 38 50
FU 91 39 7
FU 91 40 5
FU 91 41 46
FU 91 42 0
FU 91 46 1
FU 91 49 654
FU 91 51 0
FU 91 52 0
FU 91 55 89
FU 91 56 0
FU 91 57 0
FU 91 58 0
FU 91 59 0
FU 91 60 0
FU 91 67 0
FU 91 70 0
FU 91 77 0
FU 91 82 0
FU 91 84 0
FU 91 87 0
FU 91 96 0
FU 91 98 0
FU 91 100 6
FU 91 101 26
FU 91 108 34
FU 91 111 0
FU 91 112 0
FU 91 115 0
FU 91 118 0
FU 91 119 0
FU 91 121 13
FU 91 122 45
FU 91 124 0
FU 91 127 0
FU 91 129 0
FU 91 133 10
FU 91 139 0
FU 91 141 110
FU 91 142 0
FU 91 146 0
FU 91 150 9
FU 91 152 0
FU 91 156 0
FU 91 157 16
FU 91 158 0
FU 91 159 0
FU 91 161 1
FU 91 170 10
FU 92 3 237
FU 92 4 0
FU 92 16 0
FU 92 23 24
FU 92 37 12
FU 92 39 22
FU 92 40 9
FU 92 41 10
FU 92 56 121
FU 92 58 8
FU 92 59 49
FU 92 66 0
FU 92 70 0
FU 92 84 0
FU 92 87 8
FU 92 90 15
FU 92 93 13
FU 92 100 2
FU 92 103 50
FU 92 106 20
FU 92 110 22
FU 92 114 0
FU 92 116 39
FU 92 118 0
FU 92 122 7
FU 92 124 0
FU 92 127 4
FU 92 128 143
FU 92 129 120
FU 92 133 8
FU 92 136 0
FU 92 141 7
FU 92 150 16
FU 92 160 41
FU 92 167 11
FU 92 174 516
FU 93 4 3
FU 93 16 0
FU 93 17 1
FU 93 22 17
FU 93 59 0
FU 93 82 0
FU 93 114 0
FU 93 122 16
FU 94 6 20
FU 94 11 24
FU 94 29 9
FU 94 34 14
FU 94 53 36
FU 94 54 0
FU 94 57 20
FU 94 64 1
FU 94 65 0
FU 94 71 37
FU 94 72 52
FU 94 80 203
FU 94 89 46
FU 94 97 2
FU 94 105 37
FU 94 111 54
FU 94 112 0
FU 94 119 92
FU 94 142 45
FU 94 155 71
FU 94 168 0
FU 94 172 664
FU 95 4 0
FU 95 7 16
FU 95 12 51
FU 95 13 0
FU 95 16 0
FU 95 17 0
FU 95 21 36
FU 95 56 0
FU 95 81 0
FU 95 82 0
FU 95 87 0
FU 95 93 9
FU 95 118 0
FU 95 127 0
FU 95 133 2
FU 95 141 14
FU 95 142 0
FU 95 144 148
FU 95 154 0
FU 95 162 62
FU 96 1 0
FU 96 2 13
FU 96 5 4
FU 96 11 0
FU 96 12 20
FU 96 13 0
FU 96 15 0
FU 96 18 0
FU 96 20 6
FU 96 35 12
FU 96 36 8
FU 96 38 21
FU 96 48 10
FU 96 51 0
FU 96 52 0
FU 96 56 0
FU 96 57 0
FU 96 58 1
FU 96 60 0
FU 96 67 0
FU 96 70 0
FU 96 77 0
FU 96 81 13
FU 96 87 5
FU 96 88 664
FU 96 91 0
FU 96 98 0
FU 96 108 25
FU 96 109 0
FU 96 119 0
FU 96 121 8
FU 96 124 94
FU 96 129 1
FU 96 139 0
FU 96 142 0
FU 96 146 0
FU 96 152 1
FU 96 154 0
FU 96 156 0
FU 96 157 3
FU 96 161 0
FU 96 170 2
FU 96 174 0
FU 97 4 0
FU 97 7 13
FU 97 15 0
FU 97 16 0
FU 97 24 0
FU 97 25 6
FU 97 26 17
FU 97 31 18
FU 97 34 71
FU 97 37 20
FU 97 39 31
FU 97 53 1
FU 97 54 0
FU 97 63 43
FU 97 66 0
FU 97 87 8
FU 97 89 27
FU 97 94 1
FU 97 100 10
FU 97 105 9
FU 97 111 0
FU 97 112 0
FU 97 116 0
FU 97 124 0
FU 97 126 11
FU 97 134 5
FU 97 135 1
FU 97 136 0
FU 97 163 24
FU 97 168 0
FU 98 1 0
FU 98 2 14
FU 98 5 10
FU 98 6 48
FU 98 9 0
FU 98 11 0
FU 98 13 0
FU 98 20 4
FU 98 24 0
FU 98 26 9
FU 98 35 34
FU 98 36 9
FU 98 38 18
FU 98 51 0
FU 98 54 0
FU 98 56 9
FU 98 57 6
FU 98 58 0
FU 98 60 0
FU 98 67 0
FU 98 70 0
FU 98 77 0
FU 98 80 0
FU 98 81 113
FU 98 87 0
FU 98 91 0
FU 98 96 0
FU 98 101 27
FU 98 108 16
FU 98 109 0
FU 98 111 104
FU 98 115 0
FU 98 119 0
FU 98 121 23
FU 98 129 12
FU 98 139 0
FU 98 142 45
FU 98 146 0
FU 98 152 0
FU 98 156 0
FU 98 157 0
FU 98 159 0
FU 98 161 0
FU 98 170 9
FU 98 174 23
FU 99 9 0
FU 99 25 1
FU 99 51 0
FU 99 54 0
FU 99 58 27
FU 99 115 3
FU 99 145 17
FU 100 7 28
FU 100 34 27
FU 100 37 20
FU 100 44 14
FU 100 65 417
FU 100 129 0
FU 100 135 254
FU 101 1 0
FU 101 18 0
FU 101 36 26
FU 101 57 0
FU 101 58 1
FU 101 70 108
FU 101 91 0
FU 101 137 99
FU 101 142 1
FU 101 154 0
FU 101 156 0
FU 102 82 0
FU 103 17 10
FU 103 92 2
FU 103 116 3
FU 103 118 125
FU 103 153 206
FU 105 6 7
FU 105 9 0
FU 105 29 144
FU 105 34 28
FU 105 80 0
FU 105 94 2
FU 105 97 2
FU 105 112 0
FU 105 142 2
FU 105 168 0
FU 105 172 0
FU 106 1 74
FU 106 17 1
FU 106 37 27
FU 106 129 6
FU 106 160 38
FU 106 167 36
FU 106 174 0
FU 107 18 0
FU 107 32 60
FU 107 48 52
FU 107 88 0
FU 107 99 35
FU 107 120 87
FU 107 145 31
FU 107 148 7
FU 107 149 26
FU 108 11 3
FU 109 6 15
FU 109 9 659
FU 109 26 9
FU 109 58 346
FU 109 96 0
FU 109 115 262
FU 109 119 286
FU 109 152 0
FU 109 169 0
FU 109 170 103
FU 110 112 0
FU 111 1 38
FU 111 2 46
FU 111 5 11
FU 111 6 14
FU 111 11 14
FU 111 13 0
FU 111 15 0
FU 111 17 2
FU 111 20 85
FU 111 23 0
FU 111 24 97
FU 111 25 23
FU 111 26 160
FU 111 35 39
FU 111 38 66
FU 111 39 30
FU 111 40 31
FU 111 44 75
FU 111 51 0
FU 111 53 8
FU 111 54 105
FU 111 56 2
FU 111 58 3
FU 111 64 30
FU 111 67 0
FU 111 70 63
FU 111 72 31
FU 111 77 127
FU 111 80 108
FU 111 82 44
FU 111 89 29
FU 111 94 2
FU 111 98 147
FU 111 112 0
FU 111 113 155
FU 111 120 16
FU 111 124 104
FU 111 133 96
FU 111 148 33
FU 111 150 15
FU 111 152 0
FU 111 155 51
FU 111 161 1
FU 111 169 218
FU 111 174 10
FU 112 15 0
FU 112 17 0
FU 112 23 0
FU 112 24 0
FU 112 25 10
FU 112 26 14
FU 112 34 55
FU 112 43 12
FU 112 44 13
FU 112 53 32
FU 112 54 0
FU 112 58 1
FU 112 63 20
FU 112 64 6
FU 112 65 0
FU 112 72 55
FU 112 89 10
FU 112 91 0
FU 112 94 5
FU 112 97 0
FU 112 105 15
FU 112 110 11
FU 112 111 0
FU 112 113 22
FU 112 114 0
FU 112 124 0
FU 112 134 6
FU 112 135 1
FU 112 142 0
FU 112 155 41
FU 113 15 0
FU 113 25 18
FU 113 51 118
FU 113 53 29
FU 113 71 29
FU 113 80 0
FU 113 111 4
FU 113 112 0
FU 113 139 0
FU 113 142 8
FU 113 148 31
FU 114 3 0
FU 114 4 0
FU 114 15 0
FU 114 16 0
FU 114 24 0
FU 114 31 3
FU 114 37 9
FU 114 39 10
FU 114 40 24
FU 114 53 0
FU 114 54 0
FU 114 59 0
FU 114 65 0
FU 114 66 0
FU 114 73 15
FU 114 83 0
FU 114 84 0
FU 114 90 4
FU 114 92 0
FU 114 93 15
FU 114 100 8
FU 114 112 0
FU 114 116 0
FU 114 118 0
FU 114 124 0
FU 114 126 23
FU 114 128 10
FU 114 133 3
FU 114 134 5
FU 114 135 0
FU 114 136 0
FU 114 141 54
FU 114 160 0
FU 114 163 6
FU 114 167 15
FU 115 5 11
FU 115 6 28
FU 115 11 25
FU 115 13 0
FU 115 36 29
FU 115 52 0
FU 115 58 6
FU 115 60 0
FU 115 70 0
FU 115 71 68
FU 115 77 1
FU 115 87 15
FU 115 98 0
FU 115 99 64
FU 115 109 1
FU 115 121 16
FU 115 152 1
FU 115 156 0
FU 115 161 2
FU 115 169 443
FU 115 174 1
FU 116 3 12
FU 116 4 0
FU 116 16 0
FU 116 37 8
FU 116 39 15
FU 116 40 12
FU 116 41 16
FU 116 47 92
FU 116 58 0
FU 116 59 0
FU 116 66 0
FU 116 84 0
FU 116 87 104
FU 116 90 12
FU 116 92 6
FU 116 93 23
FU 116 97 559
FU 116 100 0
FU 116 103 65
FU 116 106 11
FU 116 110 18
FU 116 114 0
FU 116 118 0
FU 116 122 50
FU 116 124 0
FU 116 127 0
FU 116 128 70
FU 116 129 23
FU 116 133 9
FU 116 136 0
FU 116 141 8
FU 116 150 39
FU 116 160 57
FU 116 167 2
FU 116 174 8
FU 117 1 51
FU 117 18 44
FU 118 4 0
FU 118 7 4
FU 118 15 0
FU 118 16 0
FU 118 17 1
FU 118 23 0
FU 118 37 70
FU 118 39 14
FU 118 40 13
FU 118 53 12
FU 118 56 1
FU 118 59 0
FU 118 63 33
FU 118 66 0
FU 118 82 0
FU 118 84 0
FU 118 87 15
FU 118 90 9
FU 118 91 0
FU 118 92 0
FU 118 93 48
FU 118 95 0
FU 118 103 30
FU 118 106 5
FU 118 111 4
FU 118 114 0
FU 118 116 0
FU 118 122 9
FU 118 124 0
FU 118 126 31
FU 118 127 0
FU 118 129 17
FU 118 133 25
FU 118 136 0
FU 118 141 13
FU 118 142 0
FU 118 144 45
FU 118 150 23
FU 118 160 48
FU 118 174 0
FU 119 1 0
FU 119 4 39
FU 119 5 3
FU 119 13 0
FU 119 15 0
FU 119 16 0
FU 119 18 0
FU 119 25 3
FU 119 26 15
FU 119 51 0
FU 119 54 73
FU 119 56 0
FU 119 58 6
FU 119 60 0
FU 119 67 0
FU 119 70 0
FU 119 71 5
FU 119 77 0
FU 119 80 0
FU 119 89 18
FU 119 91 0
FU 119 94 243
FU 119 96 0
FU 119 98 0
FU 119 101 6
FU 119 108 20
FU 119 109 0
FU 119 111 0
FU 119 115 0
FU 119 139 0
FU 119 142 0
FU 119 146 0
FU 119 149 6
FU 119 152 0
FU 120 9 0
FU 120 18 0
FU 120 25 5
FU 120 26 52
FU 120 32 88
FU 120 75 0
FU 120 88 0
FU 120 107 142
FU 120 109 0
FU 120 111 0
FU 120 123 0
FU 120 139 0
FU 120 145 53
FU 120 148 25
FU 120 157 4
FU 120 165 90
FU 121 15 0
FU 121 56 3
FU 121 58 5
FU 121 82 0
FU 121 91 0
FU 121 108 48
FU 121 115 3
FU 121 137 0
FU 121 139 0
FU 121 142 10
FU 121 154 0
FU 121 157 50
FU 122 16 0
FU 122 17 9
FU 122 23 0
FU 122 37 18
FU 122 40 8
FU 122 44 55
FU 122 51 0
FU 122 53 0
FU 122 56 0
FU 122 58 8
FU 122 59 0
FU 122 63 75
FU 122 66 0
FU 122 70 0
FU 122 82 0
FU 122 84 0
FU 122 87 15
FU 122 90 15
FU 122 91 0
FU 122 92 0
FU 122 93 12
FU 122 106 16
FU 122 110 27
FU 122 111 0
FU 122 116 0
FU 122 118 0
FU 122 124 0
FU 122 126 4
FU 122 129 1
FU 122 133 33
FU 122 136 0
FU 122 141 7
FU 122 150 40
FU 122 160 0
FU 122 174 0
FU 123 12 12
FU 123 18 0
FU 123 20 1
FU 123 48 5
FU 123 49 0
FU 123 52 0
FU 123 60 0
FU 123 75 0
FU 123 81 16
FU 123 88 0
FU 123 101 7
FU 123 109 0
FU 123 120 3
FU 123 145 6
FU 123 147 5
FU 123 157 2
FU 123 158 0
FU 123 159 0
FU 123 165 8
FU 123 169 0
FU 124 3 0
FU 124 4 0
FU 124 5 14
FU 124 15 112
FU 124 16 0
FU 124 17 5
FU 124 20 68
FU 124 23 0
FU 124 36 27
FU 124 37 30
FU 124 39 55
FU 124 40 6
FU 124 41 10
FU 124 53 34
FU 124 56 0
FU 124 58 0
FU 124 59 0
FU 124 66 0
FU 124 70 0
FU 124 82 0
FU 124 84 0
FU 124 87 37
FU 124 91 0
FU 124 92 0
FU 124 93 29
FU 124 96 394
FU 124 97 0
FU 124 100 14
FU 124 106 12
FU 124 110 12
FU 124 111 8
FU 124 112 0
FU 124 114 0
FU 124 116 0
FU 124 118 0
FU 124 122 23
FU 124 129 14
FU 124 133 0
FU 124 136 0
FU 124 141 34
FU 124 142 64
FU 124 150 37
FU 124 156 303
FU 124 160 0
FU 124 174 0
FU 125 3 0
FU 125 17 226
FU 125 47 0
FU 125 83 0
FU 125 86 3
FU 125 128 30
FU 125 166 42
FU 126 24 111
FU 126 34 44
FU 126 37 35
FU 126 39 34
FU 126 59 79
FU 126 65 89
FU 126 66 5
FU 126 114 0
FU 126 118 0
FU 126 122 22
FU 126 128 15
FU 126 129 11
FU 126 135 18
FU 126 136 37
FU 127 4 334
FU 127 7 10
FU 127 21 27
FU 127 22 18
FU 127 23 16
FU 127 33 12
FU 127 36 18
FU 127 37 10
FU 127 40 190
FU 127 41 21
FU 127 42 0
FU 127 53 92
FU 127 66 0
FU 127 82 124
FU 127 87 74
FU 127 91 0
FU 127 92 11
FU 127 93 35
FU 127 95 0
FU 127 103 78
FU 127 110 11
FU 127 116 0
FU 127 118 142
FU 127 133 48
FU 127 136 128
FU 127 141 29
FU 127 144 86
FU 127 150 101
FU 127 153 118
FU 127 160 229
FU 127 167 189
FU 128 4 0
FU 128 31 46
FU 128 65 0
FU 128 66 0
FU 128 79 141
FU 128 83 0
FU 128 86 201
FU 128 92 0
FU 128 114 0
FU 128 116 5
FU 128 125 0
FU 128 126 17
FU 128 138 180
FU 128 160 37
FU 128 166 42
FU 129 13 0
FU 129 15 0
FU 129 16 0
FU 129 17 5
FU 129 35 41
FU 129 38 32
FU 129 39 67
FU 129 40 16
FU 129 56 21
FU 129 57 0
FU 129 59 3
FU 129 66 0
FU 129 70 0
FU 129 81 22
FU 129 82 0
FU 129 84 4
FU 129 91 0
FU 129 92 22
FU 129 93 50
FU 129 96 0
FU 129 98 80
FU 129 100 6
FU 129 106 41
FU 129 110 56
FU 129 116 105
FU 129 118 0
FU 129 121 16
FU 129 122 14
FU 129 126 110
FU 129 139 108
FU 129 142 3
FU 129 156 0
FU 129 174 1
FU 132 1 33
FU 132 16 2
FU 132 18 158
FU 132 21 11
FU 132 142 1
FU 133 15 155
FU 133 17 2
FU 133 20 139
FU 133 41 17
FU 133 82 4
FU 133 87 9
FU 133 91 0
FU 133 111 4
FU 133 118 0
FU 133 136 0
FU 134 9 0
FU 134 11 0
FU 134 24 0
FU 134 31 120
FU 134 34 0
FU 134 43 92
FU 134 53 0
FU 134 54 0
FU 134 63 8
FU 134 65 0
FU 134 73 33
FU 134 94 0
FU 134 97 0
FU 134 105 9
FU 134 112 0
FU 134 114 0
FU 134 135 35
FU 134 163 23
FU 134 168 0
FU 134 172 0
FU 135 4 91
FU 135 5 20
FU 135 11 15
FU 135 66 373
FU 135 100 102
FU 135 126 24
FU 135 139 1
FU 136 4 0
FU 136 7 25
FU 136 13 0
FU 136 16 0
FU 136 22 19
FU 136 23 0
FU 136 36 23
FU 136 37 18
FU 136 39 11
FU 136 40 13
FU 136 41 32
FU 136 56 0
FU 136 59 0
FU 136 66 0
FU 136 82 0
FU 136 84 0
FU 136 87 0
FU 136 90 8
FU 136 92 0
FU 136 93 10
FU 136 97 0
FU 136 100 2
FU 136 103 62
FU 136 106 11
FU 136 110 36
FU 136 114 0
FU 136 116 0
FU 136 118 0
FU 136 122 1
FU 136 124 0
FU 136 126 4
FU 136 127 0
FU 136 129 0
FU 136 133 4
FU 136 141 58
FU 136 144 66
FU 136 160 0
FU 136 167 11
FU 136 174 0
FU 137 1 40
FU 137 12 14
FU 137 17 2
FU 137 18 59
FU 137 21 12
FU 137 28 43
FU 137 41 4
FU 137 57 46
FU 137 81 16
FU 137 101 123
FU 137 106 11
FU 137 121 26
FU 137 142 104
FU 137 154 0
FU 138 3 0
FU 138 4 0
FU 138 42 0
FU 138 47 0
FU 138 66 0
FU 138 128 56
FU 139 1 0
FU 139 2 5
FU 139 5 3
FU 139 6 20
FU 139 11 1
FU 139 13 0
FU 139 15 0
FU 139 20 5
FU 139 24 0
FU 139 25 5
FU 139 26 21
FU 139 35 29
FU 139 36 45
FU 139 38 13
FU 139 43 4
FU 139 44 47
FU 139 49 0
FU 139 51 0
FU 139 52 0
FU 139 53 1
FU 139 54 0
FU 139 57 0
FU 139 58 0
FU 139 60 0
FU 139 64 2
FU 139 67 0
FU 139 70 0
FU 139 72 42
FU 139 73 75
FU 139 77 0
FU 139 80 0
FU 139 87 8
FU 139 89 8
FU 139 91 0
FU 139 96 0
FU 139 98 0
FU 139 101 8
FU 139 108 6
FU 139 111 0
FU 139 113 29
FU 139 115 25
FU 139 119 0
FU 139 120 11
FU 139 121 14
FU 139 129 27
FU 139 135 17
FU 139 142 0
FU 139 146 0
FU 139 152 0
FU 139 155 32
FU 139 156 0
FU 139 157 6
FU 139 158 0
FU 139 159 0
FU 139 161 22
FU 139 169 0
FU 139 170 13
FU 139 174 0
FU 141 84 0
FU 141 124 37
FU 142 1 0
FU 142 2 114
FU 142 13 0
FU 142 18 108
FU 142 21 40
FU 142 25 34
FU 142 36 33
FU 142 40 39
FU 142 53 32
FU 142 54 8
FU 142 57 0
FU 142 72 51
FU 142 80 195
FU 142 87 3
FU 142 89 42
FU 142 94 6
FU 142 95 14
FU 142 98 68
FU 142 101 26
FU 142 105 56
FU 142 110 10
FU 142 112 180
FU 142 113 32
FU 142 117 37
FU 142 118 0
FU 142 119 2
FU 142 121 80
FU 142 124 111
FU 142 129 6
FU 142 132 20
FU 142 137 1
FU 142 154 0
FU 142 155 59
FU 142 159 666
FU 142 173 37
FU 142 174 15
FU 144 22 41
FU 144 154 0
FU 145 12 16
FU 145 18 0
FU 145 26 6
FU 145 32 61
FU 145 48 69
FU 145 52 0
FU 145 81 43
FU 145 88 0
FU 145 99 20
FU 145 107 51
FU 145 109 0
FU 145 120 97
FU 145 123 0
FU 145 147 102
FU 145 148 13
FU 145 149 40
FU 145 165 53
FU 145 169 0
FU 146 1 0
FU 146 2 14
FU 146 4 0
FU 146 5 9
FU 146 11 0
FU 146 13 0
FU 146 18 0
FU 146 20 13
FU 146 25 17
FU 146 35 3
FU 146 36 30
FU 146 38 12
FU 146 39 15
FU 146 43 4
FU 146 48 30
FU 146 49 0
FU 146 51 0
FU 146 52 0
FU 146 56 0
FU 146 57 0
FU 146 58 1
FU 146 60 0
FU 146 67 0
FU 146 70 0
FU 146 75 0
FU 146 77 0
FU 146 80 0
FU 146 87 0
FU 146 91 0
FU 146 96 0
FU 146 98 0
FU 146 101 2
FU 146 108 47
FU 146 111 0
FU 146 115 0
FU 146 119 0
FU 146 121 19
FU 146 129 0
FU 146 139 0
FU 146 142 0
FU 146 152 0
FU 146 156 0
FU 146 157 15
FU 146 158 0
FU 146 159 0
FU 146 161 0
FU 146 170 3
FU 147 18 0
FU 147 26 16
FU 147 32 82
FU 147 71 2
FU 147 75 0
FU 147 88 0
FU 147 109 0
FU 147 123 0
FU 147 145 12
FU 147 148 4
FU 147 149 66
FU 147 157 2
FU 147 165 58
FU 148 26 11
FU 148 64 55
FU 148 111 21
FU 148 113 71
FU 148 170 28
FU 149 6 11
FU 149 9 0
FU 149 18 0
FU 149 25 8
FU 149 26 20
FU 149 32 47
FU 149 44 26
FU 149 51 0
FU 149 52 0
FU 149 57 0
FU 149 64 56
FU 149 71 4
FU 149 72 27
FU 149 80 0
FU 149 88 0
FU 149 99 14
FU 149 107 92
FU 149 109 0
FU 149 115 0
FU 149 119 0
FU 149 145 34
FU 149 147 136
FU 149 148 12
FU 149 152 0
FU 149 157 0
FU 149 158 0
FU 149 159 0
FU 149 161 0
FU 149 169 0
FU 149 170 6
FU 150 111 0
FU 152 4 71
FU 152 5 15
FU 152 11 26
FU 152 25 15
FU 152 51 0
FU 152 56 48
FU 152 67 0
FU 152 109 655
FU 152 111 3
FU 152 115 23
FU 152 146 0
FU 152 149 45
FU 152 158 0
FU 152 161 2
FU 152 174 16
FU 153 103 17
FU 154 5 16
FU 154 18 10
FU 154 60 655
FU 155 51 0
FU 155 71 21
FU 155 73 69
FU 155 80 7
FU 155 112 0
FU 155 142 12
FU 156 1 0
FU 156 2 12
FU 156 5 4
FU 156 13 0
FU 156 15 0
FU 156 16 0
FU 156 17 0
FU 156 18 0
FU 156 20 9
FU 156 49 0
FU 156 56 0
FU 156 58 2
FU 156 60 0
FU 156 67 0
FU 156 70 0
FU 156 77 0
FU 156 87 0
FU 156 91 0
FU 156 96 0
FU 156 98 0
FU 156 101 37
FU 156 108 12
FU 156 115 0
FU 156 124 120
FU 156 129 1
FU 156 139 0
FU 156 142 0
FU 156 146 0
FU 156 152 1
FU 156 154 0
FU 156 157 24
FU 156 174 0
FU 157 51 0
FU 157 57 122
FU 157 58 7
FU 157 70 70
FU 157 121 62
FU 157 156 0
FU 158 1 0
FU 158 2 20
FU 158 5 10
FU 158 13 0
FU 158 18 0
FU 158 25 5
FU 158 26 22
FU 158 48 9
FU 158 49 0
FU 158 51 0
FU 158 58 2
FU 158 60 0
FU 158 67 0
FU 158 75 0
FU 158 77 0
FU 158 80 0
FU 158 91 0
FU 158 101 12
FU 158 108 14
FU 158 109 0
FU 158 115 0
FU 158 123 0
FU 158 139 0
FU 158 146 0
FU 158 149 5
FU 158 152 1
FU 158 157 1
FU 158 165 7
FU 159 1 0
FU 159 2 4
FU 159 13 0
FU 159 18 0
FU 159 25 15
FU 159 26 21
FU 159 48 7
FU 159 49 0
FU 159 51 0
FU 159 58 6
FU 159 60 0
FU 159 67 0
FU 159 75 0
FU 159 77 0
FU 159 80 0
FU 159 91 0
FU 159 98 0
FU 159 101 23
FU 159 108 16
FU 159 109 0
FU 159 115 0
FU 159 123 0
FU 159 139 0
FU 159 142 0
FU 159 146 0
FU 159 149 4
FU 159 152 0
FU 159 157 7
FU 159 165 3
FU 160 3 187
FU 160 4 0
FU 160 16 0
FU 160 37 17
FU 160 39 6
FU 160 40 13
FU 160 41 9
FU 160 58 1
FU 160 59 0
FU 160 66 0
FU 160 84 0
FU 160 90 14
FU 160 92 9
FU 160 93 4
FU 160 100 11
FU 160 103 64
FU 160 106 12
FU 160 114 0
FU 160 116 2
FU 160 118 96
FU 160 122 1
FU 160 124 0
FU 160 127 0
FU 160 128 12
FU 160 133 27
FU 160 136 0
FU 160 141 6
FU 160 153 129
FU 160 167 3
FU 161 1 0
FU 161 5 13
FU 161 13 0
FU 161 24 438
FU 161 26 14
FU 161 49 0
FU 161 56 12
FU 161 58 13
FU 161 60 0
FU 161 70 0
FU 161 91 0
FU 161 98 9
FU 161 111 12
FU 161 115 27
FU 161 146 0
FU 162 41 43
FU 162 95 237
FU 163 9 0
FU 163 11 0
FU 163 24 0
FU 163 29 83
FU 163 31 37
FU 163 34 1
FU 163 43 95
FU 163 53 18
FU 163 54 0
FU 163 63 23
FU 163 73 10
FU 163 79 109
FU 163 97 0
FU 163 105 31
FU 163 114 0
FU 163 134 109
FU 163 135 0
FU 163 155 6
FU 163 168 0
FU 163 172 0
FU 164 12 59
FU 164 33 52
FU 164 46 4
FU 164 162 47
FU 165 12 9
FU 165 18 0
FU 165 20 14
FU 165 48 78
FU 165 49 0
FU 165 52 0
FU 165 60 0
FU 165 75 0
FU 165 81 8
FU 165 88 0
FU 165 101 9
FU 165 109 0
FU 165 120 125
FU 165 123 0
FU 165 145 88
FU 165 147 78
FU 165 157 7
FU 165 158 0
FU 165 159 0
FU 165 169 0
FU 166 17 298
FU 166 47 0
FU 166 83 1
FU 166 125 192
FU 167 37 16
FU 167 39 29
FU 167 40 12
FU 167 59 4
FU 167 66 5
FU 167 90 86
FU 167 92 11
FU 167 103 61
FU 167 106 113
FU 167 116 21
FU 167 127 0
FU 167 136 0
FU 167 160 120
FU 168 9 0
FU 168 11 0
FU 168 24 0
FU 168 29 7
FU 168 31 12
FU 168 34 0
FU 168 43 5
FU 168 53 0
FU 168 54 0
FU 168 63 50
FU 168 65 0
FU 168 73 22
FU 168 79 2
FU 168 89 9
FU 168 94 0
FU 168 97 0
FU 168 105 10
FU 168 134 6
FU 168 135 0
FU 168 163 6
FU 168 172 0
FU 169 9 0
FU 169 18 0
FU 169 25 23
FU 169 26 35
FU 169 51 495
FU 169 75 0
FU 169 88 0
FU 169 109 0
FU 169 111 2
FU 169 115 2
FU 169 123 0
FU 169 139 0
FU 169 145 3
FU 169 148 36
FU 169 149 6
FU 169 165 1
FU 170 4 15
FU 170 15 0
FU 170 25 43
FU 170 51 0
FU 170 58 18
FU 170 70 2
FU 170 71 116
FU 170 87 30
FU 170 91 0
FU 170 98 4
FU 170 109 1
FU 170 148 111
FU 172 24 0
FU 172 31 5
FU 172 34 1
FU 172 63 14
FU 172 65 0
FU 172 73 46
FU 172 79 6
FU 172 94 0
FU 172 105 27
FU 172 134 2
FU 172 135 2
FU 172 163 4
FU 172 168 0
FU 173 1 181
FU 173 16 3
FU 173 18 1
FU 173 82 9
FU 174 2 13
FU 174 11 46
FU 174 13 0
FU 174 15 0
FU 174 16 86
FU 174 20 11
FU 174 23 0
FU 174 24 0
FU 174 35 11
FU 174 36 48
FU 174 38 33
FU 174 40 13
FU 174 53 20
FU 174 56 0
FU 174 59 0
FU 174 67 0
FU 174 80 0
FU 174 82 0
FU 174 83 0
FU 174 84 0
FU 174 87 25
FU 174 92 1
FU 174 93 11
FU 174 96 0
FU 174 98 98
FU 174 106 42
FU 174 110 36
FU 174 111 0
FU 174 115 1
FU 174 116 1
FU 174 118 0
FU 174 121 11
FU 174 122 43
FU 174 124 0
FU 174 129 0
FU 174 133 14
FU 174 136 0
FU 174 139 0
FU 174 142 0
FU 174 152 482
FU 174 156 0
FU 174 161 0
FU 174 170 19
