Nodes: 51
Arcs: 596
MVE: 3
MAE: 94
SAE: 10405
Terminals_rem: 1
Nodes_rem: 8
Arcs_rem: 154
First LB: 0
LB: 0
Iter. LB: 0
First UB: 23
UB: 9
Iter. UB: 682
gap: 100
BM. Time: 0
Runtime: 94
FL 0 1 4
FL 0 6 4
FL 0 32 2
FL 0 9 2
FL 0 19 1
FL 0 5 3
FL 0 8 0
FL 0 40 5
FL 0 14 3
FL 0 36 10
FL 0 4 1
FL 0 33 1
FL 0 12 3
FL 0 16 4
FL 0 27 0
FL 0 44 0
FL 0 10 4
FL 0 2 10
FL 0 21 1
FL 0 25 8
FL 0 30 0
FL 0 39 8
FL 0 3 5
FL 0 38 2
FL 0 43 7
FL 0 41 998
FL 0 34 10
FL 0 7 12
FL 0 11 11
FL 0 13 0
FL 0 15 205
FL 0 17 212
FL 0 18 998
FL 0 20 998
FL 0 22 211
FL 0 23 998
FL 0 24 314
FL 0 28 36
FL 0 29 242
FL 0 31 998
FL 0 35 998
FL 0 37 257
FL 0 42 281
FL 0 45 128
FL 0 46 4
FL 0 47 998
FL 0 48 998
FL 0 49 113
FL 0 50 193
FL 1 2 0
FL 1 5 0
FL 1 6 0
FL 1 10 0
FL 1 11 7
FL 1 12 0
FL 1 13 0
FL 1 14 0
FL 1 15 17
FL 1 17 49
FL 1 25 0
FL 1 28 3
FL 1 37 15
FL 1 40 122
FL 1 43 0
FL 1 45 68
FL 1 49 30
FL 2 1 0
FL 2 5 0
FL 2 10 0
FL 2 11 10
FL 2 12 0
FL 2 14 0
FL 2 15 21
FL 2 17 36
FL 2 25 2
FL 2 28 4
FL 2 37 20
FL 2 43 0
FL 2 45 95
FL 3 7 1
FL 3 9 0
FL 3 16 2
FL 3 32 0
FL 3 38 0
FL 3 42 228
FL 3 50 192
FL 4 5 101
FL 4 6 3
FL 4 8 22
FL 4 10 90
FL 4 12 69
FL 4 15 28
FL 4 17 49
FL 4 25 998
FL 4 28 1
FL 4 43 9
FL 4 45 77
FL 4 49 47
FL 5 1 46
FL 5 2 179
FL 5 4 1
FL 5 6 0
FL 5 10 29
FL 5 11 7
FL 5 12 67
FL 5 13 0
FL 5 14 63
FL 5 17 35
FL 5 37 14
FL 5 43 8
FL 5 45 104
FL 5 49 32
FL 6 1 50
FL 6 4 28
FL 6 5 61
FL 6 8 25
FL 6 10 70
FL 6 11 32
FL 6 12 63
FL 6 13 1
FL 6 14 103
FL 6 17 71
FL 6 24 116
FL 6 26 0
FL 6 29 84
FL 6 30 94
FL 6 37 58
FL 6 43 63
FL 6 44 76
FL 6 49 96
FL 7 3 998
FL 7 38 998
FL 8 4 836
FL 8 6 25
FL 8 11 22
FL 8 13 2
FL 8 24 344
FL 8 26 0
FL 8 29 326
FL 8 30 471
FL 8 44 425
FL 8 49 481
FL 9 3 0
FL 9 7 1
FL 9 16 0
FL 9 25 0
FL 9 38 0
FL 9 50 105
FL 10 1 89
FL 10 2 291
FL 10 4 1
FL 10 5 73
FL 10 6 31
FL 10 11 4
FL 10 12 8
FL 10 13 0
FL 10 14 45
FL 10 15 21
FL 10 17 52
FL 10 25 2
FL 10 28 3
FL 10 37 15
FL 10 43 6
FL 10 45 69
FL 10 49 40
FL 11 1 37
FL 11 2 63
FL 11 5 24
FL 11 6 3
FL 11 8 9
FL 11 10 29
FL 11 12 13
FL 11 13 0
FL 11 15 46
FL 11 17 34
FL 11 22 111
FL 11 28 3
FL 11 29 97
FL 11 34 33
FL 11 36 135
FL 11 37 14
FL 11 40 46
FL 11 43 8
FL 11 44 73
FL 11 49 36
FL 12 1 87
FL 12 2 0
FL 12 4 0
FL 12 5 74
FL 12 6 0
FL 12 10 0
FL 12 11 7
FL 12 13 0
FL 12 14 0
FL 12 15 20
FL 12 17 26
FL 12 25 0
FL 12 28 2
FL 12 37 11
FL 12 43 9
FL 12 45 84
FL 12 49 41
FL 13 1 117
FL 13 5 273
FL 13 6 6
FL 13 8 66
FL 13 10 325
FL 13 11 4
FL 13 12 237
FL 13 14 171
FL 13 15 356
FL 13 17 340
FL 13 22 76
FL 13 24 275
FL 13 26 0
FL 13 28 998
FL 13 29 312
FL 13 30 479
FL 13 34 163
FL 13 36 152
FL 13 37 211
FL 13 40 160
FL 13 43 171
FL 13 44 484
FL 13 49 42
FL 14 1 0
FL 14 2 0
FL 14 5 43
FL 14 6 0
FL 14 7 3
FL 14 10 33
FL 14 12 0
FL 14 13 0
FL 14 15 15
FL 14 16 486
FL 14 17 43
FL 14 25 1
FL 14 28 2
FL 14 37 12
FL 14 43 29
FL 14 45 114
FL 14 49 36
FL 15 1 124
FL 15 10 62
FL 15 11 5
FL 15 12 78
FL 15 13 0
FL 15 14 49
FL 15 28 5
FL 15 34 182
FL 15 36 115
FL 15 37 17
FL 15 39 57
FL 15 40 145
FL 15 43 10
FL 15 49 41
FL 16 3 0
FL 16 7 1
FL 16 9 0
FL 16 14 0
FL 16 25 1
FL 16 32 0
FL 16 42 282
FL 16 50 142
FL 17 2 255
FL 17 4 0
FL 17 5 67
FL 17 6 9
FL 17 10 63
FL 17 12 85
FL 17 13 0
FL 17 14 49
FL 17 37 13
FL 17 43 5
FL 17 45 107
FL 17 49 35
FL 19 21 998
FL 19 22 42
FL 19 27 0
FL 19 33 0
FL 19 34 0
FL 19 36 31
FL 19 39 0
FL 19 46 0
FL 21 19 0
FL 21 27 0
FL 21 38 0
FL 22 11 10
FL 22 13 0
FL 22 15 40
FL 22 19 72
FL 22 28 11
FL 22 34 121
FL 22 36 44
FL 22 37 16
FL 22 39 17
FL 22 40 89
FL 24 6 8
FL 24 8 23
FL 24 13 1
FL 25 1 98
FL 25 2 215
FL 25 4 1
FL 25 7 2
FL 25 9 998
FL 25 10 47
FL 25 12 79
FL 25 14 48
FL 25 16 547
FL 25 28 3
FL 25 32 998
FL 25 42 265
FL 25 45 77
FL 25 50 146
FL 26 6 114
FL 26 8 838
FL 26 13 999
FL 26 0 1000
FL 27 19 1
FL 27 21 0
FL 27 33 0
FL 27 46 0
FL 28 1 91
FL 28 4 3
FL 28 7 998
FL 28 10 23
FL 28 11 2
FL 28 12 47
FL 28 13 1
FL 28 14 62
FL 28 15 38
FL 28 22 245
FL 28 25 16
FL 28 34 230
FL 28 36 228
FL 28 37 18
FL 28 39 879
FL 28 40 68
FL 28 43 10
FL 28 45 148
FL 29 6 4
FL 29 8 17
FL 29 11 1
FL 29 13 1
FL 30 6 2
FL 30 8 10
FL 30 13 1
FL 32 3 0
FL 32 7 0
FL 32 16 0
FL 32 25 0
FL 32 38 0
FL 32 50 144
FL 33 19 0
FL 33 27 0
FL 33 36 46
FL 33 39 1
FL 33 46 1
FL 34 11 7
FL 34 13 0
FL 34 15 19
FL 34 19 0
FL 34 22 109
FL 34 28 3
FL 34 36 38
FL 34 37 16
FL 34 39 22
FL 34 40 69
FL 36 11 2
FL 36 13 0
FL 36 15 24
FL 36 19 63
FL 36 22 47
FL 36 28 3
FL 36 33 519
FL 36 34 0
FL 36 37 15
FL 36 39 16
FL 36 40 99
FL 36 46 126
FL 37 1 90
FL 37 5 59
FL 37 6 5
FL 37 10 67
FL 37 11 3
FL 37 12 128
FL 37 13 0
FL 37 14 49
FL 37 15 36
FL 37 17 35
FL 37 22 68
FL 37 28 2
FL 37 34 195
FL 37 36 110
FL 37 40 169
FL 37 43 10
FL 37 49 36
FL 38 3 0
FL 38 7 1
FL 38 9 0
FL 38 21 0
FL 38 32 1
FL 38 50 155
FL 39 15 50
FL 39 19 875
FL 39 22 72
FL 39 28 4
FL 39 33 518
FL 39 34 127
FL 39 36 52
FL 39 40 120
FL 39 46 876
FL 40 1 73
FL 40 11 3
FL 40 13 0
FL 40 15 36
FL 40 22 110
FL 40 28 1
FL 40 34 24
FL 40 36 54
FL 40 37 13
FL 40 39 7
FL 42 16 0
FL 43 1 23
FL 43 2 57
FL 43 4 165
FL 43 5 68
FL 43 6 41
FL 43 10 56
FL 43 11 134
FL 43 12 49
FL 43 13 2
FL 43 14 31
FL 43 15 22
FL 43 17 35
FL 43 28 3
FL 43 37 95
FL 43 45 44
FL 44 6 3
FL 44 8 13
FL 44 11 8
FL 44 13 0
FL 45 4 0
FL 45 5 76
FL 45 25 4
FL 45 28 14
FL 46 27 998
FL 46 36 44
FL 49 1 199
FL 49 4 1
FL 49 5 162
FL 49 6 6
FL 49 8 22
FL 49 10 205
FL 49 11 7
FL 49 12 169
FL 49 13 0
FL 49 14 408
FL 49 15 112
FL 49 17 89
FL 49 37 277
FL 50 38 1
FU 0 1 4
FU 0 6 15
FU 0 32 3
FU 0 9 3
FU 0 19 3
FU 0 5 4
FU 0 8 3
FU 0 40 8
FU 0 14 5
FU 0 36 12
FU 0 4 2
FU 0 33 2
FU 0 12 4
FU 0 16 4
FU 0 27 2
FU 0 44 2
FU 0 10 6
FU 0 2 11
FU 0 21 2
FU 0 25 2
FU 0 30 2
FU 0 39 14
FU 0 3 3
FU 0 38 3
FU 0 43 10
FU 0 41 1000
FU 0 34 12
FU 0 7 3
FU 0 11 82
FU 0 13 3
FU 0 15 157
FU 0 17 175
FU 0 18 1000
FU 0 20 1000
FU 0 22 172
FU 0 23 1000
FU 0 24 288
FU 0 28 20
FU 0 29 236
FU 0 31 1000
FU 0 35 1000
FU 0 37 217
FU 0 42 269
FU 0 45 117
FU 0 46 4
FU 0 47 1000
FU 0 48 1000
FU 0 49 117
FU 0 50 183
FU 1 2 0
FU 1 5 0
FU 1 6 0
FU 1 10 0
FU 1 11 92
FU 1 12 0
FU 1 13 0
FU 1 14 0
FU 1 15 19
FU 1 17 39
FU 1 25 0
FU 1 28 0
FU 1 37 15
FU 1 40 117
FU 1 43 0
FU 1 45 48
FU 1 49 28
FU 2 1 0
FU 2 5 0
FU 2 10 0
FU 2 11 120
FU 2 12 0
FU 2 14 0
FU 2 15 19
FU 2 17 30
FU 2 25 0
FU 2 28 0
FU 2 37 23
FU 2 43 0
FU 2 45 86
FU 3 7 0
FU 3 9 0
FU 3 16 0
FU 3 32 0
FU 3 38 0
FU 3 42 214
FU 3 50 180
FU 4 5 85
FU 4 6 13
FU 4 8 16
FU 4 10 85
FU 4 12 50
FU 4 15 37
FU 4 17 46
FU 4 25 997
FU 4 28 0
FU 4 43 27
FU 4 45 77
FU 4 49 45
FU 5 1 44
FU 5 2 171
FU 5 4 10
FU 5 6 0
FU 5 10 42
FU 5 11 19
FU 5 12 66
FU 5 13 0
FU 5 14 75
FU 5 17 33
FU 5 37 16
FU 5 43 62
FU 5 45 88
FU 5 49 29
FU 6 1 49
FU 6 4 12
FU 6 5 64
FU 6 8 18
FU 6 10 72
FU 6 11 23
FU 6 12 59
FU 6 13 0
FU 6 14 94
FU 6 17 65
FU 6 24 103
FU 6 26 0
FU 6 29 72
FU 6 30 82
FU 6 37 48
FU 6 43 46
FU 6 44 72
FU 6 49 67
FU 7 3 997
FU 7 38 997
FU 8 4 835
FU 8 6 27
FU 8 11 17
FU 8 13 0
FU 8 24 343
FU 8 26 0
FU 8 29 310
FU 8 30 451
FU 8 44 404
FU 8 49 477
FU 9 3 0
FU 9 7 0
FU 9 16 0
FU 9 25 0
FU 9 38 0
FU 9 50 101
FU 10 1 70
FU 10 2 265
FU 10 4 0
FU 10 5 55
FU 10 6 470
FU 10 11 52
FU 10 12 12
FU 10 13 0
FU 10 14 47
FU 10 15 20
FU 10 17 42
FU 10 25 0
FU 10 28 0
FU 10 37 14
FU 10 43 31
FU 10 45 65
FU 10 49 27
FU 11 1 30
FU 11 2 65
FU 11 5 27
FU 11 6 46
FU 11 8 4
FU 11 10 44
FU 11 12 15
FU 11 13 0
FU 11 15 60
FU 11 17 41
FU 11 22 103
FU 11 28 0
FU 11 29 86
FU 11 34 30
FU 11 36 126
FU 11 37 37
FU 11 40 39
FU 11 43 12
FU 11 44 59
FU 11 49 31
FU 12 1 77
FU 12 2 0
FU 12 4 0
FU 12 5 76
FU 12 6 0
FU 12 10 0
FU 12 11 138
FU 12 13 0
FU 12 14 0
FU 12 15 22
FU 12 17 19
FU 12 25 0
FU 12 28 0
FU 12 37 20
FU 12 43 44
FU 12 45 62
FU 12 49 33
FU 13 1 95
FU 13 5 268
FU 13 6 14
FU 13 8 55
FU 13 10 294
FU 13 11 9
FU 13 12 231
FU 13 14 138
FU 13 15 319
FU 13 17 315
FU 13 22 72
FU 13 24 266
FU 13 26 0
FU 13 28 978
FU 13 29 296
FU 13 30 465
FU 13 34 163
FU 13 36 135
FU 13 37 194
FU 13 40 145
FU 13 43 176
FU 13 44 463
FU 13 49 30
FU 14 1 0
FU 14 2 0
FU 14 5 36
FU 14 6 0
FU 14 7 1
FU 14 10 28
FU 14 12 0
FU 14 13 0
FU 14 15 18
FU 14 16 480
FU 14 17 33
FU 14 25 0
FU 14 28 0
FU 14 37 14
FU 14 43 490
FU 14 45 109
FU 14 49 23
FU 15 1 113
FU 15 10 41
FU 15 11 28
FU 15 12 77
FU 15 13 0
FU 15 14 48
FU 15 28 0
FU 15 34 163
FU 15 36 116
FU 15 37 19
FU 15 39 29
FU 15 40 132
FU 15 43 36
FU 15 49 37
FU 16 3 0
FU 16 7 0
FU 16 9 0
FU 16 14 0
FU 16 25 0
FU 16 32 0
FU 16 42 269
FU 16 50 127
FU 17 2 237
FU 17 4 0
FU 17 5 66
FU 17 6 113
FU 17 10 51
FU 17 12 60
FU 17 13 0
FU 17 14 40
FU 17 37 9
FU 17 43 13
FU 17 45 99
FU 17 49 19
FU 19 21 998
FU 19 22 49
FU 19 27 0
FU 19 33 0
FU 19 34 0
FU 19 36 53
FU 19 39 0
FU 19 46 0
FU 21 19 0
FU 21 27 0
FU 21 38 0
FU 22 11 106
FU 22 13 0
FU 22 15 32
FU 22 19 76
FU 22 28 0
FU 22 34 98
FU 22 36 44
FU 22 37 23
FU 22 39 13
FU 22 40 97
FU 24 6 29
FU 24 8 12
FU 24 13 0
FU 25 1 82
FU 25 2 197
FU 25 4 0
FU 25 7 0
FU 25 9 997
FU 25 10 41
FU 25 12 66
FU 25 14 33
FU 25 16 516
FU 25 28 0
FU 25 32 997
FU 25 42 248
FU 25 45 71
FU 25 50 130
FU 26 6 158
FU 26 8 829
FU 26 13 997
FU 26 0 1000
FU 27 19 0
FU 27 21 0
FU 27 33 0
FU 27 46 0
FU 28 1 69
FU 28 4 2
FU 28 7 996
FU 28 10 27
FU 28 11 1
FU 28 12 50
FU 28 13 0
FU 28 14 40
FU 28 15 34
FU 28 22 243
FU 28 25 1
FU 28 34 220
FU 28 36 216
FU 28 37 19
FU 28 39 889
FU 28 40 64
FU 28 43 17
FU 28 45 142
FU 29 6 30
FU 29 8 20
FU 29 11 0
FU 29 13 0
FU 30 6 1
FU 30 8 6
FU 30 13 0
FU 32 3 0
FU 32 7 0
FU 32 16 0
FU 32 25 0
FU 32 38 0
FU 32 50 133
FU 33 19 0
FU 33 27 0
FU 33 36 31
FU 33 39 3
FU 33 46 0
FU 34 11 55
FU 34 13 0
FU 34 15 13
FU 34 19 0
FU 34 22 99
FU 34 28 0
FU 34 36 33
FU 34 37 7
FU 34 39 13
FU 34 40 57
FU 36 11 8
FU 36 13 0
FU 36 15 27
FU 36 19 54
FU 36 22 41
FU 36 28 1
FU 36 33 502
FU 36 34 0
FU 36 37 8
FU 36 39 15
FU 36 40 78
FU 36 46 117
FU 37 1 85
FU 37 5 57
FU 37 6 18
FU 37 10 62
FU 37 11 3
FU 37 12 109
FU 37 13 0
FU 37 14 62
FU 37 15 43
FU 37 17 26
FU 37 22 79
FU 37 28 0
FU 37 34 191
FU 37 36 98
FU 37 40 173
FU 37 43 36
FU 37 49 37
FU 38 3 0
FU 38 7 0
FU 38 9 0
FU 38 21 0
FU 38 32 0
FU 38 50 146
FU 39 15 37
FU 39 19 867
FU 39 22 56
FU 39 28 0
FU 39 33 496
FU 39 34 95
FU 39 36 46
FU 39 40 90
FU 39 46 879
FU 40 1 65
FU 40 11 8
FU 40 13 0
FU 40 15 34
FU 40 22 86
FU 40 28 0
FU 40 34 28
FU 40 36 36
FU 40 37 14
FU 40 39 24
FU 42 16 0
FU 43 1 18
FU 43 2 54
FU 43 4 137
FU 43 5 58
FU 43 6 28
FU 43 10 44
FU 43 11 136
FU 43 12 48
FU 43 13 0
FU 43 14 18
FU 43 15 22
FU 43 17 38
FU 43 28 1
FU 43 37 80
FU 43 45 36
FU 44 6 13
FU 44 8 17
FU 44 11 85
FU 44 13 0
FU 45 4 0
FU 45 5 63
FU 45 25 0
FU 45 28 0
FU 46 27 998
FU 46 36 54
FU 49 1 199
FU 49 4 2
FU 49 5 141
FU 49 6 25
FU 49 8 20
FU 49 10 163
FU 49 11 18
FU 49 12 153
FU 49 13 0
FU 49 14 400
FU 49 15 87
FU 49 17 98
FU 49 37 223
FU 50 38 0
