Nodes: 61
Arcs: 854
MVE: 2
MAE: 99
SAE: 26131
Terminals_rem: 5
Nodes_rem: 9
Arcs_rem: 305
First LB: 1
LB: 1
Iter. LB: 0
First UB: 32
UB: 11
Iter. UB: 207
gap: 90.9091
BM. Time: 0
Runtime: 120
FL 0 58 321
FL 0 35 0
FL 0 54 6
FL 0 11 7
FL 0 52 2
FL 0 56 999
FL 0 23 1
FL 0 20 2
FL 0 3 4
FL 0 17 9
FL 0 6 9
FL 0 12 10
FL 0 42 3
FL 0 5 7
FL 0 1 998
FL 0 44 998
FL 0 46 3
FL 0 22 3
FL 0 47 1
FL 0 37 9
FL 0 55 0
FL 0 18 6
FL 0 7 8
FL 0 60 7
FL 0 38 2
FL 0 13 16
FL 0 30 2
FL 0 15 8
FL 0 14 16
FL 0 2 14
FL 0 31 999
FL 0 49 998
FL 0 41 7
FL 0 59 3
FL 0 4 186
FL 0 8 199
FL 0 9 195
FL 0 10 365
FL 0 16 26
FL 0 19 20
FL 0 21 250
FL 0 24 280
FL 0 25 351
FL 0 26 998
FL 0 28 251
FL 0 29 226
FL 0 32 256
FL 0 33 113
FL 0 34 85
FL 0 36 0
FL 0 39 135
FL 0 40 58
FL 0 43 998
FL 0 45 998
FL 0 48 166
FL 0 50 315
FL 0 51 199
FL 0 53 224
FL 0 57 998
FL 2 4 146
FL 2 5 0
FL 2 10 40
FL 2 11 0
FL 2 12 2
FL 2 13 2
FL 2 14 0
FL 2 15 0
FL 2 17 0
FL 2 25 66
FL 2 28 28
FL 2 37 0
FL 2 58 7
FL 2 59 999
FL 2 60 0
FL 3 7 447
FL 3 9 125
FL 3 16 0
FL 3 18 0
FL 3 20 0
FL 3 32 134
FL 3 35 0
FL 3 38 0
FL 3 41 4
FL 3 42 0
FL 3 47 0
FL 3 50 31
FL 3 53 144
FL 3 54 297
FL 4 2 0
FL 4 6 5
FL 4 10 38
FL 4 12 1
FL 4 17 0
FL 4 28 59
FL 5 2 0
FL 5 6 1
FL 5 8 23
FL 5 10 26
FL 5 11 0
FL 5 12 0
FL 5 13 2
FL 5 14 0
FL 5 17 0
FL 5 37 0
FL 5 58 5
FL 6 4 123
FL 6 5 0
FL 6 8 29
FL 6 10 43
FL 6 11 0
FL 6 12 0
FL 6 13 0
FL 6 14 0
FL 6 17 0
FL 6 24 313
FL 6 29 258
FL 6 30 0
FL 6 34 18
FL 6 37 0
FL 6 59 0
FL 7 3 0
FL 7 9 78
FL 7 14 0
FL 7 16 11
FL 7 18 0
FL 7 20 0
FL 7 25 79
FL 7 28 14
FL 7 32 72
FL 7 38 0
FL 7 41 1
FL 7 42 0
FL 7 50 44
FL 7 53 137
FL 7 54 0
FL 7 60 0
FL 8 5 0
FL 8 12 1
FL 8 13 2
FL 8 24 169
FL 8 29 269
FL 8 30 359
FL 8 34 12
FL 8 37 0
FL 9 3 0
FL 9 16 9
FL 9 18 0
FL 9 41 1
FL 9 50 41
FL 9 60 0
FL 10 2 1
FL 10 4 85
FL 10 5 0
FL 10 8 81
FL 10 11 0
FL 10 13 4
FL 10 14 0
FL 10 15 0
FL 10 17 1
FL 10 25 63
FL 10 28 50
FL 10 37 0
FL 10 40 8
FL 10 58 242
FL 11 2 0
FL 11 5 0
FL 11 6 0
FL 11 8 49
FL 11 10 64
FL 11 12 500
FL 11 13 1
FL 11 15 122
FL 11 17 0
FL 11 22 201
FL 11 28 9
FL 11 34 16
FL 11 36 0
FL 11 40 1
FL 11 51 11
FL 11 52 310
FL 12 2 0
FL 12 4 95
FL 12 5 0
FL 12 6 1
FL 12 8 47
FL 12 10 32
FL 12 11 0
FL 12 13 1
FL 12 14 0
FL 12 15 0
FL 12 17 0
FL 12 25 36
FL 12 28 31
FL 12 37 0
FL 12 58 5
FL 13 2 999
FL 13 5 999
FL 13 6 568
FL 13 8 22
FL 13 10 41
FL 13 11 184
FL 13 12 532
FL 13 14 0
FL 13 15 77
FL 13 17 999
FL 13 22 0
FL 13 23 0
FL 13 24 269
FL 13 28 31
FL 13 29 285
FL 13 30 669
FL 13 34 7
FL 13 36 0
FL 13 37 297
FL 13 40 10
FL 13 51 15
FL 13 52 0
FL 14 2 0
FL 14 5 0
FL 14 6 2
FL 14 7 427
FL 14 8 55
FL 14 10 35
FL 14 12 1
FL 14 13 3
FL 14 15 130
FL 14 16 5
FL 14 17 0
FL 14 28 32
FL 14 40 8
FL 14 50 64
FL 14 54 341
FL 14 58 11
FL 14 60 376
FL 15 2 0
FL 15 4 125
FL 15 10 46
FL 15 11 0
FL 15 12 0
FL 15 13 1
FL 15 14 0
FL 15 19 3
FL 15 22 0
FL 15 23 0
FL 15 25 63
FL 15 28 22
FL 15 34 27
FL 15 37 0
FL 15 39 130
FL 15 40 1
FL 15 46 50
FL 15 51 18
FL 15 52 0
FL 15 58 1
FL 15 60 0
FL 16 3 110
FL 16 7 155
FL 16 9 57
FL 16 14 219
FL 16 18 211
FL 16 20 213
FL 16 25 43
FL 16 32 52
FL 16 35 1
FL 16 36 0
FL 16 42 216
FL 16 50 58
FL 16 54 151
FL 16 55 28
FL 16 60 238
FL 17 2 0
FL 17 4 137
FL 17 5 0
FL 17 6 1
FL 17 10 33
FL 17 11 0
FL 17 12 0
FL 17 13 2
FL 17 14 0
FL 17 23 0
FL 17 28 27
FL 17 37 0
FL 17 58 5
FL 17 59 0
FL 18 3 0
FL 18 7 0
FL 18 9 114
FL 18 16 46
FL 18 20 0
FL 18 25 58
FL 18 32 109
FL 18 38 0
FL 18 41 2
FL 18 42 0
FL 18 50 38
FL 18 53 119
FL 18 54 0
FL 18 60 0
FL 19 15 183
FL 19 21 123
FL 19 22 200
FL 19 23 254
FL 19 27 0
FL 19 28 141
FL 19 33 62
FL 19 34 233
FL 19 36 2
FL 19 39 55
FL 19 46 121
FL 19 48 153
FL 19 51 135
FL 19 52 233
FL 19 55 80
FL 20 3 0
FL 20 7 0
FL 20 16 0
FL 20 18 0
FL 20 41 2
FL 20 50 25
FL 20 54 0
FL 20 60 0
FL 21 19 98
FL 21 27 1
FL 21 48 265
FL 21 55 78
FL 22 11 130
FL 22 13 0
FL 22 15 0
FL 22 19 5
FL 22 23 0
FL 22 28 39
FL 22 34 12
FL 22 37 0
FL 22 39 120
FL 22 40 1
FL 22 46 27
FL 22 51 16
FL 22 52 0
FL 23 10 42
FL 23 13 0
FL 23 15 0
FL 23 17 0
FL 23 19 7
FL 23 22 0
FL 23 28 31
FL 23 34 11
FL 23 36 0
FL 23 40 1
FL 23 51 9
FL 23 52 0
FL 23 60 0
FL 24 8 44
FL 25 2 1
FL 25 7 1
FL 25 10 54
FL 25 15 0
FL 25 16 7
FL 25 18 0
FL 25 28 26
FL 25 50 80
FL 25 54 0
FL 25 58 230
FL 25 60 0
FL 27 19 262
FL 27 21 435
FL 27 33 401
FL 27 35 999
FL 27 36 999
FL 27 55 396
FL 27 0 1000
FL 28 4 155
FL 28 10 62
FL 28 17 1
FL 28 25 38
FL 28 46 55
FL 28 58 207
FL 29 8 44
FL 30 6 3
FL 30 8 21
FL 30 13 2
FL 32 3 2
FL 32 7 2
FL 32 16 10
FL 32 18 1
FL 32 41 2
FL 32 50 76
FL 32 54 1
FL 32 60 1
FL 33 19 11
FL 33 27 2
FL 33 36 1
FL 33 40 11
FL 33 46 291
FL 33 55 97
FL 34 6 459
FL 34 8 371
FL 34 46 1
FL 35 3 504
FL 35 16 123
FL 35 27 1
FL 35 36 1
FL 35 41 999
FL 35 48 214
FL 35 55 168
FL 36 11 500
FL 36 13 999
FL 36 16 15
FL 36 19 18
FL 36 23 414
FL 36 27 0
FL 36 33 119
FL 36 34 221
FL 36 35 1
FL 36 37 249
FL 36 40 775
FL 36 46 332
FL 36 51 297
FL 36 55 81
FL 37 2 0
FL 37 5 0
FL 37 6 1
FL 37 8 38
FL 37 10 53
FL 37 12 0
FL 37 13 2
FL 37 15 1
FL 37 17 1
FL 37 22 1
FL 37 28 30
FL 37 34 16
FL 37 36 1
FL 37 40 4
FL 37 51 17
FL 37 52 1
FL 38 3 1
FL 38 7 1
FL 38 18 1
FL 38 41 2
FL 38 50 39
FL 39 40 2
FL 40 10 42
FL 40 11 1
FL 40 13 6
FL 40 14 789
FL 40 15 135
FL 40 22 207
FL 40 23 365
FL 40 28 60
FL 40 33 164
FL 40 34 64
FL 40 36 0
FL 40 37 253
FL 40 39 157
FL 40 51 22
FL 40 52 255
FL 40 60 414
FL 41 3 410
FL 41 7 0
FL 41 9 103
FL 41 18 797
FL 41 20 801
FL 41 32 91
FL 41 35 0
FL 41 38 999
FL 41 42 796
FL 41 47 998
FL 41 50 58
FL 41 53 138
FL 41 54 246
FL 42 3 0
FL 42 7 0
FL 42 16 2
FL 42 18 0
FL 42 41 2
FL 42 50 23
FL 42 54 0
FL 42 60 0
FL 46 15 220
FL 46 19 7
FL 46 22 248
FL 46 28 32
FL 46 33 103
FL 46 34 21
FL 46 36 0
FL 46 39 133
FL 46 51 31
FL 46 52 0
FL 47 3 0
FL 47 41 1
FL 47 50 33
FL 48 19 13
FL 48 21 84
FL 48 35 0
FL 48 55 101
FL 50 3 2
FL 50 7 2
FL 50 9 138
FL 50 14 3
FL 50 16 15
FL 50 18 0
FL 50 20 0
FL 50 25 65
FL 50 32 154
FL 50 38 1
FL 50 41 3
FL 50 42 0
FL 50 47 0
FL 50 53 143
FL 50 54 1
FL 50 60 1
FL 51 11 204
FL 51 13 1
FL 51 15 159
FL 51 19 13
FL 51 22 172
FL 51 28 51
FL 51 34 85
FL 51 36 0
FL 51 37 231
FL 51 39 157
FL 51 40 11
FL 51 46 144
FL 51 52 226
FL 52 11 0
FL 52 13 7
FL 52 15 0
FL 52 19 26
FL 52 22 0
FL 52 23 0
FL 52 28 26
FL 52 34 28
FL 52 37 0
FL 52 39 172
FL 52 40 29
FL 52 46 0
FL 52 51 15
FL 53 3 1
FL 53 18 1
FL 53 41 2
FL 53 50 108
FL 54 3 0
FL 54 7 0
FL 54 9 94
FL 54 14 0
FL 54 16 0
FL 54 18 0
FL 54 20 0
FL 54 25 83
FL 54 32 100
FL 54 41 1
FL 54 42 0
FL 54 50 23
FL 54 53 137
FL 54 60 0
FL 55 16 113
FL 55 19 12
FL 55 21 140
FL 55 27 0
FL 55 33 80
FL 55 35 1
FL 55 36 0
FL 55 48 238
FL 58 2 0
FL 58 5 0
FL 58 10 56
FL 58 12 0
FL 58 14 0
FL 58 15 0
FL 58 17 0
FL 58 25 65
FL 58 28 59
FL 59 2 0
FL 59 6 1
FL 59 8 38
FL 59 17 0
FL 60 2 0
FL 60 7 0
FL 60 9 145
FL 60 14 0
FL 60 15 0
FL 60 16 4
FL 60 18 0
FL 60 20 0
FL 60 23 0
FL 60 25 59
FL 60 28 48
FL 60 32 79
FL 60 40 3
FL 60 42 0
FL 60 50 23
FL 60 54 0
FU 0 58 331
FU 0 35 2
FU 0 54 11
FU 0 11 5
FU 0 52 4
FU 0 56 1000
FU 0 23 4
FU 0 20 3
FU 0 3 6
FU 0 17 2
FU 0 6 8
FU 0 12 8
FU 0 42 4
FU 0 5 2
FU 0 1 1000
FU 0 44 1000
FU 0 46 9
FU 0 22 4
FU 0 47 2
FU 0 37 9
FU 0 55 2
FU 0 18 6
FU 0 7 6
FU 0 60 5
FU 0 38 2
FU 0 13 3
FU 0 30 3
FU 0 15 10
FU 0 14 9
FU 0 2 2
FU 0 31 1000
FU 0 49 1000
FU 0 41 3
FU 0 59 2
FU 0 4 186
FU 0 8 194
FU 0 9 203
FU 0 10 360
FU 0 16 28
FU 0 19 39
FU 0 21 222
FU 0 24 275
FU 0 25 368
FU 0 26 1000
FU 0 28 244
FU 0 29 223
FU 0 32 259
FU 0 33 118
FU 0 34 89
FU 0 36 2
FU 0 39 130
FU 0 40 59
FU 0 43 1000
FU 0 45 1000
FU 0 48 169
FU 0 50 322
FU 0 51 184
FU 0 53 235
FU 0 57 1000
FU 2 4 142
FU 2 5 0
FU 2 10 34
FU 2 11 0
FU 2 12 1
FU 2 13 0
FU 2 14 0
FU 2 15 0
FU 2 17 0
FU 2 25 48
FU 2 28 23
FU 2 37 0
FU 2 58 7
FU 2 59 998
FU 2 60 0
FU 3 7 421
FU 3 9 116
FU 3 16 0
FU 3 18 0
FU 3 20 0
FU 3 32 120
FU 3 35 0
FU 3 38 0
FU 3 41 0
FU 3 42 0
FU 3 47 0
FU 3 50 24
FU 3 53 137
FU 3 54 270
FU 4 2 0
FU 4 6 1
FU 4 10 48
FU 4 12 0
FU 4 17 0
FU 4 28 48
FU 5 2 0
FU 5 6 0
FU 5 8 20
FU 5 10 29
FU 5 11 0
FU 5 12 0
FU 5 13 0
FU 5 14 0
FU 5 17 0
FU 5 37 0
FU 5 58 8
FU 6 4 122
FU 6 5 0
FU 6 8 21
FU 6 10 33
FU 6 11 0
FU 6 12 0
FU 6 13 0
FU 6 14 0
FU 6 17 0
FU 6 24 301
FU 6 29 247
FU 6 30 0
FU 6 34 40
FU 6 37 0
FU 6 59 0
FU 7 3 0
FU 7 9 87
FU 7 14 0
FU 7 16 94
FU 7 18 0
FU 7 20 0
FU 7 25 69
FU 7 28 18
FU 7 32 74
FU 7 38 0
FU 7 41 0
FU 7 42 0
FU 7 50 43
FU 7 53 131
FU 7 54 0
FU 7 60 0
FU 8 5 0
FU 8 12 0
FU 8 13 0
FU 8 24 158
FU 8 29 260
FU 8 30 342
FU 8 34 18
FU 8 37 0
FU 9 3 0
FU 9 16 121
FU 9 18 0
FU 9 41 0
FU 9 50 47
FU 9 60 0
FU 10 2 0
FU 10 4 83
FU 10 5 0
FU 10 8 61
FU 10 11 0
FU 10 13 0
FU 10 14 0
FU 10 15 0
FU 10 17 0
FU 10 25 50
FU 10 28 54
FU 10 37 0
FU 10 40 19
FU 10 58 209
FU 11 2 0
FU 11 5 0
FU 11 6 0
FU 11 8 52
FU 11 10 49
FU 11 12 488
FU 11 13 0
FU 11 15 118
FU 11 17 0
FU 11 22 173
FU 11 28 3
FU 11 34 21
FU 11 36 0
FU 11 40 1
FU 11 51 17
FU 11 52 293
FU 12 2 0
FU 12 4 91
FU 12 5 0
FU 12 6 0
FU 12 8 38
FU 12 10 37
FU 12 11 0
FU 12 13 0
FU 12 14 0
FU 12 15 0
FU 12 17 0
FU 12 25 33
FU 12 28 25
FU 12 37 0
FU 12 58 7
FU 13 2 998
FU 13 5 998
FU 13 6 549
FU 13 8 23
FU 13 10 35
FU 13 11 208
FU 13 12 503
FU 13 14 0
FU 13 15 73
FU 13 17 998
FU 13 22 0
FU 13 23 0
FU 13 24 266
FU 13 28 16
FU 13 29 270
FU 13 30 655
FU 13 34 23
FU 13 36 0
FU 13 37 279
FU 13 40 15
FU 13 51 48
FU 13 52 0
FU 14 2 0
FU 14 5 0
FU 14 6 2
FU 14 7 427
FU 14 8 57
FU 14 10 29
FU 14 12 0
FU 14 13 0
FU 14 15 138
FU 14 16 11
FU 14 17 0
FU 14 28 25
FU 14 40 21
FU 14 50 53
FU 14 54 306
FU 14 58 10
FU 14 60 365
FU 15 2 0
FU 15 4 116
FU 15 10 46
FU 15 11 0
FU 15 12 0
FU 15 13 0
FU 15 14 0
FU 15 19 4
FU 15 22 0
FU 15 23 0
FU 15 25 49
FU 15 28 19
FU 15 34 47
FU 15 37 0
FU 15 39 122
FU 15 40 1
FU 15 46 49
FU 15 51 59
FU 15 52 0
FU 15 58 3
FU 15 60 0
FU 16 3 106
FU 16 7 144
FU 16 9 52
FU 16 14 166
FU 16 18 203
FU 16 20 205
FU 16 25 47
FU 16 32 59
FU 16 35 0
FU 16 36 0
FU 16 42 208
FU 16 50 36
FU 16 54 146
FU 16 55 42
FU 16 60 229
FU 17 2 0
FU 17 4 125
FU 17 5 0
FU 17 6 0
FU 17 10 28
FU 17 11 0
FU 17 12 0
FU 17 13 0
FU 17 14 0
FU 17 23 0
FU 17 28 23
FU 17 37 0
FU 17 58 5
FU 17 59 0
FU 18 3 0
FU 18 7 0
FU 18 9 102
FU 18 16 399
FU 18 20 0
FU 18 25 55
FU 18 32 93
FU 18 38 0
FU 18 41 0
FU 18 42 0
FU 18 50 33
FU 18 53 111
FU 18 54 0
FU 18 60 0
FU 19 15 188
FU 19 21 118
FU 19 22 210
FU 19 23 239
FU 19 27 0
FU 19 28 142
FU 19 33 61
FU 19 34 227
FU 19 36 0
FU 19 39 50
FU 19 46 120
FU 19 48 141
FU 19 51 96
FU 19 52 234
FU 19 55 72
FU 20 3 0
FU 20 7 0
FU 20 16 0
FU 20 18 0
FU 20 41 0
FU 20 50 29
FU 20 54 0
FU 20 60 0
FU 21 19 99
FU 21 27 0
FU 21 48 271
FU 21 55 91
FU 22 11 97
FU 22 13 0
FU 22 15 0
FU 22 19 22
FU 22 23 0
FU 22 28 39
FU 22 34 7
FU 22 37 0
FU 22 39 117
FU 22 40 6
FU 22 46 36
FU 22 51 38
FU 22 52 0
FU 23 10 33
FU 23 13 0
FU 23 15 0
FU 23 17 0
FU 23 19 67
FU 23 22 0
FU 23 28 30
FU 23 34 43
FU 23 36 0
FU 23 40 2
FU 23 51 48
FU 23 52 0
FU 23 60 0
FU 24 8 47
FU 25 2 0
FU 25 7 2
FU 25 10 53
FU 25 15 0
FU 25 16 10
FU 25 18 0
FU 25 28 20
FU 25 50 85
FU 25 54 0
FU 25 58 215
FU 25 60 0
FU 27 19 278
FU 27 21 446
FU 27 33 400
FU 27 35 998
FU 27 36 998
FU 27 55 392
FU 27 0 1000
FU 28 4 135
FU 28 10 47
FU 28 17 0
FU 28 25 29
FU 28 46 68
FU 28 58 205
FU 29 8 51
FU 30 6 2
FU 30 8 28
FU 30 13 0
FU 32 3 0
FU 32 7 0
FU 32 16 13
FU 32 18 0
FU 32 41 0
FU 32 50 70
FU 32 54 0
FU 32 60 0
FU 33 19 11
FU 33 27 0
FU 33 36 0
FU 33 40 20
FU 33 46 276
FU 33 55 97
FU 34 6 437
FU 34 8 343
FU 34 46 0
FU 35 3 502
FU 35 16 134
FU 35 27 0
FU 35 36 0
FU 35 41 997
FU 35 48 201
FU 35 55 124
FU 36 11 518
FU 36 13 997
FU 36 16 25
FU 36 19 42
FU 36 23 403
FU 36 27 0
FU 36 33 112
FU 36 34 211
FU 36 35 0
FU 36 37 235
FU 36 40 791
FU 36 46 287
FU 36 51 286
FU 36 55 78
FU 37 2 0
FU 37 5 0
FU 37 6 0
FU 37 8 28
FU 37 10 53
FU 37 12 0
FU 37 13 0
FU 37 15 0
FU 37 17 0
FU 37 22 0
FU 37 28 20
FU 37 34 24
FU 37 36 0
FU 37 40 7
FU 37 51 27
FU 37 52 0
FU 38 3 0
FU 38 7 0
FU 38 18 0
FU 38 41 0
FU 38 50 32
FU 39 40 8
FU 40 10 44
FU 40 11 0
FU 40 13 0
FU 40 14 824
FU 40 15 126
FU 40 22 194
FU 40 23 354
FU 40 28 72
FU 40 33 153
FU 40 34 83
FU 40 36 0
FU 40 37 244
FU 40 39 145
FU 40 51 84
FU 40 52 270
FU 40 60 401
FU 41 3 385
FU 41 7 0
FU 41 9 90
FU 41 18 791
FU 41 20 792
FU 41 32 77
FU 41 35 0
FU 41 38 998
FU 41 42 788
FU 41 47 998
FU 41 50 45
FU 41 53 128
FU 41 54 267
FU 42 3 0
FU 42 7 0
FU 42 16 0
FU 42 18 0
FU 42 41 0
FU 42 50 24
FU 42 54 0
FU 42 60 0
FU 46 15 205
FU 46 19 37
FU 46 22 228
FU 46 28 27
FU 46 33 65
FU 46 34 42
FU 46 36 0
FU 46 39 129
FU 46 51 58
FU 46 52 0
FU 47 3 0
FU 47 41 0
FU 47 50 23
FU 48 19 15
FU 48 21 77
FU 48 35 0
FU 48 55 102
FU 50 3 1
FU 50 7 0
FU 50 9 142
FU 50 14 1
FU 50 16 27
FU 50 18 0
FU 50 20 0
FU 50 25 64
FU 50 32 139
FU 50 38 0
FU 50 41 0
FU 50 42 0
FU 50 47 0
FU 50 53 127
FU 50 54 0
FU 50 60 0
FU 51 11 172
FU 51 13 0
FU 51 15 142
FU 51 19 73
FU 51 22 191
FU 51 28 42
FU 51 34 74
FU 51 36 0
FU 51 37 233
FU 51 39 143
FU 51 40 14
FU 51 46 155
FU 51 52 199
FU 52 11 0
FU 52 13 0
FU 52 15 0
FU 52 19 293
FU 52 22 0
FU 52 23 0
FU 52 28 31
FU 52 34 51
FU 52 37 0
FU 52 39 164
FU 52 40 18
FU 52 46 0
FU 52 51 55
FU 53 3 0
FU 53 18 0
FU 53 41 0
FU 53 50 93
FU 54 3 0
FU 54 7 0
FU 54 9 73
FU 54 14 0
FU 54 16 0
FU 54 18 0
FU 54 20 0
FU 54 25 70
FU 54 32 92
FU 54 41 0
FU 54 42 0
FU 54 50 23
FU 54 53 131
FU 54 60 0
FU 55 16 128
FU 55 19 20
FU 55 21 137
FU 55 27 0
FU 55 33 91
FU 55 35 0
FU 55 36 0
FU 55 48 218
FU 58 2 0
FU 58 5 0
FU 58 10 42
FU 58 12 0
FU 58 14 0
FU 58 15 0
FU 58 17 0
FU 58 25 62
FU 58 28 46
FU 59 2 0
FU 59 6 1
FU 59 8 37
FU 59 17 0
FU 60 2 0
FU 60 7 0
FU 60 9 135
FU 60 14 0
FU 60 15 0
FU 60 16 10
FU 60 18 0
FU 60 20 0
FU 60 23 0
FU 60 25 56
FU 60 28 33
FU 60 32 87
FU 60 40 18
FU 60 42 0
FU 60 50 18
FU 60 54 0
