Nodes: 81
Arcs: 2504
MVE: 3
MAE: 490
SAE: 106488
Terminals_rem: 0
Nodes_rem: 11
Arcs_rem: 825
First LB: 2
LB: 2
Iter. LB: 0
First UB: 29
UB: 12
Iter. UB: 353
gap: 83.3333
BM. Time: 0
Runtime: 507
FL 0 62 6
FL 0 61 9
FL 0 26 0
FL 0 37 13
FL 0 76 5
FL 0 1 5
FL 0 57 0
FL 0 12 11
FL 0 24 7
FL 0 69 11
FL 0 39 2
FL 0 6 4
FL 0 68 3
FL 0 41 6
FL 0 10 17
FL 0 72 2
FL 0 80 5
FL 0 65 22
FL 0 23 2
FL 0 49 0
FL 0 56 2
FL 0 46 1
FL 0 53 7
FL 0 27 1
FL 0 48 10
FL 0 45 0
FL 0 9 10
FL 0 3 1
FL 0 13 9
FL 0 52 0
FL 0 42 3
FL 0 20 6
FL 0 17 420
FL 0 71 2
FL 0 38 17
FL 0 79 3
FL 0 15 10
FL 0 22 5
FL 0 2 0
FL 0 5 0
FL 0 67 0
FL 0 66 12
FL 0 36 11
FL 0 4 0
FL 0 28 0
FL 0 75 11
FL 0 64 21
FL 0 33 0
FL 0 7 999
FL 0 8 150
FL 0 11 999
FL 0 14 998
FL 0 16 140
FL 0 18 15
FL 0 19 108
FL 0 21 999
FL 0 25 1
FL 0 29 51
FL 0 30 111
FL 0 31 998
FL 0 32 67
FL 0 34 30
FL 0 40 56
FL 0 43 32
FL 0 44 181
FL 0 47 111
FL 0 50 998
FL 0 51 178
FL 0 54 0
FL 0 55 82
FL 0 58 22
FL 0 59 998
FL 0 60 998
FL 0 63 998
FL 0 70 124
FL 0 73 998
FL 0 74 999
FL 0 77 99
FL 0 78 86
FL 1 2 2
FL 1 5 0
FL 1 6 4
FL 1 8 108
FL 1 9 5
FL 1 10 1
FL 1 13 3
FL 1 17 206
FL 1 18 19
FL 1 19 44
FL 1 20 5
FL 1 22 5
FL 1 23 1
FL 1 24 8
FL 1 26 43
FL 1 29 60
FL 1 30 75
FL 1 33 0
FL 1 34 78
FL 1 35 0
FL 1 36 1
FL 1 37 2
FL 1 39 4
FL 1 41 9
FL 1 42 172
FL 1 44 54
FL 1 45 1
FL 1 46 166
FL 1 47 104
FL 1 48 16
FL 1 49 126
FL 1 51 97
FL 1 52 1
FL 1 54 1
FL 1 57 0
FL 1 58 6
FL 1 61 14
FL 1 64 117
FL 1 65 62
FL 1 66 16
FL 1 67 88
FL 1 68 7
FL 1 71 119
FL 1 75 8
FL 1 76 7
FL 1 77 122
FL 1 80 24
FL 2 1 6
FL 2 5 0
FL 2 6 6
FL 2 9 7
FL 2 18 29
FL 2 19 64
FL 2 20 2
FL 2 22 1
FL 2 23 3
FL 2 24 6
FL 2 30 149
FL 2 34 63
FL 2 35 0
FL 2 39 5
FL 2 41 5
FL 2 42 1
FL 2 45 0
FL 2 46 4
FL 2 48 7
FL 2 51 72
FL 2 52 0
FL 2 54 0
FL 2 57 0
FL 2 61 11
FL 2 65 72
FL 2 66 5
FL 2 68 2
FL 2 77 78
FL 2 80 10
FL 3 4 0
FL 3 5 0
FL 3 13 0
FL 3 15 0
FL 3 16 40
FL 3 25 0
FL 3 26 0
FL 3 45 0
FL 3 62 0
FL 3 71 0
FL 4 3 253
FL 4 5 0
FL 4 15 0
FL 4 16 41
FL 4 25 0
FL 4 26 0
FL 4 27 115
FL 4 28 0
FL 4 29 23
FL 4 33 0
FL 4 35 0
FL 4 43 27
FL 4 49 12
FL 4 55 56
FL 4 56 40
FL 4 62 109
FL 4 67 0
FL 4 71 1
FL 4 72 0
FL 4 78 55
FL 4 79 36
FL 5 1 0
FL 5 2 0
FL 5 3 146
FL 5 4 0
FL 5 6 204
FL 5 8 29
FL 5 10 0
FL 5 13 0
FL 5 15 0
FL 5 16 61
FL 5 18 12
FL 5 19 82
FL 5 20 490
FL 5 22 0
FL 5 23 465
FL 5 25 0
FL 5 26 0
FL 5 28 0
FL 5 29 11
FL 5 30 45
FL 5 33 0
FL 5 35 0
FL 5 36 0
FL 5 44 26
FL 5 45 0
FL 5 48 243
FL 5 49 0
FL 5 51 4
FL 5 52 0
FL 5 54 0
FL 5 57 0
FL 5 58 0
FL 5 61 397
FL 5 65 122
FL 5 66 373
FL 5 67 0
FL 5 68 274
FL 5 69 0
FL 5 70 34
FL 5 71 0
FL 5 75 0
FL 5 76 0
FL 5 77 43
FL 6 1 0
FL 6 2 0
FL 6 5 0
FL 6 9 0
FL 6 10 0
FL 6 18 23
FL 6 20 0
FL 6 22 0
FL 6 24 0
FL 6 30 7
FL 6 34 17
FL 6 37 0
FL 6 39 0
FL 6 41 0
FL 6 45 0
FL 6 48 0
FL 6 51 11
FL 6 52 0
FL 6 54 0
FL 6 57 0
FL 6 61 0
FL 6 65 3
FL 6 66 0
FL 6 80 0
FL 8 5 0
FL 8 10 1
FL 8 12 0
FL 8 13 0
FL 8 20 0
FL 8 30 44
FL 8 32 70
FL 8 48 0
FL 8 52 0
FL 8 58 1
FL 8 64 1
FL 8 69 0
FL 8 70 48
FL 9 1 0
FL 9 2 0
FL 9 6 0
FL 9 8 21
FL 9 10 0
FL 9 13 0
FL 9 17 4
FL 9 18 20
FL 9 19 23
FL 9 20 0
FL 9 22 0
FL 9 23 0
FL 9 24 0
FL 9 25 0
FL 9 30 36
FL 9 32 73
FL 9 34 25
FL 9 36 0
FL 9 37 0
FL 9 38 0
FL 9 39 0
FL 9 40 42
FL 9 41 0
FL 9 42 0
FL 9 44 10
FL 9 45 0
FL 9 46 0
FL 9 47 19
FL 9 48 0
FL 9 51 56
FL 9 52 0
FL 9 54 0
FL 9 57 0
FL 9 58 1
FL 9 61 0
FL 9 64 0
FL 9 65 4
FL 9 66 0
FL 9 67 0
FL 9 68 0
FL 9 71 0
FL 9 75 0
FL 9 76 0
FL 9 77 100
FL 9 80 0
FL 10 1 0
FL 10 5 35
FL 10 6 321
FL 10 8 36
FL 10 9 0
FL 10 12 999
FL 10 13 0
FL 10 17 8
FL 10 20 0
FL 10 22 0
FL 10 24 0
FL 10 30 28
FL 10 32 78
FL 10 36 0
FL 10 37 0
FL 10 38 0
FL 10 40 54
FL 10 41 0
FL 10 44 24
FL 10 45 0
FL 10 47 3
FL 10 48 0
FL 10 51 9
FL 10 52 0
FL 10 54 0
FL 10 57 0
FL 10 58 1
FL 10 61 0
FL 10 64 164
FL 10 65 4
FL 10 66 0
FL 10 68 0
FL 10 69 999
FL 10 70 150
FL 10 75 518
FL 10 76 425
FL 10 80 999
FL 12 8 32
FL 12 10 0
FL 12 13 0
FL 12 17 4
FL 12 24 0
FL 12 36 0
FL 12 38 0
FL 12 40 51
FL 12 44 34
FL 12 47 4
FL 12 51 6
FL 12 53 0
FL 12 58 1
FL 12 64 0
FL 12 69 0
FL 12 70 59
FL 12 75 0
FL 12 76 1
FL 13 1 0
FL 13 3 0
FL 13 5 0
FL 13 8 15
FL 13 9 0
FL 13 10 0
FL 13 12 0
FL 13 17 7
FL 13 20 0
FL 13 22 0
FL 13 24 0
FL 13 32 33
FL 13 36 0
FL 13 37 0
FL 13 38 0
FL 13 40 75
FL 13 41 0
FL 13 44 21
FL 13 45 0
FL 13 47 6
FL 13 48 0
FL 13 51 6
FL 13 52 0
FL 13 53 0
FL 13 58 2
FL 13 61 0
FL 13 64 0
FL 13 66 0
FL 13 69 0
FL 13 71 0
FL 13 75 0
FL 13 76 0
FL 15 3 1
FL 15 4 0
FL 15 5 0
FL 15 16 56
FL 15 22 0
FL 15 25 1
FL 15 26 0
FL 15 28 0
FL 15 29 12
FL 15 33 0
FL 15 36 0
FL 15 43 104
FL 15 44 17
FL 15 45 0
FL 15 49 0
FL 15 51 12
FL 15 57 0
FL 15 62 0
FL 15 67 0
FL 15 71 0
FL 15 75 1
FL 15 78 33
FL 16 3 0
FL 16 4 0
FL 16 5 43
FL 16 18 30
FL 16 25 1
FL 16 26 0
FL 16 28 0
FL 16 29 7
FL 16 33 0
FL 16 44 21
FL 16 45 0
FL 16 49 0
FL 16 56 0
FL 16 62 0
FL 16 67 0
FL 16 71 0
FL 16 78 37
FL 16 79 0
FL 17 1 0
FL 17 8 9
FL 17 9 0
FL 17 10 0
FL 17 12 0
FL 17 13 0
FL 17 22 0
FL 17 24 0
FL 17 32 149
FL 17 36 0
FL 17 37 0
FL 17 38 0
FL 17 40 51
FL 17 41 0
FL 17 44 7
FL 17 47 14
FL 17 48 0
FL 17 51 4
FL 17 52 0
FL 17 53 0
FL 17 58 1
FL 17 64 0
FL 17 66 0
FL 17 69 0
FL 17 70 107
FL 17 75 0
FL 17 76 1
FL 18 2 0
FL 18 6 0
FL 18 16 31
FL 18 19 41
FL 18 20 0
FL 18 22 0
FL 18 23 0
FL 18 25 0
FL 18 26 0
FL 18 28 0
FL 18 29 8
FL 18 30 23
FL 18 33 85
FL 18 34 62
FL 18 35 0
FL 18 39 0
FL 18 41 330
FL 18 42 0
FL 18 46 0
FL 18 48 0
FL 18 49 10
FL 18 52 0
FL 18 54 0
FL 18 55 93
FL 18 56 68
FL 18 67 0
FL 18 68 0
FL 18 79 34
FL 18 80 1
FL 19 2 0
FL 19 5 0
FL 19 18 5
FL 19 20 0
FL 19 24 0
FL 19 30 21
FL 19 39 0
FL 19 45 0
FL 19 48 0
FL 19 52 0
FL 19 54 0
FL 20 1 0
FL 20 2 0
FL 20 5 0
FL 20 6 0
FL 20 8 25
FL 20 9 0
FL 20 10 0
FL 20 13 998
FL 20 18 7
FL 20 19 47
FL 20 22 0
FL 20 23 0
FL 20 24 0
FL 20 30 25
FL 20 34 69
FL 20 37 0
FL 20 39 0
FL 20 41 0
FL 20 42 0
FL 20 45 0
FL 20 46 0
FL 20 48 0
FL 20 51 12
FL 20 52 0
FL 20 54 0
FL 20 57 0
FL 20 61 0
FL 20 64 0
FL 20 65 3
FL 20 66 0
FL 20 68 0
FL 20 77 24
FL 20 80 0
FL 22 1 0
FL 22 2 259
FL 22 5 35
FL 22 6 171
FL 22 8 31
FL 22 9 0
FL 22 10 0
FL 22 13 0
FL 22 15 0
FL 22 17 3
FL 22 18 10
FL 22 19 53
FL 22 20 1
FL 22 23 263
FL 22 24 365
FL 22 28 0
FL 22 29 32
FL 22 30 9
FL 22 33 0
FL 22 36 0
FL 22 39 351
FL 22 41 366
FL 22 42 0
FL 22 44 18
FL 22 45 0
FL 22 46 0
FL 22 48 301
FL 22 49 8
FL 22 51 17
FL 22 52 145
FL 22 54 0
FL 22 57 0
FL 22 58 3
FL 22 61 249
FL 22 64 113
FL 22 65 80
FL 22 66 0
FL 22 67 107
FL 22 68 366
FL 22 71 126
FL 22 75 0
FL 22 76 308
FL 22 77 22
FL 22 80 0
FL 23 1 0
FL 23 2 109
FL 23 5 17
FL 23 9 0
FL 23 18 23
FL 23 20 1
FL 23 22 0
FL 23 24 318
FL 23 30 11
FL 23 34 31
FL 23 37 0
FL 23 39 316
FL 23 41 0
FL 23 45 0
FL 23 48 0
FL 23 51 9
FL 23 52 0
FL 23 54 0
FL 23 57 0
FL 23 61 0
FL 23 65 2
FL 23 66 0
FL 23 80 0
FL 24 1 0
FL 24 2 0
FL 24 6 0
FL 24 8 15
FL 24 9 0
FL 24 10 0
FL 24 12 0
FL 24 13 0
FL 24 17 5
FL 24 19 38
FL 24 20 0
FL 24 22 0
FL 24 23 0
FL 24 30 14
FL 24 32 48
FL 24 34 63
FL 24 36 0
FL 24 37 0
FL 24 38 0
FL 24 39 0
FL 24 40 21
FL 24 41 0
FL 24 42 0
FL 24 46 0
FL 24 47 1
FL 24 48 0
FL 24 51 13
FL 24 53 0
FL 24 54 0
FL 24 58 2
FL 24 61 0
FL 24 64 0
FL 24 65 4
FL 24 66 0
FL 24 68 0
FL 24 69 0
FL 24 75 0
FL 24 76 0
FL 24 77 63
FL 24 80 0
FL 25 5 65
FL 25 9 998
FL 25 16 54
FL 25 18 22
FL 25 26 41
FL 25 28 0
FL 25 29 13
FL 25 33 51
FL 25 35 0
FL 25 49 11
FL 25 55 54
FL 25 56 42
FL 25 71 244
FL 25 72 75
FL 25 78 26
FL 25 79 84
FL 26 1 20
FL 26 3 301
FL 26 4 0
FL 26 5 0
FL 26 15 0
FL 26 16 22
FL 26 18 22
FL 26 25 0
FL 26 27 0
FL 26 28 0
FL 26 29 5
FL 26 33 0
FL 26 35 0
FL 26 43 10
FL 26 44 74
FL 26 45 0
FL 26 49 0
FL 26 51 62
FL 26 55 25
FL 26 56 0
FL 26 62 0
FL 26 67 0
FL 26 71 0
FL 26 78 42
FL 26 79 0
FL 27 4 117
FL 27 26 57
FL 27 28 0
FL 27 29 14
FL 27 33 61
FL 27 35 0
FL 27 43 15
FL 27 49 5
FL 27 55 44
FL 27 56 97
FL 27 62 72
FL 27 67 0
FL 27 72 38
FL 27 78 12
FL 27 79 29
FL 28 4 46
FL 28 5 30
FL 28 15 0
FL 28 16 39
FL 28 18 15
FL 28 22 0
FL 28 25 0
FL 28 26 51
FL 28 27 32
FL 28 29 19
FL 28 33 28
FL 28 35 0
FL 28 36 998
FL 28 43 36
FL 28 45 0
FL 28 49 8
FL 28 52 121
FL 28 55 27
FL 28 56 49
FL 28 62 37
FL 28 67 0
FL 28 71 101
FL 28 72 0
FL 28 75 0
FL 28 78 14
FL 28 79 25
FL 29 1 63
FL 29 4 33
FL 29 5 88
FL 29 16 45
FL 29 18 18
FL 29 22 169
FL 29 25 0
FL 29 26 65
FL 29 27 75
FL 29 28 1
FL 29 33 85
FL 29 35 0
FL 29 43 49
FL 29 44 43
FL 29 45 254
FL 29 49 36
FL 29 51 65
FL 29 52 186
FL 29 55 20
FL 29 56 44
FL 29 62 47
FL 29 67 66
FL 29 71 147
FL 29 72 83
FL 29 78 21
FL 29 79 66
FL 30 2 0
FL 30 5 0
FL 30 6 0
FL 30 8 32
FL 30 10 0
FL 30 18 28
FL 30 19 43
FL 30 20 0
FL 30 22 0
FL 30 23 0
FL 30 24 0
FL 30 37 0
FL 30 39 0
FL 30 41 0
FL 30 42 0
FL 30 45 0
FL 30 46 0
FL 30 48 0
FL 30 52 0
FL 30 54 0
FL 30 57 0
FL 30 68 0
FL 30 77 44
FL 30 80 0
FL 32 48 1
FL 33 1 0
FL 33 4 0
FL 33 5 0
FL 33 15 0
FL 33 16 35
FL 33 18 30
FL 33 22 0
FL 33 25 0
FL 33 26 0
FL 33 27 0
FL 33 28 0
FL 33 29 23
FL 33 35 0
FL 33 43 21
FL 33 44 113
FL 33 45 0
FL 33 49 21
FL 33 51 25
FL 33 52 0
FL 33 55 32
FL 33 56 53
FL 33 62 27
FL 33 67 0
FL 33 71 0
FL 33 78 13
FL 33 79 53
FL 34 18 7
FL 35 1 233
FL 35 2 470
FL 35 4 392
FL 35 5 505
FL 35 18 388
FL 35 25 998
FL 35 26 433
FL 35 27 369
FL 35 28 999
FL 35 29 483
FL 35 33 349
FL 35 43 458
FL 35 45 385
FL 35 49 500
FL 35 52 431
FL 35 54 999
FL 35 55 346
FL 35 56 330
FL 35 57 999
FL 35 65 231
FL 35 67 371
FL 35 72 485
FL 35 78 495
FL 35 79 382
FL 35 0 1000
FL 36 1 0
FL 36 5 0
FL 36 8 21
FL 36 9 0
FL 36 10 0
FL 36 12 0
FL 36 13 0
FL 36 15 0
FL 36 17 7
FL 36 22 0
FL 36 24 0
FL 36 28 0
FL 36 37 0
FL 36 41 0
FL 36 44 16
FL 36 45 0
FL 36 48 0
FL 36 51 17
FL 36 52 0
FL 36 58 2
FL 36 64 1
FL 36 66 0
FL 36 69 0
FL 36 70 63
FL 36 71 0
FL 36 75 0
FL 36 76 2
FL 37 1 0
FL 37 6 0
FL 37 8 44
FL 37 9 0
FL 37 10 0
FL 37 13 0
FL 37 17 2
FL 37 19 57
FL 37 20 0
FL 37 23 0
FL 37 24 0
FL 37 30 30
FL 37 32 44
FL 37 34 60
FL 37 36 0
FL 37 38 0
FL 37 39 0
FL 37 40 30
FL 37 41 0
FL 37 42 0
FL 37 46 0
FL 37 47 3
FL 37 48 0
FL 37 51 31
FL 37 52 0
FL 37 54 0
FL 37 57 0
FL 37 58 1
FL 37 61 0
FL 37 64 0
FL 37 65 5
FL 37 66 0
FL 37 68 0
FL 37 75 500
FL 37 76 0
FL 37 77 13
FL 37 80 0
FL 38 8 37
FL 38 9 0
FL 38 10 0
FL 38 12 3
FL 38 13 0
FL 38 17 5
FL 38 24 0
FL 38 32 37
FL 38 34 48
FL 38 37 0
FL 38 40 86
FL 38 41 0
FL 38 47 4
FL 38 48 1
FL 38 53 2
FL 38 58 1
FL 38 61 2
FL 38 64 1
FL 38 80 2
FL 39 1 0
FL 39 2 0
FL 39 6 0
FL 39 9 0
FL 39 18 8
FL 39 19 31
FL 39 20 0
FL 39 22 0
FL 39 23 0
FL 39 24 0
FL 39 30 14
FL 39 34 39
FL 39 37 0
FL 39 41 0
FL 39 42 0
FL 39 45 0
FL 39 46 0
FL 39 48 0
FL 39 51 9
FL 39 52 0
FL 39 54 0
FL 39 57 0
FL 39 61 0
FL 39 65 2
FL 39 66 0
FL 39 68 0
FL 39 77 34
FL 39 80 0
FL 40 75 2
FL 41 1 0
FL 41 2 0
FL 41 6 0
FL 41 8 29
FL 41 9 0
FL 41 10 0
FL 41 13 0
FL 41 17 4
FL 41 18 15
FL 41 19 18
FL 41 20 0
FL 41 22 0
FL 41 23 0
FL 41 24 0
FL 41 30 15
FL 41 32 68
FL 41 34 19
FL 41 36 0
FL 41 37 0
FL 41 38 0
FL 41 39 0
FL 41 40 22
FL 41 42 0
FL 41 44 20
FL 41 46 0
FL 41 47 1
FL 41 48 0
FL 41 51 9
FL 41 52 0
FL 41 54 0
FL 41 57 0
FL 41 58 2
FL 41 61 0
FL 41 64 0
FL 41 65 4
FL 41 66 0
FL 41 68 0
FL 41 75 0
FL 41 76 1
FL 41 77 20
FL 41 80 0
FL 42 1 0
FL 42 2 0
FL 42 9 0
FL 42 18 3
FL 42 20 0
FL 42 22 0
FL 42 24 0
FL 42 30 12
FL 42 34 44
FL 42 37 0
FL 42 39 0
FL 42 41 0
FL 42 45 0
FL 42 48 0
FL 42 52 0
FL 42 54 0
FL 42 57 0
FL 42 61 0
FL 42 65 3
FL 42 66 0
FL 42 80 0
FL 43 4 87
FL 43 15 433
FL 43 26 0
FL 43 27 0
FL 43 29 23
FL 43 33 0
FL 43 35 0
FL 43 49 0
FL 43 55 21
FL 43 56 0
FL 43 62 55
FL 43 72 0
FL 43 78 56
FL 43 79 0
FL 44 1 0
FL 44 5 0
FL 44 8 21
FL 44 10 2
FL 44 12 0
FL 44 13 0
FL 44 16 54
FL 44 22 0
FL 44 26 42
FL 44 29 9
FL 44 33 41
FL 44 41 0
FL 44 45 0
FL 44 48 0
FL 44 52 0
FL 44 58 3
FL 44 64 1
FL 44 66 0
FL 44 67 104
FL 44 69 0
FL 44 70 40
FL 44 71 0
FL 44 75 2
FL 44 76 1
FL 45 1 0
FL 45 2 0
FL 45 3 0
FL 45 5 0
FL 45 6 0
FL 45 9 0
FL 45 10 0
FL 45 13 0
FL 45 15 0
FL 45 16 48
FL 45 18 22
FL 45 19 55
FL 45 20 0
FL 45 22 0
FL 45 23 0
FL 45 25 0
FL 45 26 0
FL 45 28 0
FL 45 29 8
FL 45 30 18
FL 45 33 0
FL 45 35 0
FL 45 36 0
FL 45 39 0
FL 45 42 0
FL 45 44 13
FL 45 46 0
FL 45 48 0
FL 45 49 16
FL 45 51 18
FL 45 52 0
FL 45 54 0
FL 45 57 0
FL 45 58 0
FL 45 64 0
FL 45 65 107
FL 45 66 0
FL 45 67 0
FL 45 68 0
FL 45 71 0
FL 45 75 0
FL 45 76 0
FL 45 77 25
FL 46 1 0
FL 46 2 0
FL 46 9 0
FL 46 18 22
FL 46 20 0
FL 46 22 0
FL 46 24 0
FL 46 30 28
FL 46 34 29
FL 46 37 0
FL 46 39 0
FL 46 41 0
FL 46 45 0
FL 46 48 0
FL 46 52 0
FL 46 54 0
FL 46 57 1
FL 46 61 1
FL 46 65 2
FL 46 66 1
FL 46 80 1
FL 47 48 132
FL 47 64 159
FL 47 66 177
FL 48 1 1
FL 48 2 1
FL 48 5 1
FL 48 6 1
FL 48 8 53
FL 48 9 1
FL 48 10 1
FL 48 13 1
FL 48 17 3
FL 48 18 10
FL 48 19 21
FL 48 20 1
FL 48 22 1
FL 48 23 1
FL 48 24 1
FL 48 30 30
FL 48 32 66
FL 48 34 33
FL 48 36 0
FL 48 37 0
FL 48 38 0
FL 48 39 0
FL 48 40 73
FL 48 41 0
FL 48 42 0
FL 48 44 32
FL 48 45 0
FL 48 46 0
FL 48 47 3
FL 48 51 5
FL 48 52 0
FL 48 54 0
FL 48 57 0
FL 48 58 1
FL 48 61 0
FL 48 64 0
FL 48 65 5
FL 48 66 0
FL 48 68 0
FL 48 75 0
FL 48 76 1
FL 48 77 73
FL 48 80 1
FL 49 1 193
FL 49 4 100
FL 49 5 88
FL 49 15 108
FL 49 16 42
FL 49 18 9
FL 49 22 500
FL 49 25 1
FL 49 26 37
FL 49 27 113
FL 49 28 1
FL 49 29 7
FL 49 33 47
FL 49 35 1
FL 49 43 40
FL 49 45 158
FL 49 55 10
FL 49 56 91
FL 49 62 26
FL 49 67 89
FL 49 71 135
FL 49 72 104
FL 49 78 38
FL 49 79 83
FL 51 1 1
FL 51 2 1
FL 51 5 1
FL 51 10 1
FL 51 12 2
FL 51 15 1
FL 51 20 1
FL 51 22 1
FL 51 23 1
FL 51 24 1
FL 51 26 13
FL 51 29 19
FL 51 30 22
FL 51 33 1
FL 51 39 1
FL 51 41 1
FL 51 44 28
FL 51 45 1
FL 51 52 1
FL 51 54 1
FL 51 57 1
FL 51 58 3
FL 51 61 1
FL 51 64 2
FL 51 65 73
FL 51 66 1
FL 51 67 94
FL 51 68 1
FL 51 69 1
FL 51 71 1
FL 51 75 0
FL 51 76 1
FL 51 77 60
FL 51 80 0
FL 52 1 0
FL 52 2 0
FL 52 5 0
FL 52 6 0
FL 52 8 33
FL 52 9 0
FL 52 10 0
FL 52 13 0
FL 52 17 301
FL 52 18 4
FL 52 19 23
FL 52 20 0
FL 52 22 0
FL 52 23 0
FL 52 28 0
FL 52 29 9
FL 52 30 30
FL 52 33 0
FL 52 34 48
FL 52 35 0
FL 52 36 0
FL 52 37 0
FL 52 39 0
FL 52 41 0
FL 52 42 0
FL 52 44 18
FL 52 45 0
FL 52 46 0
FL 52 48 0
FL 52 51 9
FL 52 54 0
FL 52 57 0
FL 52 61 0
FL 52 65 108
FL 52 66 0
FL 52 68 0
FL 52 75 0
FL 52 76 0
FL 52 77 43
FL 52 80 0
FL 53 8 19
FL 53 12 1
FL 53 13 0
FL 53 17 3
FL 53 24 0
FL 53 32 72
FL 53 38 0
FL 53 40 97
FL 53 58 2
FL 53 70 51
FL 54 2 176
FL 54 5 33
FL 54 6 319
FL 54 10 999
FL 54 18 19
FL 54 19 15
FL 54 20 519
FL 54 22 114
FL 54 23 280
FL 54 24 330
FL 54 30 24
FL 54 34 31
FL 54 35 0
FL 54 37 511
FL 54 39 352
FL 54 41 324
FL 54 42 842
FL 54 45 134
FL 54 46 845
FL 54 48 328
FL 54 52 130
FL 54 57 0
FL 54 61 250
FL 54 68 378
FL 54 77 12
FL 54 80 0
FL 55 4 54
FL 55 18 23
FL 55 25 0
FL 55 26 16
FL 55 27 50
FL 55 28 0
FL 55 29 9
FL 55 33 22
FL 55 35 0
FL 55 43 42
FL 55 49 65
FL 55 56 45
FL 55 62 78
FL 55 67 0
FL 55 72 53
FL 55 78 21
FL 55 79 49
FL 56 4 45
FL 56 16 41
FL 56 18 22
FL 56 25 0
FL 56 26 37
FL 56 27 63
FL 56 28 0
FL 56 29 25
FL 56 33 45
FL 56 35 0
FL 56 43 22
FL 56 49 14
FL 56 55 35
FL 56 62 89
FL 56 67 0
FL 56 72 38
FL 56 78 22
FL 56 79 35
FL 57 1 0
FL 57 2 0
FL 57 5 0
FL 57 6 0
FL 57 9 0
FL 57 10 0
FL 57 15 0
FL 57 18 7
FL 57 19 43
FL 57 20 0
FL 57 22 0
FL 57 23 0
FL 57 30 25
FL 57 34 54
FL 57 35 0
FL 57 37 505
FL 57 39 0
FL 57 41 0
FL 57 42 0
FL 57 45 0
FL 57 46 0
FL 57 48 0
FL 57 51 29
FL 57 52 0
FL 57 54 0
FL 57 58 998
FL 57 61 0
FL 57 64 107
FL 57 65 72
FL 57 66 0
FL 57 68 0
FL 57 76 284
FL 57 77 41
FL 57 80 0
FL 58 1 0
FL 58 5 31
FL 58 8 28
FL 58 10 1
FL 58 12 2
FL 58 13 0
FL 58 22 91
FL 58 38 0
FL 58 40 59
FL 58 45 84
FL 58 53 998
FL 58 57 1
FL 58 64 4
FL 58 66 451
FL 58 69 0
FL 58 70 55
FL 61 1 0
FL 61 2 0
FL 61 5 0
FL 61 6 0
FL 61 8 48
FL 61 9 0
FL 61 10 0
FL 61 13 0
FL 61 18 7
FL 61 19 26
FL 61 20 0
FL 61 22 0
FL 61 23 0
FL 61 24 0
FL 61 30 20
FL 61 32 68
FL 61 34 39
FL 61 37 0
FL 61 38 0
FL 61 39 0
FL 61 40 65
FL 61 41 0
FL 61 42 0
FL 61 46 0
FL 61 47 11
FL 61 48 0
FL 61 51 7
FL 61 52 0
FL 61 54 0
FL 61 57 0
FL 61 64 306
FL 61 65 4
FL 61 66 0
FL 61 68 0
FL 61 77 31
FL 61 80 0
FL 62 3 312
FL 62 4 31
FL 62 15 0
FL 62 16 46
FL 62 25 0
FL 62 26 71
FL 62 27 37
FL 62 28 0
FL 62 29 24
FL 62 33 60
FL 62 43 41
FL 62 49 32
FL 62 55 48
FL 62 56 42
FL 62 67 97
FL 62 71 142
FL 62 72 42
FL 64 1 0
FL 64 8 4
FL 64 9 0
FL 64 10 1
FL 64 12 0
FL 64 13 0
FL 64 17 9
FL 64 20 0
FL 64 22 0
FL 64 24 0
FL 64 32 91
FL 64 36 2
FL 64 37 0
FL 64 38 0
FL 64 40 33
FL 64 41 0
FL 64 44 14
FL 64 45 0
FL 64 47 175
FL 64 48 0
FL 64 51 19
FL 64 57 0
FL 64 58 2
FL 64 61 108
FL 64 66 0
FL 64 69 0
FL 64 70 65
FL 64 75 0
FL 64 76 1
FL 65 1 0
FL 65 2 0
FL 65 5 0
FL 65 6 0
FL 65 9 0
FL 65 10 0
FL 65 18 13
FL 65 19 61
FL 65 20 0
FL 65 22 0
FL 65 23 0
FL 65 24 0
FL 65 30 12
FL 65 34 13
FL 65 35 0
FL 65 37 0
FL 65 39 0
FL 65 41 0
FL 65 42 0
FL 65 45 0
FL 65 46 0
FL 65 48 0
FL 65 51 27
FL 65 52 0
FL 65 54 0
FL 65 57 0
FL 65 61 0
FL 65 66 0
FL 65 68 0
FL 65 77 5
FL 65 80 0
FL 66 1 0
FL 66 2 0
FL 66 5 0
FL 66 6 0
FL 66 8 20
FL 66 9 0
FL 66 10 0
FL 66 13 0
FL 66 17 5
FL 66 18 7
FL 66 19 76
FL 66 20 0
FL 66 22 0
FL 66 23 0
FL 66 24 0
FL 66 30 21
FL 66 34 34
FL 66 36 0
FL 66 37 0
FL 66 39 0
FL 66 40 39
FL 66 41 0
FL 66 42 0
FL 66 44 19
FL 66 45 0
FL 66 46 0
FL 66 47 197
FL 66 48 0
FL 66 51 16
FL 66 52 0
FL 66 54 0
FL 66 57 0
FL 66 58 2
FL 66 61 1
FL 66 64 0
FL 66 65 5
FL 66 68 0
FL 66 75 0
FL 66 76 1
FL 66 77 34
FL 66 80 1
FL 67 1 76
FL 67 4 0
FL 67 5 0
FL 67 9 0
FL 67 15 0
FL 67 16 22
FL 67 18 17
FL 67 22 93
FL 67 25 0
FL 67 26 0
FL 67 27 0
FL 67 28 0
FL 67 29 11
FL 67 33 0
FL 67 35 0
FL 67 43 56
FL 67 44 62
FL 67 45 0
FL 67 49 0
FL 67 51 10
FL 67 55 15
FL 67 56 0
FL 67 62 0
FL 67 71 0
FL 67 78 15
FL 67 79 0
FL 68 1 0
FL 68 2 0
FL 68 5 0
FL 68 9 0
FL 68 10 0
FL 68 18 8
FL 68 20 0
FL 68 22 0
FL 68 24 0
FL 68 30 24
FL 68 34 66
FL 68 37 0
FL 68 39 0
FL 68 41 0
FL 68 45 0
FL 68 48 0
FL 68 51 16
FL 68 52 0
FL 68 54 0
FL 68 57 0
FL 68 61 0
FL 68 65 1
FL 68 66 0
FL 68 80 1
FL 69 5 0
FL 69 8 36
FL 69 10 0
FL 69 12 1
FL 69 13 0
FL 69 17 2
FL 69 24 0
FL 69 36 0
FL 69 44 23
FL 69 51 17
FL 69 58 1
FL 69 64 0
FL 69 70 38
FL 69 71 0
FL 69 75 0
FL 69 76 1
FL 70 5 0
FL 70 8 73
FL 71 1 0
FL 71 3 0
FL 71 4 0
FL 71 5 0
FL 71 9 2
FL 71 13 0
FL 71 15 0
FL 71 16 37
FL 71 22 0
FL 71 25 0
FL 71 26 0
FL 71 28 0
FL 71 29 21
FL 71 33 0
FL 71 36 0
FL 71 44 56
FL 71 45 0
FL 71 49 0
FL 71 51 22
FL 71 62 0
FL 71 67 0
FL 71 69 0
FL 71 75 0
FL 72 4 75
FL 72 25 0
FL 72 27 52
FL 72 28 0
FL 72 29 17
FL 72 35 0
FL 72 43 23
FL 72 49 14
FL 72 55 14
FL 72 56 73
FL 72 62 456
FL 72 78 13
FL 72 79 87
FL 75 1 0
FL 75 5 0
FL 75 8 15
FL 75 9 0
FL 75 10 0
FL 75 12 0
FL 75 13 0
FL 75 15 0
FL 75 17 7
FL 75 22 0
FL 75 24 0
FL 75 28 0
FL 75 36 0
FL 75 37 0
FL 75 40 56
FL 75 41 0
FL 75 44 15
FL 75 45 0
FL 75 48 0
FL 75 51 13
FL 75 52 0
FL 75 58 1
FL 75 64 1
FL 75 66 0
FL 75 69 0
FL 75 70 71
FL 75 71 0
FL 75 76 1
FL 76 1 0
FL 76 5 0
FL 76 9 0
FL 76 10 0
FL 76 12 0
FL 76 13 0
FL 76 17 3
FL 76 22 0
FL 76 24 0
FL 76 36 0
FL 76 37 0
FL 76 41 0
FL 76 44 24
FL 76 45 0
FL 76 48 0
FL 76 51 21
FL 76 52 0
FL 76 57 0
FL 76 58 1
FL 76 64 0
FL 76 66 0
FL 76 69 0
FL 76 70 114
FL 76 75 0
FL 77 2 0
FL 77 5 0
FL 77 20 0
FL 77 22 0
FL 77 24 0
FL 77 30 53
FL 77 39 0
FL 77 45 0
FL 77 48 2
FL 77 52 0
FL 77 54 0
FL 77 57 0
FL 77 80 1
FL 78 15 474
FL 78 25 0
FL 78 26 66
FL 78 27 47
FL 78 28 0
FL 78 29 17
FL 78 33 59
FL 78 35 0
FL 78 49 9
FL 78 55 34
FL 78 56 15
FL 78 79 44
FL 79 4 20
FL 79 16 147
FL 79 18 14
FL 79 25 0
FL 79 26 42
FL 79 27 56
FL 79 28 0
FL 79 29 4
FL 79 33 76
FL 79 35 0
FL 79 43 26
FL 79 49 36
FL 79 55 46
FL 79 56 22
FL 79 67 0
FL 79 72 84
FL 79 78 8
FL 80 1 0
FL 80 2 0
FL 80 6 0
FL 80 9 0
FL 80 10 1
FL 80 18 21
FL 80 19 47
FL 80 20 0
FL 80 22 0
FL 80 23 0
FL 80 24 0
FL 80 30 24
FL 80 32 49
FL 80 34 11
FL 80 37 1
FL 80 38 999
FL 80 39 0
FL 80 40 108
FL 80 41 0
FL 80 42 0
FL 80 46 0
FL 80 47 11
FL 80 48 1
FL 80 51 14
FL 80 52 0
FL 80 54 0
FL 80 57 0
FL 80 61 3
FL 80 65 2
FL 80 66 1
FL 80 68 0
FL 80 77 19
FU 0 62 7
FU 0 61 7
FU 0 26 2
FU 0 37 8
FU 0 76 4
FU 0 1 32
FU 0 57 2
FU 0 12 5
FU 0 24 5
FU 0 69 3
FU 0 39 4
FU 0 6 4
FU 0 68 3
FU 0 41 5
FU 0 10 2
FU 0 72 2
FU 0 80 4
FU 0 65 29
FU 0 23 6
FU 0 49 3
FU 0 56 5
FU 0 46 4
FU 0 53 3
FU 0 27 3
FU 0 48 8
FU 0 45 2
FU 0 9 2
FU 0 3 3
FU 0 13 3
FU 0 52 2
FU 0 42 3
FU 0 20 4
FU 0 17 423
FU 0 71 4
FU 0 38 8
FU 0 79 12
FU 0 15 8
FU 0 22 4
FU 0 2 2
FU 0 5 2
FU 0 67 2
FU 0 66 17
FU 0 36 2
FU 0 4 2
FU 0 28 2
FU 0 75 5
FU 0 64 14
FU 0 33 2
FU 0 7 1000
FU 0 8 151
FU 0 11 1000
FU 0 14 1000
FU 0 16 149
FU 0 18 17
FU 0 19 112
FU 0 21 1000
FU 0 25 3
FU 0 29 54
FU 0 30 115
FU 0 31 1000
FU 0 32 66
FU 0 34 34
FU 0 40 56
FU 0 43 39
FU 0 44 171
FU 0 47 92
FU 0 50 1000
FU 0 51 178
FU 0 54 2
FU 0 55 76
FU 0 58 3
FU 0 59 1000
FU 0 60 1000
FU 0 63 1000
FU 0 70 125
FU 0 73 1000
FU 0 74 1000
FU 0 77 95
FU 0 78 81
FU 1 2 0
FU 1 5 0
FU 1 6 1
FU 1 8 108
FU 1 9 0
FU 1 10 0
FU 1 13 0
FU 1 17 207
FU 1 18 11
FU 1 19 41
FU 1 20 0
FU 1 22 9
FU 1 23 0
FU 1 24 4
FU 1 26 40
FU 1 29 53
FU 1 30 79
FU 1 33 0
FU 1 34 79
FU 1 35 0
FU 1 36 0
FU 1 37 2
FU 1 39 4
FU 1 41 6
FU 1 42 178
FU 1 44 48
FU 1 45 5
FU 1 46 167
FU 1 47 119
FU 1 48 8
FU 1 49 77
FU 1 51 95
FU 1 52 1
FU 1 54 0
FU 1 57 0
FU 1 58 1
FU 1 61 7
FU 1 64 108
FU 1 65 78
FU 1 66 18
FU 1 67 78
FU 1 68 6
FU 1 71 122
FU 1 75 3
FU 1 76 7
FU 1 77 134
FU 1 80 5
FU 2 1 7
FU 2 5 0
FU 2 6 5
FU 2 9 0
FU 2 18 23
FU 2 19 70
FU 2 20 0
FU 2 22 0
FU 2 23 8
FU 2 24 6
FU 2 30 143
FU 2 34 64
FU 2 35 0
FU 2 39 1
FU 2 41 4
FU 2 42 1
FU 2 45 0
FU 2 46 1
FU 2 48 2
FU 2 51 70
FU 2 52 0
FU 2 54 0
FU 2 57 0
FU 2 61 5
FU 2 65 61
FU 2 66 4
FU 2 68 0
FU 2 77 73
FU 2 80 3
FU 3 4 0
FU 3 5 0
FU 3 13 0
FU 3 15 0
FU 3 16 45
FU 3 25 0
FU 3 26 0
FU 3 45 0
FU 3 62 0
FU 3 71 0
FU 4 3 250
FU 4 5 0
FU 4 15 0
FU 4 16 38
FU 4 25 0
FU 4 26 0
FU 4 27 108
FU 4 28 0
FU 4 29 19
FU 4 33 0
FU 4 35 0
FU 4 43 22
FU 4 49 7
FU 4 55 51
FU 4 56 34
FU 4 62 103
FU 4 67 0
FU 4 71 1
FU 4 72 0
FU 4 78 50
FU 4 79 55
FU 5 1 0
FU 5 2 0
FU 5 3 145
FU 5 4 0
FU 5 6 199
FU 5 8 27
FU 5 10 0
FU 5 13 0
FU 5 15 0
FU 5 16 57
FU 5 18 18
FU 5 19 81
FU 5 20 461
FU 5 22 0
FU 5 23 484
FU 5 25 0
FU 5 26 0
FU 5 28 0
FU 5 29 10
FU 5 30 46
FU 5 33 0
FU 5 35 0
FU 5 36 0
FU 5 44 37
FU 5 45 0
FU 5 48 243
FU 5 49 0
FU 5 51 8
FU 5 52 0
FU 5 54 0
FU 5 57 0
FU 5 58 0
FU 5 61 432
FU 5 65 119
FU 5 66 372
FU 5 67 0
FU 5 68 269
FU 5 69 0
FU 5 70 41
FU 5 71 0
FU 5 75 0
FU 5 76 0
FU 5 77 36
FU 6 1 0
FU 6 2 0
FU 6 5 0
FU 6 9 0
FU 6 10 0
FU 6 18 31
FU 6 20 0
FU 6 22 0
FU 6 24 0
FU 6 30 9
FU 6 34 17
FU 6 37 0
FU 6 39 0
FU 6 41 0
FU 6 45 0
FU 6 48 0
FU 6 51 8
FU 6 52 0
FU 6 54 0
FU 6 57 0
FU 6 61 0
FU 6 65 3
FU 6 66 0
FU 6 80 0
FU 8 5 0
FU 8 10 0
FU 8 12 0
FU 8 13 0
FU 8 20 0
FU 8 30 35
FU 8 32 67
FU 8 48 0
FU 8 52 0
FU 8 58 0
FU 8 64 0
FU 8 69 0
FU 8 70 53
FU 9 1 0
FU 9 2 0
FU 9 6 0
FU 9 8 19
FU 9 10 0
FU 9 13 0
FU 9 17 4
FU 9 18 26
FU 9 19 24
FU 9 20 0
FU 9 22 0
FU 9 23 0
FU 9 24 0
FU 9 25 0
FU 9 30 33
FU 9 32 68
FU 9 34 21
FU 9 36 0
FU 9 37 0
FU 9 38 0
FU 9 39 0
FU 9 40 44
FU 9 41 0
FU 9 42 0
FU 9 44 8
FU 9 45 0
FU 9 46 0
FU 9 47 41
FU 9 48 0
FU 9 51 42
FU 9 52 0
FU 9 54 0
FU 9 57 0
FU 9 58 0
FU 9 61 0
FU 9 64 0
FU 9 65 2
FU 9 66 0
FU 9 67 0
FU 9 68 0
FU 9 71 0
FU 9 75 0
FU 9 76 0
FU 9 77 103
FU 9 80 0
FU 10 1 0
FU 10 5 47
FU 10 6 310
FU 10 8 34
FU 10 9 0
FU 10 12 995
FU 10 13 0
FU 10 17 9
FU 10 20 0
FU 10 22 0
FU 10 24 0
FU 10 30 26
FU 10 32 77
FU 10 36 0
FU 10 37 0
FU 10 38 0
FU 10 40 49
FU 10 41 0
FU 10 44 24
FU 10 45 0
FU 10 47 7
FU 10 48 0
FU 10 51 7
FU 10 52 0
FU 10 54 0
FU 10 57 0
FU 10 58 0
FU 10 61 0
FU 10 64 154
FU 10 65 5
FU 10 66 0
FU 10 68 0
FU 10 69 997
FU 10 70 147
FU 10 75 500
FU 10 76 401
FU 10 80 988
FU 12 8 38
FU 12 10 0
FU 12 13 0
FU 12 17 6
FU 12 24 0
FU 12 36 0
FU 12 38 0
FU 12 40 49
FU 12 44 47
FU 12 47 28
FU 12 51 16
FU 12 53 0
FU 12 58 0
FU 12 64 0
FU 12 69 0
FU 12 70 60
FU 12 75 0
FU 12 76 0
FU 13 1 0
FU 13 3 0
FU 13 5 0
FU 13 8 18
FU 13 9 0
FU 13 10 0
FU 13 12 0
FU 13 17 8
FU 13 20 0
FU 13 22 0
FU 13 24 0
FU 13 32 37
FU 13 36 0
FU 13 37 0
FU 13 38 0
FU 13 40 72
FU 13 41 0
FU 13 44 16
FU 13 45 0
FU 13 47 42
FU 13 48 0
FU 13 51 6
FU 13 52 0
FU 13 53 0
FU 13 58 0
FU 13 61 0
FU 13 64 0
FU 13 66 0
FU 13 69 0
FU 13 71 0
FU 13 75 0
FU 13 76 0
FU 15 3 0
FU 15 4 0
FU 15 5 0
FU 15 16 61
FU 15 22 0
FU 15 25 0
FU 15 26 0
FU 15 28 0
FU 15 29 12
FU 15 33 0
FU 15 36 0
FU 15 43 86
FU 15 44 25
FU 15 45 0
FU 15 49 0
FU 15 51 9
FU 15 57 0
FU 15 62 0
FU 15 67 0
FU 15 71 0
FU 15 75 0
FU 15 78 29
FU 16 3 0
FU 16 4 0
FU 16 5 35
FU 16 18 34
FU 16 25 0
FU 16 26 0
FU 16 28 0
FU 16 29 12
FU 16 33 0
FU 16 44 39
FU 16 45 0
FU 16 49 0
FU 16 56 0
FU 16 62 0
FU 16 67 0
FU 16 71 0
FU 16 78 42
FU 16 79 0
FU 17 1 0
FU 17 8 11
FU 17 9 0
FU 17 10 0
FU 17 12 0
FU 17 13 0
FU 17 22 0
FU 17 24 0
FU 17 32 150
FU 17 36 0
FU 17 37 0
FU 17 38 0
FU 17 40 49
FU 17 41 0
FU 17 44 12
FU 17 47 63
FU 17 48 0
FU 17 51 3
FU 17 52 0
FU 17 53 0
FU 17 58 0
FU 17 64 0
FU 17 66 0
FU 17 69 0
FU 17 70 103
FU 17 75 0
FU 17 76 0
FU 18 2 0
FU 18 6 0
FU 18 16 26
FU 18 19 43
FU 18 20 0
FU 18 22 0
FU 18 23 0
FU 18 25 0
FU 18 26 0
FU 18 28 0
FU 18 29 9
FU 18 30 22
FU 18 33 89
FU 18 34 64
FU 18 35 0
FU 18 39 0
FU 18 41 317
FU 18 42 0
FU 18 46 0
FU 18 48 0
FU 18 49 14
FU 18 52 0
FU 18 54 0
FU 18 55 98
FU 18 56 67
FU 18 67 0
FU 18 68 0
FU 18 79 47
FU 18 80 0
FU 19 2 0
FU 19 5 0
FU 19 18 9
FU 19 20 0
FU 19 24 0
FU 19 30 15
FU 19 39 0
FU 19 45 0
FU 19 48 0
FU 19 52 0
FU 19 54 0
FU 20 1 0
FU 20 2 0
FU 20 5 0
FU 20 6 0
FU 20 8 25
FU 20 9 0
FU 20 10 0
FU 20 13 997
FU 20 18 3
FU 20 19 43
FU 20 22 0
FU 20 23 0
FU 20 24 0
FU 20 30 27
FU 20 34 73
FU 20 37 0
FU 20 39 0
FU 20 41 0
FU 20 42 0
FU 20 45 0
FU 20 46 0
FU 20 48 0
FU 20 51 16
FU 20 52 0
FU 20 54 0
FU 20 57 0
FU 20 61 0
FU 20 64 0
FU 20 65 3
FU 20 66 0
FU 20 68 0
FU 20 77 20
FU 20 80 0
FU 22 1 0
FU 22 2 257
FU 22 5 46
FU 22 6 169
FU 22 8 26
FU 22 9 0
FU 22 10 0
FU 22 13 0
FU 22 15 0
FU 22 17 7
FU 22 18 7
FU 22 19 48
FU 22 20 1
FU 22 23 253
FU 22 24 368
FU 22 28 0
FU 22 29 29
FU 22 30 15
FU 22 33 0
FU 22 36 0
FU 22 39 344
FU 22 41 364
FU 22 42 0
FU 22 44 21
FU 22 45 0
FU 22 46 0
FU 22 48 313
FU 22 49 2
FU 22 51 14
FU 22 52 138
FU 22 54 0
FU 22 57 0
FU 22 58 0
FU 22 61 218
FU 22 64 141
FU 22 65 75
FU 22 66 0
FU 22 67 88
FU 22 68 362
FU 22 71 112
FU 22 75 0
FU 22 76 319
FU 22 77 17
FU 22 80 0
FU 23 1 0
FU 23 2 107
FU 23 5 21
FU 23 9 0
FU 23 18 26
FU 23 20 0
FU 23 22 0
FU 23 24 293
FU 23 30 17
FU 23 34 31
FU 23 37 0
FU 23 39 306
FU 23 41 0
FU 23 45 0
FU 23 48 0
FU 23 51 15
FU 23 52 0
FU 23 54 0
FU 23 57 0
FU 23 61 0
FU 23 65 1
FU 23 66 0
FU 23 80 0
FU 24 1 0
FU 24 2 0
FU 24 6 0
FU 24 8 17
FU 24 9 0
FU 24 10 0
FU 24 12 0
FU 24 13 0
FU 24 17 4
FU 24 19 38
FU 24 20 0
FU 24 22 0
FU 24 23 0
FU 24 30 22
FU 24 32 46
FU 24 34 56
FU 24 36 0
FU 24 37 0
FU 24 38 0
FU 24 39 0
FU 24 40 21
FU 24 41 0
FU 24 42 0
FU 24 46 0
FU 24 47 1
FU 24 48 0
FU 24 51 9
FU 24 53 0
FU 24 54 0
FU 24 58 0
FU 24 61 0
FU 24 64 0
FU 24 65 4
FU 24 66 0
FU 24 68 0
FU 24 69 0
FU 24 75 0
FU 24 76 0
FU 24 77 62
FU 24 80 0
FU 25 5 66
FU 25 9 998
FU 25 16 45
FU 25 18 33
FU 25 26 38
FU 25 28 0
FU 25 29 17
FU 25 33 49
FU 25 35 0
FU 25 49 7
FU 25 55 76
FU 25 56 35
FU 25 71 245
FU 25 72 79
FU 25 78 26
FU 25 79 66
FU 26 1 42
FU 26 3 290
FU 26 4 0
FU 26 5 0
FU 26 15 0
FU 26 16 26
FU 26 18 23
FU 26 25 0
FU 26 27 0
FU 26 28 0
FU 26 29 2
FU 26 33 0
FU 26 35 0
FU 26 43 13
FU 26 44 70
FU 26 45 0
FU 26 49 0
FU 26 51 57
FU 26 55 24
FU 26 56 0
FU 26 62 0
FU 26 67 0
FU 26 71 0
FU 26 78 41
FU 26 79 0
FU 27 4 106
FU 27 26 63
FU 27 28 0
FU 27 29 21
FU 27 33 58
FU 27 35 0
FU 27 43 20
FU 27 49 3
FU 27 55 42
FU 27 56 85
FU 27 62 73
FU 27 67 0
FU 27 72 46
FU 27 78 9
FU 27 79 30
FU 28 4 42
FU 28 5 31
FU 28 15 0
FU 28 16 49
FU 28 18 15
FU 28 22 0
FU 28 25 0
FU 28 26 45
FU 28 27 32
FU 28 29 18
FU 28 33 23
FU 28 35 0
FU 28 36 998
FU 28 43 41
FU 28 45 0
FU 28 49 22
FU 28 52 119
FU 28 55 27
FU 28 56 53
FU 28 62 44
FU 28 67 0
FU 28 71 98
FU 28 72 0
FU 28 75 0
FU 28 78 11
FU 28 79 29
FU 29 1 147
FU 29 4 31
FU 29 5 76
FU 29 16 43
FU 29 18 20
FU 29 22 126
FU 29 25 0
FU 29 26 64
FU 29 27 72
FU 29 28 1
FU 29 33 76
FU 29 35 0
FU 29 43 52
FU 29 44 51
FU 29 45 234
FU 29 49 70
FU 29 51 69
FU 29 52 171
FU 29 55 29
FU 29 56 34
FU 29 62 34
FU 29 67 81
FU 29 71 144
FU 29 72 70
FU 29 78 16
FU 29 79 56
FU 30 2 0
FU 30 5 0
FU 30 6 0
FU 30 8 27
FU 30 10 0
FU 30 18 35
FU 30 19 42
FU 30 20 0
FU 30 22 0
FU 30 23 0
FU 30 24 0
FU 30 37 0
FU 30 39 0
FU 30 41 0
FU 30 42 0
FU 30 45 0
FU 30 46 0
FU 30 48 0
FU 30 52 0
FU 30 54 0
FU 30 57 0
FU 30 68 0
FU 30 77 47
FU 30 80 0
FU 32 48 1
FU 33 1 0
FU 33 4 0
FU 33 5 0
FU 33 15 0
FU 33 16 32
FU 33 18 26
FU 33 22 0
FU 33 25 0
FU 33 26 0
FU 33 27 0
FU 33 28 0
FU 33 29 22
FU 33 35 0
FU 33 43 16
FU 33 44 96
FU 33 45 0
FU 33 49 21
FU 33 51 32
FU 33 52 0
FU 33 55 24
FU 33 56 56
FU 33 62 24
FU 33 67 0
FU 33 71 0
FU 33 78 15
FU 33 79 41
FU 34 18 7
FU 35 1 249
FU 35 2 482
FU 35 4 396
FU 35 5 503
FU 35 18 382
FU 35 25 997
FU 35 26 437
FU 35 27 376
FU 35 28 997
FU 35 29 486
FU 35 33 361
FU 35 43 467
FU 35 45 403
FU 35 49 498
FU 35 52 438
FU 35 54 998
FU 35 55 350
FU 35 56 339
FU 35 57 997
FU 35 65 241
FU 35 67 386
FU 35 72 467
FU 35 78 496
FU 35 79 380
FU 35 0 1000
FU 36 1 0
FU 36 5 0
FU 36 8 17
FU 36 9 0
FU 36 10 0
FU 36 12 0
FU 36 13 0
FU 36 15 0
FU 36 17 7
FU 36 22 0
FU 36 24 0
FU 36 28 0
FU 36 37 0
FU 36 41 0
FU 36 44 12
FU 36 45 0
FU 36 48 0
FU 36 51 13
FU 36 52 0
FU 36 58 0
FU 36 64 1
FU 36 66 0
FU 36 69 0
FU 36 70 61
FU 36 71 0
FU 36 75 0
FU 36 76 0
FU 37 1 0
FU 37 6 0
FU 37 8 44
FU 37 9 0
FU 37 10 0
FU 37 13 0
FU 37 17 3
FU 37 19 53
FU 37 20 0
FU 37 23 0
FU 37 24 0
FU 37 30 30
FU 37 32 48
FU 37 34 66
FU 37 36 0
FU 37 38 0
FU 37 39 0
FU 37 40 33
FU 37 41 0
FU 37 42 0
FU 37 46 0
FU 37 47 11
FU 37 48 0
FU 37 51 22
FU 37 52 0
FU 37 54 0
FU 37 57 0
FU 37 58 0
FU 37 61 0
FU 37 64 0
FU 37 65 3
FU 37 66 0
FU 37 68 0
FU 37 75 490
FU 37 76 0
FU 37 77 18
FU 37 80 0
FU 38 8 36
FU 38 9 0
FU 38 10 0
FU 38 12 0
FU 38 13 0
FU 38 17 8
FU 38 24 0
FU 38 32 35
FU 38 34 42
FU 38 37 0
FU 38 40 88
FU 38 41 0
FU 38 47 7
FU 38 48 1
FU 38 53 0
FU 38 58 0
FU 38 61 0
FU 38 64 2
FU 38 80 0
FU 39 1 0
FU 39 2 0
FU 39 6 0
FU 39 9 0
FU 39 18 19
FU 39 19 33
FU 39 20 0
FU 39 22 0
FU 39 23 0
FU 39 24 0
FU 39 30 18
FU 39 34 38
FU 39 37 0
FU 39 41 0
FU 39 42 0
FU 39 45 0
FU 39 46 0
FU 39 48 0
FU 39 51 7
FU 39 52 0
FU 39 54 0
FU 39 57 0
FU 39 61 0
FU 39 65 3
FU 39 66 0
FU 39 68 0
FU 39 77 33
FU 39 80 0
FU 40 75 1
FU 41 1 0
FU 41 2 0
FU 41 6 0
FU 41 8 30
FU 41 9 0
FU 41 10 0
FU 41 13 0
FU 41 17 2
FU 41 18 10
FU 41 19 15
FU 41 20 0
FU 41 22 0
FU 41 23 0
FU 41 24 0
FU 41 30 12
FU 41 32 70
FU 41 34 22
FU 41 36 0
FU 41 37 0
FU 41 38 0
FU 41 39 0
FU 41 40 20
FU 41 42 0
FU 41 44 16
FU 41 46 0
FU 41 47 4
FU 41 48 0
FU 41 51 19
FU 41 52 0
FU 41 54 0
FU 41 57 0
FU 41 58 0
FU 41 61 0
FU 41 64 0
FU 41 65 5
FU 41 66 0
FU 41 68 0
FU 41 75 0
FU 41 76 0
FU 41 77 18
FU 41 80 0
FU 42 1 0
FU 42 2 0
FU 42 9 0
FU 42 18 5
FU 42 20 0
FU 42 22 0
FU 42 24 0
FU 42 30 12
FU 42 34 43
FU 42 37 0
FU 42 39 0
FU 42 41 0
FU 42 45 0
FU 42 48 0
FU 42 52 0
FU 42 54 0
FU 42 57 0
FU 42 61 0
FU 42 65 4
FU 42 66 0
FU 42 80 0
FU 43 4 87
FU 43 15 426
FU 43 26 0
FU 43 27 0
FU 43 29 22
FU 43 33 0
FU 43 35 0
FU 43 49 0
FU 43 55 18
FU 43 56 0
FU 43 62 61
FU 43 72 0
FU 43 78 58
FU 43 79 0
FU 44 1 0
FU 44 5 0
FU 44 8 16
FU 44 10 0
FU 44 12 0
FU 44 13 0
FU 44 16 64
FU 44 22 0
FU 44 26 37
FU 44 29 33
FU 44 33 33
FU 44 41 0
FU 44 45 0
FU 44 48 0
FU 44 52 0
FU 44 58 0
FU 44 64 1
FU 44 66 0
FU 44 67 104
FU 44 69 0
FU 44 70 35
FU 44 71 0
FU 44 75 1
FU 44 76 0
FU 45 1 0
FU 45 2 0
FU 45 3 0
FU 45 5 0
FU 45 6 0
FU 45 9 0
FU 45 10 0
FU 45 13 0
FU 45 15 0
FU 45 16 42
FU 45 18 18
FU 45 19 49
FU 45 20 0
FU 45 22 0
FU 45 23 0
FU 45 25 0
FU 45 26 0
FU 45 28 0
FU 45 29 9
FU 45 30 25
FU 45 33 0
FU 45 35 0
FU 45 36 0
FU 45 39 0
FU 45 42 0
FU 45 44 12
FU 45 46 0
FU 45 48 0
FU 45 49 13
FU 45 51 54
FU 45 52 0
FU 45 54 0
FU 45 57 0
FU 45 58 0
FU 45 64 0
FU 45 65 106
FU 45 66 0
FU 45 67 0
FU 45 68 0
FU 45 71 0
FU 45 75 0
FU 45 76 0
FU 45 77 25
FU 46 1 0
FU 46 2 0
FU 46 9 0
FU 46 18 23
FU 46 20 0
FU 46 22 0
FU 46 24 0
FU 46 30 25
FU 46 34 28
FU 46 37 0
FU 46 39 0
FU 46 41 0
FU 46 45 0
FU 46 48 0
FU 46 52 0
FU 46 54 0
FU 46 57 0
FU 46 61 0
FU 46 65 1
FU 46 66 0
FU 46 80 0
FU 47 48 107
FU 47 64 132
FU 47 66 135
FU 48 1 0
FU 48 2 0
FU 48 5 0
FU 48 6 0
FU 48 8 45
FU 48 9 0
FU 48 10 0
FU 48 13 0
FU 48 17 2
FU 48 18 6
FU 48 19 29
FU 48 20 0
FU 48 22 0
FU 48 23 0
FU 48 24 0
FU 48 30 25
FU 48 32 59
FU 48 34 32
FU 48 36 0
FU 48 37 0
FU 48 38 0
FU 48 39 0
FU 48 40 70
FU 48 41 0
FU 48 42 0
FU 48 44 24
FU 48 45 0
FU 48 46 0
FU 48 47 2
FU 48 51 15
FU 48 52 0
FU 48 54 0
FU 48 57 0
FU 48 58 0
FU 48 61 0
FU 48 64 0
FU 48 65 6
FU 48 66 0
FU 48 68 0
FU 48 75 0
FU 48 76 0
FU 48 77 74
FU 48 80 0
FU 49 1 212
FU 49 4 105
FU 49 5 113
FU 49 15 108
FU 49 16 35
FU 49 18 2
FU 49 22 494
FU 49 25 0
FU 49 26 33
FU 49 27 110
FU 49 28 0
FU 49 29 6
FU 49 33 41
FU 49 35 0
FU 49 43 47
FU 49 45 155
FU 49 55 6
FU 49 56 87
FU 49 62 39
FU 49 67 74
FU 49 71 145
FU 49 72 94
FU 49 78 37
FU 49 79 81
FU 51 1 0
FU 51 2 0
FU 51 5 0
FU 51 10 0
FU 51 12 0
FU 51 15 0
FU 51 20 0
FU 51 22 0
FU 51 23 0
FU 51 24 0
FU 51 26 20
FU 51 29 14
FU 51 30 23
FU 51 33 0
FU 51 39 0
FU 51 41 0
FU 51 44 23
FU 51 45 0
FU 51 52 0
FU 51 54 0
FU 51 57 0
FU 51 58 0
FU 51 61 0
FU 51 64 13
FU 51 65 62
FU 51 66 0
FU 51 67 93
FU 51 68 0
FU 51 69 0
FU 51 71 0
FU 51 75 0
FU 51 76 0
FU 51 77 54
FU 51 80 0
FU 52 1 0
FU 52 2 0
FU 52 5 0
FU 52 6 0
FU 52 8 44
FU 52 9 0
FU 52 10 0
FU 52 13 0
FU 52 17 266
FU 52 18 6
FU 52 19 22
FU 52 20 0
FU 52 22 0
FU 52 23 0
FU 52 28 0
FU 52 29 9
FU 52 30 24
FU 52 33 0
FU 52 34 42
FU 52 35 0
FU 52 36 0
FU 52 37 0
FU 52 39 0
FU 52 41 0
FU 52 42 0
FU 52 44 25
FU 52 45 0
FU 52 46 0
FU 52 48 0
FU 52 51 11
FU 52 54 0
FU 52 57 0
FU 52 61 0
FU 52 65 107
FU 52 66 0
FU 52 68 0
FU 52 75 0
FU 52 76 0
FU 52 77 41
FU 52 80 0
FU 53 8 20
FU 53 12 0
FU 53 13 0
FU 53 17 6
FU 53 24 0
FU 53 32 73
FU 53 38 0
FU 53 40 96
FU 53 58 0
FU 53 70 49
FU 54 2 152
FU 54 5 29
FU 54 6 312
FU 54 10 998
FU 54 18 24
FU 54 19 14
FU 54 20 534
FU 54 22 154
FU 54 23 249
FU 54 24 324
FU 54 30 27
FU 54 34 28
FU 54 35 0
FU 54 37 542
FU 54 39 341
FU 54 41 304
FU 54 42 818
FU 54 45 119
FU 54 46 828
FU 54 48 315
FU 54 52 131
FU 54 57 0
FU 54 61 240
FU 54 68 360
FU 54 77 22
FU 54 80 0
FU 55 4 64
FU 55 18 19
FU 55 25 0
FU 55 26 14
FU 55 27 47
FU 55 28 0
FU 55 29 10
FU 55 33 33
FU 55 35 0
FU 55 43 42
FU 55 49 63
FU 55 56 47
FU 55 62 76
FU 55 67 0
FU 55 72 61
FU 55 78 22
FU 55 79 52
FU 56 4 51
FU 56 16 57
FU 56 18 15
FU 56 25 0
FU 56 26 36
FU 56 27 68
FU 56 28 0
FU 56 29 23
FU 56 33 48
FU 56 35 0
FU 56 43 33
FU 56 49 19
FU 56 55 29
FU 56 62 86
FU 56 67 0
FU 56 72 39
FU 56 78 18
FU 56 79 25
FU 57 1 0
FU 57 2 0
FU 57 5 0
FU 57 6 0
FU 57 9 0
FU 57 10 0
FU 57 15 0
FU 57 18 16
FU 57 19 45
FU 57 20 0
FU 57 22 0
FU 57 23 0
FU 57 30 22
FU 57 34 53
FU 57 35 0
FU 57 37 447
FU 57 39 0
FU 57 41 0
FU 57 42 0
FU 57 45 0
FU 57 46 0
FU 57 48 0
FU 57 51 20
FU 57 52 0
FU 57 54 0
FU 57 58 996
FU 57 61 0
FU 57 64 168
FU 57 65 68
FU 57 66 0
FU 57 68 0
FU 57 76 269
FU 57 77 37
FU 57 80 0
FU 58 1 3
FU 58 5 31
FU 58 8 32
FU 58 10 0
FU 58 12 0
FU 58 13 0
FU 58 22 102
FU 58 38 0
FU 58 40 57
FU 58 45 82
FU 58 53 997
FU 58 57 1
FU 58 64 2
FU 58 66 454
FU 58 69 0
FU 58 70 51
FU 61 1 0
FU 61 2 0
FU 61 5 0
FU 61 6 0
FU 61 8 55
FU 61 9 0
FU 61 10 0
FU 61 13 0
FU 61 18 6
FU 61 19 31
FU 61 20 0
FU 61 22 0
FU 61 23 0
FU 61 24 0
FU 61 30 17
FU 61 32 65
FU 61 34 38
FU 61 37 0
FU 61 38 0
FU 61 39 0
FU 61 40 60
FU 61 41 0
FU 61 42 0
FU 61 46 0
FU 61 47 21
FU 61 48 0
FU 61 51 4
FU 61 52 0
FU 61 54 0
FU 61 57 0
FU 61 64 264
FU 61 65 4
FU 61 66 0
FU 61 68 0
FU 61 77 29
FU 61 80 0
FU 62 3 312
FU 62 4 39
FU 62 15 0
FU 62 16 49
FU 62 25 0
FU 62 26 74
FU 62 27 33
FU 62 28 0
FU 62 29 35
FU 62 33 50
FU 62 43 30
FU 62 49 35
FU 62 55 47
FU 62 56 53
FU 62 67 94
FU 62 71 129
FU 62 72 60
FU 64 1 0
FU 64 8 5
FU 64 9 0
FU 64 10 0
FU 64 12 0
FU 64 13 0
FU 64 17 7
FU 64 20 0
FU 64 22 0
FU 64 24 0
FU 64 32 92
FU 64 36 0
FU 64 37 0
FU 64 38 0
FU 64 40 36
FU 64 41 0
FU 64 44 17
FU 64 45 0
FU 64 47 186
FU 64 48 0
FU 64 51 14
FU 64 57 0
FU 64 58 0
FU 64 61 88
FU 64 66 0
FU 64 69 0
FU 64 70 56
FU 64 75 0
FU 64 76 0
FU 65 1 0
FU 65 2 0
FU 65 5 0
FU 65 6 0
FU 65 9 0
FU 65 10 0
FU 65 18 10
FU 65 19 58
FU 65 20 0
FU 65 22 0
FU 65 23 0
FU 65 24 0
FU 65 30 12
FU 65 34 13
FU 65 35 0
FU 65 37 0
FU 65 39 0
FU 65 41 0
FU 65 42 0
FU 65 45 0
FU 65 46 0
FU 65 48 0
FU 65 51 29
FU 65 52 0
FU 65 54 0
FU 65 57 0
FU 65 61 0
FU 65 66 0
FU 65 68 0
FU 65 77 11
FU 65 80 0
FU 66 1 0
FU 66 2 0
FU 66 5 0
FU 66 6 0
FU 66 8 28
FU 66 9 0
FU 66 10 0
FU 66 13 0
FU 66 17 7
FU 66 18 4
FU 66 19 70
FU 66 20 0
FU 66 22 0
FU 66 23 0
FU 66 24 0
FU 66 30 26
FU 66 34 35
FU 66 36 0
FU 66 37 0
FU 66 39 0
FU 66 40 44
FU 66 41 0
FU 66 42 0
FU 66 44 35
FU 66 45 0
FU 66 46 0
FU 66 47 332
FU 66 48 0
FU 66 51 16
FU 66 52 0
FU 66 54 0
FU 66 57 0
FU 66 58 0
FU 66 61 0
FU 66 64 0
FU 66 65 6
FU 66 68 0
FU 66 75 0
FU 66 76 0
FU 66 77 33
FU 66 80 0
FU 67 1 308
FU 67 4 0
FU 67 5 0
FU 67 9 0
FU 67 15 0
FU 67 16 18
FU 67 18 14
FU 67 22 111
FU 67 25 0
FU 67 26 0
FU 67 27 0
FU 67 28 0
FU 67 29 13
FU 67 33 0
FU 67 35 0
FU 67 43 51
FU 67 44 51
FU 67 45 0
FU 67 49 0
FU 67 51 5
FU 67 55 23
FU 67 56 0
FU 67 62 0
FU 67 71 0
FU 67 78 32
FU 67 79 0
FU 68 1 0
FU 68 2 0
FU 68 5 0
FU 68 9 0
FU 68 10 0
FU 68 18 27
FU 68 20 0
FU 68 22 0
FU 68 24 0
FU 68 30 28
FU 68 34 66
FU 68 37 0
FU 68 39 0
FU 68 41 0
FU 68 45 0
FU 68 48 0
FU 68 51 10
FU 68 52 0
FU 68 54 0
FU 68 57 0
FU 68 61 0
FU 68 65 2
FU 68 66 0
FU 68 80 0
FU 69 5 0
FU 69 8 29
FU 69 10 0
FU 69 12 0
FU 69 13 0
FU 69 17 8
FU 69 24 0
FU 69 36 0
FU 69 44 24
FU 69 51 27
FU 69 58 0
FU 69 64 0
FU 69 70 38
FU 69 71 0
FU 69 75 0
FU 69 76 0
FU 70 5 0
FU 70 8 75
FU 71 1 0
FU 71 3 0
FU 71 4 0
FU 71 5 0
FU 71 9 0
FU 71 13 0
FU 71 15 0
FU 71 16 30
FU 71 22 0
FU 71 25 0
FU 71 26 0
FU 71 28 0
FU 71 29 11
FU 71 33 0
FU 71 36 0
FU 71 44 50
FU 71 45 0
FU 71 49 0
FU 71 51 24
FU 71 62 0
FU 71 67 0
FU 71 69 0
FU 71 75 0
FU 72 4 60
FU 72 25 0
FU 72 27 56
FU 72 28 0
FU 72 29 27
FU 72 35 0
FU 72 43 19
FU 72 49 86
FU 72 55 12
FU 72 56 60
FU 72 62 453
FU 72 78 11
FU 72 79 78
FU 75 1 0
FU 75 5 0
FU 75 8 23
FU 75 9 0
FU 75 10 0
FU 75 12 0
FU 75 13 0
FU 75 15 0
FU 75 17 8
FU 75 22 0
FU 75 24 0
FU 75 28 0
FU 75 36 0
FU 75 37 0
FU 75 40 49
FU 75 41 0
FU 75 44 16
FU 75 45 0
FU 75 48 0
FU 75 51 14
FU 75 52 0
FU 75 58 0
FU 75 64 0
FU 75 66 0
FU 75 69 0
FU 75 70 65
FU 75 71 0
FU 75 76 0
FU 76 1 0
FU 76 5 0
FU 76 9 0
FU 76 10 0
FU 76 12 0
FU 76 13 0
FU 76 17 8
FU 76 22 0
FU 76 24 0
FU 76 36 0
FU 76 37 0
FU 76 41 0
FU 76 44 30
FU 76 45 0
FU 76 48 0
FU 76 51 19
FU 76 52 0
FU 76 57 0
FU 76 58 0
FU 76 64 0
FU 76 66 0
FU 76 69 0
FU 76 70 116
FU 76 75 0
FU 77 2 0
FU 77 5 0
FU 77 20 0
FU 77 22 0
FU 77 24 0
FU 77 30 50
FU 77 39 0
FU 77 45 0
FU 77 48 2
FU 77 52 0
FU 77 54 0
FU 77 57 0
FU 77 80 0
FU 78 15 458
FU 78 25 0
FU 78 26 50
FU 78 27 38
FU 78 28 0
FU 78 29 21
FU 78 33 64
FU 78 35 0
FU 78 49 15
FU 78 55 26
FU 78 56 12
FU 78 79 48
FU 79 4 17
FU 79 16 134
FU 79 18 10
FU 79 25 0
FU 79 26 47
FU 79 27 57
FU 79 28 0
FU 79 29 3
FU 79 33 73
FU 79 35 0
FU 79 43 22
FU 79 49 45
FU 79 55 42
FU 79 56 33
FU 79 67 0
FU 79 72 82
FU 79 78 6
FU 80 1 0
FU 80 2 0
FU 80 6 0
FU 80 9 0
FU 80 10 0
FU 80 18 20
FU 80 19 39
FU 80 20 0
FU 80 22 0
FU 80 23 0
FU 80 24 0
FU 80 30 20
FU 80 32 47
FU 80 34 15
FU 80 37 1
FU 80 38 992
FU 80 39 0
FU 80 40 107
FU 80 41 0
FU 80 42 0
FU 80 46 0
FU 80 47 44
FU 80 48 0
FU 80 51 23
FU 80 52 0
FU 80 54 0
FU 80 57 0
FU 80 61 3
FU 80 65 2
FU 80 66 0
FU 80 68 0
FU 80 77 18
